2,3,4,5,6,8,11,13,
14,15,17,19,20,26,27,29,
30,32,33,34,37,39,40,41,
42,43,46,47,48,49,51,52,
53,54,55,57,58,59,60,63,
64,66,70,71,73,74,76,77,
78,79,80,81,82,84,86,87,
88,90,91,93,94,95,96,97,
98,99,100,101,102,103,104,105,
109,110,111,115,117,120,122,124,
125,126,128,129,130,131,132,135,
136,139,140,141,142,143,146,148,
149,150,151,152,153,156,157,159,
160,162,164,165,167,168,169,171,
173,174,175,177,180,182,183,187,
189,190,196,197,198,199,200,201,
202,204,206,207,208,209,210,212,
213,214,215,216,218,219,222,223,
224,225,226,227,229,230,231,232,
233,235,236,237,238,239,240,241,
242,243,247,248,249,250,251,252,
253,254,255,256,257,261,263,264,
266,267,268,270,272,273,275,276,
277,278,279,280,282,284,286,287,
290,292,293,294,295,299,301,302,
303,304,305,308,311,313,315,316,
317,319,321,323,324,325,326,327,
328,333,336,337,338,339,340,344,
346,347,348,349,351,352,355,356,
358,359,361,362,366,367,370,373,
375,376,377,378,379,381,382,385,
387,389,391,392,394,397,398,400,
401,404,407,408,409,410,411,413,
414,415,416,417,422,423,424,425,
426,427,428,430,431,433,434,436,
437,438,439,440,441,442,447,448,
449,450,454,455,456,458,459,460,
461,463,464,468,471,472,473,474,
475,477,479,480,483,484,485,487,
488,491,492,493,495,496,497,499,
500,501,503,504,505,506,507,509,
510,511,512,513,514,516,517,518,
520,522,525,526,528,529,531,532,
534,535,537,538,539,540,541,542,
543,544,548,550,551,552,553,555,
556,559,561,562,563,565,566,569,
570,574,575,576,577,578,580,581,
582,583,584,585,590,595,596,598,
601,602,603,604,605,607,608,609,
610,614,616,618,620,622,623,624,
625,628,630,632,634,635,636,637,
639,641,646,648,649,650,651,652,
653,654,658,660,661,662,664,665,
666,667,668,673,674,675,676,678,
679,680,682,687,689,691,692,694,
695,698,699,700,701,703,704,705,
706,707,709,711,712,713,714,715,
716,719,722,723,724,725,726,728,
729,730,734,735,736,738,739,741,
744,745,748,749,751,752,754,755,
757,758,761,764,766,767,770,771,
772,775,776,778,780,781,782,785,
786,788,789,791,794,795,797,798,
799,800,801,802,803,804,808,811,
813,814,815,817,818,819,820,823,
830,831,832,835,836,837,838,839,
840,841,843,844,848,849,850,852,
856,857,860,861,864,865,867,868,
869,872,873,874,875,876,877,878,
882,886,894,895,896,898,899,900,
902,906,907,910,912,913,914,916,
917,919,921,924,925,927,928,929,
930,933,934,935,936,938,941,942,
943,947,949,950,953,954,955,956,
957,958,959,960,964,965,966,967,
968,970,977,980,981,982,983,987,
988,990,991,992,993,994,995,996,
999,1000,1001,1003,1004,1006,1007,1009,
1012,1013,1018,1019,1020,1021,1022,1024,
1026,1033,1034,1035,1037,1038,1040,1042,
1044,1045,1049,1050,1054,1055,1056,1058,
1059,1063,1066,1069,1070,1071,1072,1073,
1074,1076,1077,1078,1079,1080,1081,1082,
1084,1086,1087,1088,1096,1100,1101,1102,
1103,1104,1105,1106,1107,1109,1114,1116,
1120,1122,1123,1124,1125,1126,1127,1128,
1129,1130,1131,1132,1135,1136,1137,1138,
1140,1145,1146,1148,1149,1151,1153,1155,
1160,1161,1166,1168,1169,1170,1172,1173,
1176,1177,1178,1179,1180,1181,1183,1184,
1185,1187,1188,1189,1190,1191,1192,1193,
1195,1196,1197,1198,1199,1200,1201,1202,
1203,1205,1207,1208,1209,1211,1212,1214,
1215,1218,1219,1220,1223,1224,1225,1226,
1228,1230,1232,1233,1234,1235,1236,1237,
1238,1239,1240,1242,1243,1247,1251,1254,
1259,1262,1263,1264,1267,1268,1277,1280,
1281,1291,1292,1294,1295,1296,1297,1298,
1300,1301,1303,1304,1305,1306,1307,1310,
1312,1317,1318,1319,1320,1328,1330,1331,
1332,1333,1336,1338,1339,1340,1341,1342,
1343,1344,1346,1348,1349,1350,1352,1354,
1355,1356,1358,1361,1365,1368,1369,1370,
1371,1373,1374,1375,1376,1379,1380,1381,
1382,1384,1386,1388,1389,1393,1394,1395,
1396,1398,1399,1400,1401,1403,1404,1409,
1411,1412,1414,1415,1416,1417,1419,1421,
1422,1426,1427,1431,1432,1434,1435,1436,
1438,1442,1443,1444,1447,1448,1453,1454,
1455,1456,1457,1459,1460,1461,1462,1463,
1465,1466,1467,1469,1470,1474,1475,1476,
1477,1478,1479,1480,1481,1483,1484,1485,
1486,1487,1488,1489,1490,1491,1492,1493,
1494,1495,1497,1500,1501,1502,1503,1504,
1505,1506,1507,1509,1511,1512,1513,1514,
1517,1519,1520,1522,1523,1526,1529,1531,
1535,1536,1538,1539,1540,1541,1545,1546,
1548,1550,1552,1553,1554,1556,1559,1560,
1561,1562,1564,1566,1568,1571,1573,1575,
1576,1577,1578,1579,1581,1582,1583,1584,
1585,1586,1587,1589,1593,1594,1595,1600,
1601,1602,1603,1605,1607,1608,1609,1610,
1612,1613,1614,1615,1616,1617,1620,1621,
1623,1624,1625,1627,1628,1632,1633,1634,
1635,1637,1638,1639,1641,1643,1644,1645,
1646,1647,1648,1649,1650,1652,1653,1656,
1659,1660,1661,1663,1664,1665,1666,1668,
1670,1672,1674,1675,1676,1677,1678,1679,
1680,1681,1682,1683,1685,1686,1687,1688,
1690,1692,1693,1694,1695,1697,1699,1701,
1702,1704,1705,1707,1708,1710,1712,1715,
1717,1718,1721,1722,1724,1726,1728,1729,
1730,1731,1732,1734,1736,1738,1739,1740,
1741,1743,1745,1746,1747,1748,1753,1754,
1755,1756,1758,1759,1762,1763,1765,1766,
1767,1768,1769,1770,1771,1772,1774,1775,
1777,1779,1780,1781,1782,1784,1785,1786,
1790,1792,1794,1795,1796,1798,1801,1802,
1803,1804,1805,1807,1809,1810,1811,1814,
1815,1816,1819,1820,1821,1823,1825,1827,
1831,1832,1836,1838,1839,1841,1842,1843,
1844,1845,1847,1848,1849,1852,1853,1855,
1858,1862,1863,1864,1865,1866,1867,1868,
1869,1870,1871,1872,1875,1883,1885,1886,
1887,1888,1889,1890,1892,1893,1896,1897,
1898,1899,1900,1901,1902,1903,1904,1905,
1908,1909,1912,1913,1914,1915,1917,1918,
1919,1925,1926,1928,1929,1930,1931,1933,
1935,1939,1942,1943,1945,1947,1948,1949,
1950,1953,1954,1955,1956,1957,1958,1959,
1960,1962,1964,1965,1966,1967,1968,1969,
1970,1973,1975,1976,1977,1981,1984,1985,
1986,1988,1990,1991,1993,1995,1996,1998,
1999,2002,2003,2005,2007,2008,2009,2010,
2011,2012,2013,2014,2016,2017,2018,2019,
2020,2021,2022,2023,2025,2028,2030,2031,
2032,2033,2034,2035,2037,2038,2040,2041,
2042,2043,2045,2051,2052,2057,2058,2059,
2061,2063,2064,2065,2066,2067,2068,2069,
2070,2071,2072,2075,2076,2078,2080,2081,
2082,2083,2087,2088,2091,2092,2094,2097,
2098,2099,2100,2101,2102,2103,2104,2105,
2106,2107,2109,2110,2111,2112,2113,2115,
2116,2117,2118,2119,2120,2122,2124,2125,
2126,2127,2128,2129,2131,2133,2134,2135,
2137,2139,2143,2145,2146,2147,2148,2149,
2152,2153,2154,2155,2156,2161,2163,2164,
2165,2166,2168,2170,2171,2172,2173,2175,
2177,2178,2179,2181,2182,2184,2185,2186,
2187,2190,2192,2194,2195,2196,2200,2201,
2205,2207,2208,2210,2211,2212,2214,2215,
2219,2220,2223,2224,2225,2226,2227,2228,
2229,2231,2232,2234,2235,2236,2237,2239,
2240,2242,2243,2244,2246,2248,2249,2250,
2253,2254,2255,2256,2258,2259,2260,2261,
2262,2264,2265,2268,2269,2270,2271,2273,
2275,2277,2278,2279,2282,2286,2287,2288,
2293,2294,2295,2296,2297,2298,2300,2301,
2306,2307,2308,2309,2310,2311,2313,2314,
2316,2317,2318,2319,2320,2321,2323,2325,
2327,2329,2333,2340,2342,2343,2344,2347,
2348,2350,2351,2353,2354,2356,2357,2358,
2359,2361,2363,2365,2369,2371,2374,2375,
2376,2377,2378,2380,2381,2382,2383,2384,
2385,2386,2388,2389,2391,2392,2394,2395,
2396,2397,2398,2400,2402,2404,2405,2408,
2409,2410,2411,2412,2413,2414,2415,2417,
2418,2419,2420,2421,2422,2423,2425,2426,
2428,2429,2430,2432,2434,2435,2436,2437,
2438,2440,2441,2442,2443,2444,2445,2446,
2447,2448,2450,2451,2454,2455,2456,2458,
2459,2460,2461,2463,2464,2465,2466,2467,
2468,2473,2474,2481,2490,2494,2496,2497,
2499,2500,2501,2504,2505,2506,2507,2508,
2509,2511,2513,2518,2519,2520,2523,2524,
2526,2531,2532,2535,2536,2537,2540,2542,
2543,2545,2546,2547,2549,2551,2556,2560,
2561,2562,2563,2564,2567,2571,2572,2573,
2574,2576,2577,2578,2579,2582,2583,2584,
2585,2586,2587,2588,2589,2590,2591,2592,
2593,2594,2595,2596,2597,2598,2599,2601,
2602,2606,2611,2612,2613,2614,2617,2618,
2621,2623,2625,2626,2627,2630,2631,2633,
2635,2636,2637,2638,2639,2640,2641,2643,
2644,2645,2646,2648,2649,2651,2653,2656,
2657,2658,2660,2661,2662,2663,2664,2665,
2666,2667,2669,2670,2671,2672,2675,2676,
2677,2678,2680,2681,2682,2683,2684,2685,
2686,2687,2688,2689,2690,2691,2692,2693,
2694,2695,2696,2697,2698,2699,2701,2702,
2703,2704,2706,2709,2710,2711,2712,2713,
2717,2718,2720,2722,2724,2725,2727,2729,
2730,2731,2732,2733,2734,2735,2736,2740,
2741,2743,2746,2747,2748,2749,2751,2752,
2753,2754,2755,2756,2757,2759,2760,2761,
2763,2764,2765,2766,2767,2768,2769,2770,
2771,2773,2775,2776,2777,2778,2781,2782,
2783,2784,2785,2786,2788,2790,2792,2793,
2796,2797,2800,2801,2804,2805,2807,2808,
2810,2811,2812,2813,2814,2815,2816,2817,
2818,2819,2822,2824,2825,2827,2829,2830,
2832,2833,2834,2838,2839,2840,2841,2842,
2843,2844,2845,2846,2848,2849,2850,2851,
2852,2853,2854,2856,2857,2858,2859,2860,
2861,2863,2864,2865,2866,2867,2868,2869,
2870,2871,2872,2873,2874,2875,2876,2877,
2878,2879,2880,2881,2882,2883,2884,2885,
2886,2887,2888,2889,2890,2891,2893,2894,
2895,2897,2899,2900,2901,2902,2905,2906,
2907,2908,2909,2910,2911,2913,2914,2917,
2919,2921,2924,2925,2926,2927,2930,2931,
2933,2934,2935,2937,2938,2939,2944,2947,
2948,2949,2950,2952,2963,2965,2966,2968,
2970,2974,2975,2976,2978,2981,2983,2984,
2985,2988,2989,2990,2991,2993,2994,2996,
3000,3002,3003,3004,3005,3006,3007,3008,
3013,3014,3015,3016,3017,3019,3020,3021,
3022,3023,3024,3025,3028,3029,3032,3033,
3034,3035,3036,3041,3042,3043,3044,3045,
3047,3048,3049,3050,3051,3052,3053,3054,
3057,3061,3063,3064,3065,3067,3068,3069,
3072,3073,3074,3075,3077,3079,3080,3081,
3082,3084,3085,3087,3089,3090,3093,3094,
3095,3096,3099,3103,3104,3105,3106,3107,
3112,3114,3115,3116,3117,3118,3120,3122,
3123,3126,3127,3129,3132,3133,3134,3135,
3136,3137,3138,3139,3141,3142,3143,3144,
3145,3147,3149,3151,3153,3157,3158,3159,
3161,3165,3166,3167,3170,3171,3172,3174,
3175,3176,3177,3178,3179,3180,3182,3184,
3185,3186,3187,3189,3191,3193,3194,3195,
3197,3199,3200,3202,3203,3204,3205,3206,
3207,3209,3210,3211,3212,3214,3216,3217,
3219,3221,3223,3224,3228,3229,3230,3232,
3233,3235,3237,3238,3239,3240,3241,3242,
3243,3244,3246,3248,3249,3251,3253,3254,
3255,3256,3257,3259,3260,3263,3265,3267,
3268,3270,3271,3273,3276,3277,3278,3283,
3284,3286,3289,3291,3292,3293,3295,3298,
3302,3303,3304,3305,3307,3308,3309,3310,
3311,3312,3313,3315,3316,3317,3318,3319,
3321,3323,3324,3325,3327,3328,3329,3330,
3331,3332,3333,3334,3336,3337,3338,3339,
3340,3341,3343,3345,3346,3347,3348,3349,
3350,3351,3353,3354,3355,3356,3357,3358,
3359,3361,3365,3366,3369,3370,3371,3372,
3373,3375,3376,3377,3378,3380,3381,3382,
3383,3385,3386,3387,3388,3389,3392,3393,
3394,3395,3396,3397,3398,3402,3403,3404,
3406,3411,3412,3415,3418,3420,3421,3422,
3423,3425,3426,3428,3430,3431,3432,3434,
3435,3436,3437,3439,3441,3443,3444,3445,
3446,3447,3448,3450,3451,3453,3454,3455,
3457,3458,3459,3460,3461,3462,3465,3466,
3468,3471,3472,3473,3476,3478,3480,3481,
3482,3484,3485,3486,3487,3488,3489,3491,
3493,3494,3495,3496,3499,3500,3501,3502,
3505,3506,3507,3510,3511,3512,3513,3514,
3515,3516,3517,3518,3519,3520,3521,3522,
3523,3524,3525,3526,3527,3528,3529,3530,
3531,3532,3533,3534,3540,3542,3544,3546,
3548,3550,3553,3555,3556,3557,3558,3559,
3561,3564