9,17,19,20,27,33,36,45,
48,50,53,54,63,67,73,75,
76,78,80,81,85,86,87,90,
91,93,94,97,100,102,103,135,
138,158,162,167,168,170,177,187,
188,191,192,207,208,214,219,221,
224,225,226,228,230,232,233,238,
241,250,252,259,264,265,270,273,
274,278,282,283,287,289,293,294,
298,301,305,307,309,317,325,332,
344,350,357,358,359,360,361,362,
363,364,365,368,372,373,374,375,
377,379,380,382,384,385,387,388,
389,390,392,393,394,395,396,397,
398,399,401,402,403,404,405,407,
408,409,410,411,412,413,415,416,
417,420,426,427,429,430,431,436,
437,439,441,443,445,446,448,453,
456,457,459,461,463,464,465,466,
467,469,470,473,475,476,477,478,
479,480,481,482,483,484,486,488,
489,491,492,493,494,495,496,497,
498,499,500,501,502,503,504,505,
506,511,512,515,516,518,520,521,
522,523,524,526,528,529,530,533,
534,535,536,537,538,539,541,542,
543,544,545,546,548,549,554,555,
558,559,560,562,563,564,565,566,
567,568,569,570,571,572,573,574,
576,577,578,579,582,584,585,586,
587,588,592,593,595,597,599,601,
602,603,604,605,606,607,608,609,
610,611,614,616,618,620,621,624,
625,626,631,634,635,637,639,641,
642,643,645,646,647,648,650,651,
656,657,658,659,660,661,662,663,
665,666,668,669,670,671,673,674,
675,677,678,679,683,684,686,689,
690,692,693,694,695,696,697,698,
700,702,703,704,705,706,707,708,
710,713,717,721,722,723,726,727,
729,730,731,733,736,738,739,743,
744,745,746,747,750,751,753,754,
755,757,758,760,761,762,770,771,
772,773,775,776,777,778,780,782,
784,786,788,789,790,794,796,799,
800,801,806,807,811,813,815,818,
820,821,823,825,826,827,828,831,
832,834,835,839,846,848,854,855,
856,857,859,865,866,869,871,875,
876,877,878,879,880,881,882,883,
885,886,889,890,892,893,894,895,
896,901,905,906,910,912,938,939,
944,945,946,947,948,949,950,951,
961,964,965,968,969,970,971,972,
973,976,977,978,983,984,987,988,
989,992,994,995,997,999,1001,1002,
1003,1006,1011,1012,1014,1015,1021,1023,
1024,1025,1026,1027,1028,1029,1030,1033,
1034,1036,1038,1039,1041,1042,1043,1045,
1046,1047,1049,1052,1055,1056,1057,1059,
1062,1063,1064,1067,1069,1070,1072,1073,
1074,1075,1076,1078,1079,1081,1088,1089,
1092,1093,1094,1095,1096,1100,1102,1103,
1109,1112,1113,1117,1118,1119,1122,1124,
1126,1127,1130,1132,1133,1134,1135,1136,
1137,1138,1142,1143,1149,1150,1151,1152,
1153,1156,1159,1162,1163,1164,1165,1166,
1167,1168,1169,1170,1172,1173,1176,1177,
1178,1181,1182,1184,1188,1190,1191,1192,
1196,1197,1200,1201,1202,1207,1208,1209,
1221,1222,1226,1227,1228,1229,1230,1237,
1239,1240,1242,1244,1246,1249,1250,1253,
1255,1263,1266,1269,1271,1272,1276,1277,
1279,1280,1286,1287,1291,1293,1297,1298,
1299,1301,1308,1321,1324,1327,1334,1341,
1342,1348,1349,1350,1354,1357,1358,1359,
1364,1367,1368,1373,1376,1378,1385,1389,
1390,1391,1396,1398,1399,1400,1401,1403,
1404,1411,1413,1414,1417,1422,1425,1430,
1431,1432,1437,1438,1439,1444,1451,1453,
1456,1457,1458,1462,1464,1466,1467,1469,
1471,1482,1483,1485,1495,1501,1502,1508,
1510,1512,1514,1517,1524,1526,1533,1535,
1537,1538,1540,1541,1544,1545,1547,1549,
1550,1567,1569,1570,1571,1573,1582,1585,
1586,1587,1588,1590,1593,1594,1600,1608,
1609,1610,1613,1621,1624,1628,1631,1633,
1636,1639,1646,1647,1656,1664,1666,1674,
1677,1678,1679,1687,1688,1689,1695,1700,
1705,1709,1711,1720,1721,1725,1728,1736,
1737,1741,1742,1746,1748,1753,1754,1768,
1771,1777,1791,1792,1794,1796,1797,1798,
1799,1802,1804,1806,1809,1811,1813,1814,
1819,1821,1822,1824,1828,1832,1834,1837,
1838,1840,1844,1847,1849,1850,1854,1855,
1861,1862,1863,1864,1868,1870,1871,1876,
1877,1882,1889,1891,1892,1896,1898,1901,
1902,1903,1905,1906,1907,1908,1913,1916,
1917,1918,1920,1921,1925,1926,1927,1928,
1932,1936,1939,1941,1949,1950,1952,1954,
1955,1956,1963,1965,1966,1968,1974,1976,
1977,1978,1980,1982,1983,1984,1988,1989,
1991,1994,1998,1999,2001,2003,2004,2006,
2007,2009,2010,2012,2017,2019,2022,2023,
2024,2027,2028,2029,2031,2032,2033,2034,
2035,2036,2043,2045,2050,2051,2052,2053,
2054,2055,2058,2060,2063,2064,2065,2067,
2068,2069,2070,2071,2072,2074,2076,2077,
2078,2079,2080,2081,2083,2084,2085,2086,
2087,2088,2090,2092,2095,2096,2099,2101,
2102,2103,2105,2107,2109,2110,2113,2114,
2115,2116,2117,2120,2125,2126,2129,2130,
2131,2133,2136,2137,2138,2139,2143,2146,
2149,2150,2152,2153,2154,2157,2158,2160,
2162,2163,2164,2168,2170,2176,2179,2183,
2184,2187,2188,2189,2191,2192,2194,2198,
2201,2202,2203,2205,2209,2213,2215,2217,
2218,2219,2222,2225,2227,2232,2233,2234,
2235,2236,2237,2240,2241,2244,2247,2249,
2251,2252,2253,2255,2256,2259,2260,2262,
2269,2271,2273,2276,2281,2282,2283,2284,
2285,2287,2288,2290,2293,2295,2297,2298,
2311,2313,2315,2316,2318,2322,2323,2324,
2326,2327,2329,2331,2332,2333,2335,2336,
2337,2338,2339,2342,2344,2347,2348,2349,
2350,2351,2352,2353,2354,2355,2359,2360,
2361,2363,2364,2367,2370,2373,2375,2377,
2378,2382,2384,2386,2387,2390,2392,2394,
2396,2397,2401,2405,2406,2407,2408,2409,
2413,2414,2415,2416,2419,2420,2422,2425,
2427,2428,2429,2434,2435,2437,2439,2442,
2443,2444,2445,2447,2448,2449,2450,2451,
2452,2454,2459,2461,2462,2463,2464,2465,
2466,2467,2468,2471,2472,2473,2474,2475,
2476,2477,2481,2486,2487,2488,2489,2490,
2492,2493,2495,2496,2498,2501,2502,2503,
2505,2506,2507,2509,2511,2512,2515,2516,
2517,2518,2519,2522,2524,2526,2529,2530,
2531,2532,2533,2534,2535,2537,2538,2539,
2540,2541,2542,2543,2545,2549,2550,2551,
2554,2556,2557,2559,2560,2561,2565,2567,
2572,2574,2575,2577,2579,2582,2585,2587,
2588,2590,2591,2592,2593,2594,2595,2596,
2597,2599,2601,2602,2603,2604,2605,2607,
2608,2609,2610,2611,2612,2613,2615,2616,
2617,2618,2619,2621,2623,2625,2627,2628,
2629,2630,2631,2632,2633,2634,2635,2636,
2639,2640,2641,2643,2644,2645,2646,2648,
2650,2654,2655,2656,2657,2658,2660,2662,
2663,2664,2665,2666,2667,2668,2670,2672,
2674,2675,2676,2677,2678,2679,2680,2684,
2686,2687,2688,2689,2690,2692,2693,2695,
2696,2702,2705,2717,2722,2727,2731,2733,
2737,2738,2739,2740,2741,2748,2756,2757,
2759,2761,2763,2767,2769,2771,2781,2782,
2784,2786,2787,2788,2789,2790,2791,2796,
2798,2803,2808,2810,2812,2819,2821,2824,
2826,2827,2828,2831,2834,2836,2838,2839,
2842,2844,2846,2851,2852,2853,2854,2855,
2856,2860,2862,2863,2864,2865,2870,2873,
2875,2876,2877,2878,2879,2883,2885,2886,
2890,2891,2892,2896,2899,2900,2901,2902,
2906,2910,2911,2915,2916,2917,2918,2921,
2922,2926,2928,2930,2931,2932,2936,2937,
2942,2943,2944,2945,2946,2948,2954,2956,
2961,2963,2967,2969,2970,2971,2972,2973,
2974,2975,2976,2980,2984,2988,2991,2992,
2994,2995,2996,2998,2999,3000,3001,3002,
3005,3006,3007,3008,3016,3019,3020,3022,
3025,3027,3028,3032,3033,3034,3035,3038,
3039,3040,3041,3042,3049,3051,3054,3058,
3059,3060,3061,3062,3063,3064,3065,3066,
3067,3068,3069,3072,3074,3075,3077,3081,
3085,3086,3088,3090,3091,3092,3093,3095,
3097,3098,3100,3102,3103,3108,3109,3113,
3114,3115,3117,3118,3120,3121,3122,3123,
3124,3125,3126,3127,3128,3129,3131,3132,
3134,3135,3136,3137,3140,3141,3142,3143,
3144,3145,3146,3148,3149,3151,3152,3153,
3154,3155,3156,3158,3160,3161,3163,3164,
3166,3167,3168,3169,3170,3172,3174,3176,
3177,3179,3180,3182,3183,3184,3185,3186,
3189,3191,3192,3196,3197,3198,3200,3204,
3210,3211,3213,3215,3216,3218,3219,3222,
3223,3230,3231,3232,3233,3234,3237,3239,
3240,3241,3244,3247,3248,3251,3252,3253,
3254,3257,3258,3259,3260,3261,3263,3264,
3265,3267,3268,3269,3270,3271,3272,3273,
3274,3275,3276,3277,3278,3279,3284,3286,
3287,3289,3290,3291,3293,3295,3296,3297,
3298,3299,3302,3303,3304,3305,3308,3310,
3311,3312,3313,3315,3316,3317,3318,3321,
3327,3328,3329,3331,3333,3335,3338,3349,
3350,3351,3352,3353,3357,3359,3361,3363,
3365,3368,3373,3377,3381,3383,3384,3385,
3386,3387,3388,3391,3392,3393,3394,3395,
3396,3398,3401,3402,3403,3405,3406,3407,
3408,3410,3411,3412,3413,3414,3415,3416,
3417,3418,3419,3420,3421,3422,3423,3425,
3426,3427,3428,3429,3430,3431,3432,3433,
3434,3435,3436,3437,3438,3439,3442,3443,
3444,3445,3449,3451,3452,3454,3455,3456,
3457,3459,3460,3462,3463,3468,3471,3474,
3476,3477,3478,3479,3488,3490,3491,3492,
3493,3505,3508,3512,3513,3517,3518,3519,
3524,3536,3537,3540,3542,3543,3546,3548,
3558,3560,3563,3571,3576,3577,3580,3587,
3590,3594,3612,3623,3625,3627,3628,3631,
3639,3643,3644,3646,3654,3655,3656,3660,
3663,3666,3667,3669,3671,3676,3681,3689,
3690,3691,3692,3693,3694,3695,3696,3699,
3700,3701,3702,3704,3706,3712,3713,3715,
3718,3721,3723,3724,3725,3726,3729,3731,
3732,3734,3735,3737,3739,3742,3743,3744,
3745,3746,3749,3750,3751,3752,3754,3755,
3756,3757,3758,3759,3761,3762,3763,3764,
3765,3766,3767,3769,3770,3771,3772,3776,
3778,3779,3780,3782,3783,3789,3794,3795,
3798,3802,3806,3809,3812,3816,3822,3824,
3827,3828,3829,3830,3839,3840,3844,3845,
3847,3848,3849,3850,3851,3852,3853,3854,
3856,3859,3861,3863,3865,3867,3868,3869,
3871,3872,3874,3876,3883,3885,3898,3901,
3902,3903,3905,3906,3918,3919,3920,3921,
3922,3924,3928,3929,3930,3931,3933,3934,
3935,3937,3938,3940,3942,3948,3949,3950,
3952,3953,3954,3955,3956,3957,3958,3959,
3960,3961,3962,3963,3964,3969,3970,3977,
3983,3993,3994,3995,3996,3999,4001,4002,
4007,4008,4009,4014,4015,4016,4017,4019,
4020,4021,4023,4024,4025,4028,4029,4030,
4031,4033,4034,4035,4036,4038,4041,4042,
4043,4045,4046,4047,4048,4049,4050,4051,
4052,4053,4054,4055,4056,4059,4060,4061,
4063,4065,4066,4067,4070,4071,4076,4078,
4079,4081,4085,4086,4092,4096,4098,4101,
4105,4124,4127,4130,4131,4136,4141,4142,
4143,4146,4151,4160,4164,4166,4173,4174,
4175,4176,4183,4186,4187,4195,4198,4199,
4200,4201,4207,4211,4212,4215,4216,4217,
4218,4219,4220,4222,4223,4224,4225,4226,
4227,4228,4229,4230,4231,4232,4233,4235,
4236,4237,4238,4240,4243,4246,4250,4252,
4256,4257,4258,4260,4261,4264,4267,4268,
4272,4273,4275,4278,4279,4283,4284,4286,
4288,4289,4292,4293,4294,4296,4299,4300,
4301,4305,4306,4307,4308,4310,4311,4312,
4313,4315,4316,4317,4320,4321,4323,4324,
4325,4327,4328,4329,4330,4331,4332,4337,
4339,4340,4341,4342,4345,4347,4348,4351,
4352,4355,4356,4357,4359,4361,4362,4363,
4364,4366,4367,4368,4369,4370,4371,4372,
4374,4378,4380,4381,4382,4383,4385,4386,
4387,4388,4389,4390,4391,4392,4394,4395,
4396,4397,4398,4399,4400,4401,4404,4405,
4406,4407,4408,4409,4410,4412,4413,4415,
4416,4417,4419,4420,4439,4444,4448,4451,
4452,4462,4463,4464,4469,4471,4473,4474,
4477,4481,4483,4488,4490,4491,4492,4493,
4494,4497,4498,4499,4500,4501,4502,4503,
4504,4505,4506,4507,4510,4511,4512,4513,
4515,4516,4517,4519,4520,4521,4522,4523,
4524,4525,4526,4527,4528,4529,4530,4531,
4532,4534,4535,4536,4537,4538,4539,4540,
4541,4542,4543,4544,4545,4546,4547,4548,
4549,4550,4551,4553,4554,4555,4557,4558,
4559,4561,4563,4564,4565,4566,4567,4568,
4569,4570,4571,4572,4573,4576,4577,4579,
4580,4581,4584,4585,4586,4588,4589,4591,
4595,4596,4608,4610,4624,4627,4631,4636,
4644,4645,4646,4649,4650,4656,4668,4671,
4673,4674,4675,4677,4678,4679,4680,4682,
4683,4684,4685,4686,4687,4688,4689,4691,
4692,4693,4695,4697,4698,4699,4700,4703,
4704,4710,4711,4714,4716,4718,4719,4720,
4722,4725,4734,4735,4736,4740,4742,4748,
4754,4761,4780,4784,4786,4790,4791,4803,
4806,4815,4816,4817,4818,4819,4820,4821,
4822,4825,4826,4827,4829,4833,4834,4835,
4837,4838,4839,4840,4841,4842,4843,4845,
4846,4847,4848,4849,4850,4851,4852,4853,
4854,4855,4856,4857,4858,4859,4860,4861,
4865,4866,4868,4870,4871,4872,4873,4874,
4875,4877,4878,4880,4881,4882,4883,4884,
4885,4886,4887,4890,4892,4893,4901,4904,
4905,4907,4908,4909,4910,4911,4912,4913,
4914,4915,4916,4917,4919,4920,4924,4925,
4926,4927,4928,4929,4930,4931,4932,4933,
4936,4937,4938,4939,4940,4941,4942,4943,
4944,4945,4946,4947,4949,4950,4951,4952,
4954,4955,4957,4959,4962,4963,4967,4968,
4969,4972,4974,4975,4977,4979,4981,4983,
4984,4985,4986,4987,4988,4989,4992,4994,
4995,4996,4997,4998,4999,5000,5004,5005,
5014,5029,5038,5044,5045,5046,5048,5051,
5052,5057,5058,5059,5064,5065,5070,5072,
5073,5075,5079,5082,5092,5098,5101,5104,
5105,5107,5109,5111,5113,5114,5115,5116,
5117,5118,5120,5121,5122,5123,5124,5128,
5130,5131,5135,5136,5137,5139,5148,5149,
5151,5152,5153,5154,5155,5157,5158,5161,
5162,5163,5166,5167,5168,5169,5170,5171,
5172,5175,5177,5179,5181,5182,5184,5186,
5187,5188,5189,5191,5193,5194,5196,5201,
5202,5205,5206,5209,5210,5215,5216,5223,
5224,5225,5226,5227,5228,5229,5230,5231,
5232,5233,5234,5235,5236,5238,5239,5241,
5242,5243,5244,5245,5246,5248,5249,5250,
5251,5252,5253,5254,5255,5257,5260,5261,
5262,5264,5265,5267,5268,5269,5270,5272,
5274,5276,5282,5289,5295,5298,5302,5305,
5306,5307,5308,5310,5312,5315,5317,5318,
5319,5337,5340,5351,5354,5355,5359,5360,
5361,5362,5365,5366,5372,5373,5374,5376,
5380,5381,5382,5383,5384,5387,5391,5395,
5397,5398,5399,5400,5401,5402,5403,5404,
5405,5406,5408,5410,5412,5414,5415,5416,
5418,5419,5422,5423,5425,5426,5431,5434,
5436,5439,5447,5449,5452,5454,5461,5464,
5465,5467,5468,5469,5470,5471,5472,5487,
5493,5494,5495,5497,5508,5519,5522,5525,
5530,5531,5534,5538,5539,5540,5541,5544,
5545,5546,5547,5548,5549,5550,5551,5552,
5553,5554,5556,5557,5560,5562,5563,5564,
5566,5567,5568,5569,5570,5571,5573,5574,
5575,5578,5579,5581,5582,5583,5584,5585,
5586,5588,5589,5590,5592,5593,5594,5595,
5596,5598,5599,5600,5603,5606,5607,5609,
5610,5611,5612,5613,5614,5616,5617,5619,
5620,5621,5622,5623,5624,5625,5626,5627,
5628,5629,5630,5631,5632,5633,5634,5635,
5636,5637,5638,5639,5640,5641,5642,5646,
5647,5648,5653,5656,5659,5670,5672,5676,
5679,5681,5683,5686,5688,5693,5696,5697,
5699,5700,5702,5711,5714,5716,5717,5718,
5719,5720,5721,5723,5724,5726,5727,5730,
5734,5736,5737,5738,5739,5740,5741,5742,
5744,5752,5753,5756,5757,5768,5771,5775,
5780,5782,5783,5787,5788,5792,5794,5795,
5797,5799,5804,5807,5808,5812,5816,5821,
5822,5823,5828,5835,5836,5837,5840,5841,
5845,5846,5847,5849,5853,5854,5855,5856,
5862,5863,5864,5866,5867,5868,5869,5870,
5871,5872,5873,5874,5876,5877,5878,5879,
5880,5881,5882,5883,5884,5885,5886,5887,
5892,5902,5905,5908,5909,5911,5913,5918,
5919,5921,5922,5923,5924,5925,5926,5927,
5929,5930,5931,5932,5933,5934,5935,5936,
5937,5938,5940,5941,5942,5943,5944,5945,
5946,5953,5956,5957,5958,5959,5960,5962,
5963,5966,5967,5969,5971,5972,5973,5974,
5975,5976,5977,5978,5980,5981,5982,5983,
5984,5985,5987,5990,5992,5993,5994,5995,
5996,5999,6016,6021,6030,6033,6038,6040,
6042,6043,6046,6047,6051,6054,6060,6072,
6075,6076,6077,6086,6087,6089,6093,6094,
6099,6100,6101,6102,6103,6108,6110,6113,
6116,6118,6119,6120,6121,6122,6123,6124,
6125,6126,6127,6128,6130,6131,6132,6133,
6135,6136,6137,6138,6139,6140,6141,6142,
6143,6144,6145,6146,6147,6148,6149,6150,
6153,6155,6156,6157,6158,6159,6160,6161,
6163,6164,6165,6166,6167,6168,6170,6172,
6173,6174,6175,6176,6177,6178,6179,6180,
6182,6185,6186,6187,6188,6189,6190,6191,
6192,6194,6195,6198,6199,6200,6201,6202,
6204,6205,6206,6208,6211,6213,6214,6215,
6218,6219,6220,6221,6222,6223,6224,6226,
6229,6230,6232,6233,6234,6236,6237,6238,
6240,6241,6242,6243,6244,6245,6246,6248,
6249,6262,6273,6274,6275,6276,6277,6278,
6279,6280,6281,6282,6283,6285,6289,6290,
6291,6292,6293,6295,6297,6298,6300,6301,
6302,6303,6304,6305,6307,6308,6309,6310,
6311,6312,6313,6314,6315,6322,6325,6331,
6332,6340,6341,6342,6344,6347,6349,6353,
6358,6367,6371,6393,6394,6398,6403,6406,
6408,6413,6415,6419,6420,6421,6422,6423,
6424,6426,6428,6429,6432,6435,6437,6438,
6439,6440,6442,6443,6446,6447,6448,6449,
6450,6451,6452,6453,6454,6456,6457,6459,
6461,6462,6466,6467,6468,6469,6473,6474,
6475,6476,6477,6480,6481,6482,6483,6484,
6490,6491,6494,6495,6496,6497,6498,6499,
6500,6502,6503,6505,6509,6510,6511,6519,
6521,6522,6523,6524,6525,6527,6528,6529,
6530,6531,6533,6534,6536,6537,6538,6540,
6541,6542,6545,6547,6552,6553,6554,6560,
6565,6568,6574,6575,6577,6578,6580,6581,
6582,6583,6584,6585,6586,6587,6588,6589,
6590,6591,6593,6594,6596,6597,6598,6599,
6601,6602,6603,6606,6607,6618,6619,6621,
6622,6625,6627,6628,6629,6630,6631,6632,
6633,6634,6635,6637,6638,6639,6640,6641,
6643,6644,6646,6647,6648,6649,6650,6651,
6658,6659,6660,6661,6664,6670,6679,6680,
6681,6682,6684,6686,6687,6688,6692,6702,
6703,6709,6710,6712,6713,6717,6720,6727,
6728,6729,6731,6735,6737,6739,6747,6751,
6759,6760,6764,6766,6769,6770,6771,6772,
6773,6774,6775,6776,6778,6779,6780,6781,
6782,6783,6785,6787,6788,6798,6811,6814,
6817,6822,6826,6827,6828,6829,6830,6831,
6832,6836,6837,6838,6839,6840,6841,6842,
6843,6844,6845,6846,6847,6848,6850,6853,
6854,6855,6856,6857,6858,6859,6860,6861,
6862,6863,6864,6865,6866,6868,6869,6870,
6871,6872,6873,6874,6875,6877,6878,6879,
6880,6881,6882,6883,6884,6886,6887,6889,
6890,6891,6892,6893,6894,6895,6896,6898,
6899,6900,6901,6902,6903,6904,6905,6906,
6908,6914,6917,6919,6921,6923,6925,6932,
6935,6936,6937,6938,6939,6941,6944,6945,
6947,6948,6949,6950,6951,6953,6954,6955,
6956,6957,6962,6963,6972,6978,6983,6985,
6994,6996,6998,7001,7003,7006,7007,7009,
7014,7015,7016,7019,7020,7021,7022,7023,
7024,7025,7026,7027,7030,7041,7043,7044,
7059,7060,7061,7066,7067,7068,7070,7079,
7081,7082,7083,7084,7087,7089,7091,7093,
7096,7097,7098,7099,7101,7102,7103,7104,
7105,7107,7108,7109,7113,7114,7122,7123,
7126,7127,7128,7131,7132,7134,7136,7137,
7140,7141,7142,7143,7146,7152,7154,7156,
7157,7158,7162,7163,7167,7172,7176,7178,
7179,7183,7189,7194,7195,7197,7199,7200,
7210,7211,7212,7216,7225,7239,7240,7241,
7243,7247,7248,7251,7252,7253,7255,7256,
7257,7258,7259,7260,7262,7263,7264,7265,
7266,7267,7268,7269,7270,7271,7272,7275,
7276,7279,7282,7283,7285,7287,7291,7292,
7293,7294,7296,7298,7299,7300,7301,7302,
7303,7304,7305,7310,7311,7313,7314,7315,
7317,7318,7319,7320,7322,7324,7326,7327,
7328,7329,7330,7331,7332,7333,7335,7336,
7337,7338,7339,7340,7344,7348,7359,7360,
7362,7370,7375,7376,7380,7386,7388,7390,
7391,7392,7395,7396,7398,7401,7402,7405,
7407,7408,7409,7410,7412,7414,7416,7417,
7418,7425,7446,7447,7452,7459,7461,7470,
7479,7481,7483,7484,7485,7492,7493,7495,
7496,7497,7508,7509,7511,7512,7514,7515,
7517,7518,7519,7520,7521,7522,7523,7527,
7533,7534,7538,7539,7540,7541,7542,7545,
7547,7548,7549,7550,7557,7558,7561,7562,
7572,7573,7575,7577,7578,7580,7584,7585,
7591,7592,7593,7596,7597,7598,7599,7600,
7601,7602,7603,7604,7605,7606,7607,7609,
7611,7612,7613,7614,7615,7617,7618,7619,
7621,7622,7623,7625,7626,7627,7629,7631,
7632,7633,7650,7658,7666,7667,7669,7670,
7674,7681,7692,7693,7707,7723,7724,7735,
7743,7751,7755,7769,7770,7776,7778,7783,
7784,7786,7787,7788,7796,7798,7809,7810,
7812,7815,7823,7831,7834,7839,7841,7850,
7852,7853,7854,7856,7858,7859,7860,7861,
7868,7873,7875,7876,7877,7878,7879,7881,
7884,7885,7887,7888,7889,7890,7892,7894,
7895,7899,7900,7901,7902,7905,7906,7907,
7908,7909,7910,7911,7912,7913,7914,7915,
7916,7917,7918,7926,7937,7941,7945,7950,
7960,7979,7982,7985,7988,7993,8006,8007,
8008,8010,8012,8013,8014,8017,8018,8019,
8020,8021,8022,8024,8025,8028,8030,8031,
8032,8034,8036,8037,8038,8039,8041,8042,
8043,8044,8048,8049,8051,8055,8058,8062,
8067,8068,8069,8070,8080,8082,8083,8084,
8094,8101,8102,8110,8112,8113,8116,8117,
8118,8119,8120,8121,8122,8124,8127,8129,
8131,8132,8133,8135,8140,8143,8144,8145,
8146,8148,8150,8152,8153,8158,8161,8166,
8167,8169,8170,8172,8174,8175,8176,8178,
8180,8181,8182,8183,8192,8200,8204,8208,
8209,8210,8211,8212,8213,8214,8215,8217,
8219,8220,8221,8222,8223,8224,8226,8228,
8229,8230,8231,8232,8233,8234,8235,8237,
8238,8239,8241,8243,8244,8245,8246,8247,
8248,8249,8251,8252,8253,8256,8257,8258,
8259,8260,8261,8262,8263,8264,8265,8266,
8267,8268,8269,8270,8271,8272,8273,8274,
8275,8277,8278,8279,8281,8284,8288,8297,
8298,8299,8302,8304,8306,8308,8309,8310,
8312,8314,8315,8316,8317,8318,8319,8320,
8321,8322,8324,8328,8329,8330,8331,8333,
8336,8339,8341,8346,8347,8352,8353,8354,
8356,8357,8360,8363,8364,8366,8368,8370,
8371,8372,8374,8375,8376,8377,8378,8379,
8380,8383,8384,8385,8386,8396,8404,8405,
8406,8408,8413,8416,8430,8433,8436,8437,
8446,8448,8449,8451,8452,8453,8454,8455,
8456,8457,8459,8460,8461,8462,8465,8466,
8467,8468,8469,8470,8471,8473,8474,8478,
8479,8482,8484,8489,8490,8492,8493,8494,
8496,8497,8500,8501,8502,8503,8506,8519,
8530,8531,8536,8546,8557,8560,8562,8563,
8576,8579,8580,8581,8596,8599,8600,8601,
8602,8604,8607,8608,8609,8614,8616,8618,
8619,8621,8623,8624,8625,8633,8636,8637,
8638,8639,8640,8641,8643,8644,8646,8648,
8649,8650,8653,8654,8656,8659,8660,8662,
8663,8664,8665,8668,8669,8670,8671,8672,
8676,8680,8684,8685,8687,8690,8692,8694,
8695,8698,8699,8705,8707,8709,8711,8712,
8713,8714,8715,8717,8718,8720,8721,8723,
8724,8725,8726,8727,8729,8730,8731,8732,
8733,8745,8763,8771,8783,8784,8785,8787,
8788,8789,8791,8792,8793,8794,8795,8796,
8797,8798,8799,8800,8801,8802,8804,8805,
8806,8807,8808,8809,8810,8811,8812,8813,
8814,8815,8816,8817,8818,8819,8820,8821,
8822,8823,8824,8825,8826,8827,8828,8829,
8835,8836,8845,8849,8850,8851,8865,8871,
8872,8873,8874,8877,8878,8885,8886,8887,
8888,8889,8890,8891,8892,8895,8896,8899,
8906,8927,8929,8931,8948,8953,8954,8955,
8956,8958,8959,8960,8961,8964,8965,8966,
8968,8969,8970,8971,8972,8976,8977,8978,
8980,8982,8983,8986,8987,8988,8989,8990,
8991,8992,9003,9005,9007,9016,9019,9020,
9029,9030,9033,9034,9041,9050,9052,9053,
9054,9055,9062,9063,9066,9067,9071,9072,
9073,9074,9075,9076,9077,9081,9082,9084,
9085,9088,9089,9090,9091,9092,9093,9094,
9095,9096,9097,9098,9099,9101,9102,9104,
9109,9111,9112,9113,9114,9116,9117,9119,
9120,9133,9138,9139,9140,9141,9142,9145,
9146,9147,9149,9150,9151,9153,9155,9156,
9157,9158,9159,9161,9162,9164,9165,9170,
9172,9174,9175,9176,9177,9179,9180,9183,
9186,9187,9188,9189,9190,9191,9192,9193,
9194,9195,9197,9198,9199,9200,9201,9202,
9203,9205,9206,9207,9208,9209,9210,9211,
9212,9213,9214,9219,9220,9222,9223,9224,
9225,9226,9227,9228,9229,9232,9233,9237,
9238,9239,9241,9243,9245,9247,9248,9249,
9251,9270,9273,9275,9276,9280,9285,9286,
9287,9289,9291,9295,9296,9297,9298,9299,
9300,9301,9302,9305,9307,9308,9309,9310,
9311,9312,9313,9314,9315,9317,9318,9319,
9335,9343,9349,9350,9351,9352,9353,9356,
9364,9374,9376,9385,9386,9387,9388,9395,
9396,9397,9400,9401,9402,9403,9404,9405,
9406,9407,9411,9412,9413,9414,9415,9416,
9417,9418,9419,9420,9421,9422,9423,9424,
9425,9426,9427,9429,9430,9431,9432,9433,
9434,9435,9436,9437,9438,9439,9440,9441,
9443,9444,9445,9447,9448,9449,9450,9451,
9452,9457,9458,9459,9462,9463,9464,9466,
9467,9469,9471,9472,9476,9478,9479,9480,
9481,9482,9484,9486,9487,9490,9491,9492,
9494,9499,9505,9512,9523,9525,9529,9533,
9540,9546,9547,9548,9549,9550,9551,9552,
9553,9554,9555,9556,9557,9559,9560,9561,
9562,9563,9564,9565,9567,9568,9569,9570,
9571,9572,9573,9575,9577,9578,9579,9580,
9581,9582,9584,9585,9586,9587,9588,9589,
9590,9591,9592,9593,9594,9595,9596,9597,
9598,9599,9600,9602,9603,9605,9609,9610,
9613,9615,9616,9623,9624,9625,9626,9627,
9628,9629,9630,9632,9633,9634,9635,9636,
9637,9638,9639,9644,9645,9646,9647,9648,
9655,9666,9672,9673,9674,9681,9682,9696,
9697,9698,9699,9700,9701,9702,9703,9704,
9705,9706,9707,9709,9710,9711,9712,9713,
9715,9717,9718,9719,9721,9722,9725,9726,
9727,9728,9729,9730,9731,9732,9733,9734,
9736,9740,9741,9742,9744,9750,9753,9756,
9757,9765,9766,9771,9772,9774,9776,9777,
9778,9780,9781,9783,9784,9786,9787,9788,
9789,9790,9791,9792,9793,9795,9796,9797,
9798,9799,9800,9801,9803,9804,9805,9806,
9808,9809,9811,9812,9813,9814,9817,9818,
9819,9820,9821,9822,9823,9824,9825,9826,
9829,9830,9833,9834,9835,9836,9837,9839,
9840,9841,9842,9843,9844,9845,9847,9848,
9849,9851,9852,9853,9854,9855,9856,9857,
9859,9860,9861,9862,9864,9865,9866,9867,
9868,9869,9870,9871,9872,9873,9874,9875,
9876,9878,9879,9880,9882,9883,9884,9886,
9887,9888,9889,9890,9891,9892,9893,9894,
9895,9896,9897,9898,9899,9900,9901,9902,
9903,9904,9905,9906,9907,9908,9909,9910,
9911,9912,9913,9914,9918,9919,9920,9921,
9922,9923,9924,9925,9926,9927,9929,9930,
9931,9933,9934,9935,9936,9937,9938,9939,
9940,9941,9943,9944,9945,9946,9948,9949,
9951,9952,9953,9954,9955,9956,9957,9959,
9962,9967,9968,9970,9975,9983,10001,10002,
10007,10009,10010,10011,10012,10013,10014,10015,
10016,10017,10019,10021,10022,10023,10024,10025,
10027,10028,10029,10031,10032,10035,10036,10039,
10040,10041,10042,10043,10044,10046,10047,10048,
10049,10050,10051,10053,10054,10055,10056,10057,
10059,10061,10062,10063,10065,10066,10069,10070,
10072,10073,10074,10076,10077,10078,10079,10081,
10082,10084,10086,10087,10089,10090,10091,10092,
10093,10096,10098,10102,10103,10105,10106,10107,
10108,10110,10111,10117,10118,10129,10130,10131,
10138,10141,10143,10145,10149,10150,10152,10153,
10154,10155,10167,10169,10171,10173,10174,10175,
10176,10178,10179,10180,10181,10182,10183,10184,
10185,10186,10187,10188,10189,10190,10191,10193,
10194,10195,10196,10197,10198,10199,10200,10201,
10202,10203,10204,10205,10206,10207,10208,10209,
10210,10211,10212,10213,10214,10215,10216,10217,
10218,10219,10220,10221,10222,10223,10224,10225,
10226,10227,10232,10233,10234,10235,10236,10238,
10239,10240,10245,10250,10254,10260,10261,10262,
10264,10266,10269,10270,10271,10272,10273,10274,
10275,10276,10277,10278,10279,10280,10282,10283,
10284,10286,10295,10298,10299,10301,10303,10306,
10308,10316,10322,10327,10329,10331,10334,10337,
10340,10341,10342,10344,10349,10355,10359,10360,
10361,10362,10371,10376,10377,10378,10379,10380,
10382,10383,10384,10385,10386,10387,10388,10389,
10391,10393,10394,10395,10396,10397,10398,10399,
10400,10401,10403,10404,10405,10406,10407,10408,
10409,10410,10411,10412,10413,10414,10415,10416,
10418,10419,10420,10421,10422,10424,10426,10427,
10428,10429,10430,10431,10438,10440,10441,10443,
10444,10445,10446,10447,10449,10450,10451,10452,
10453,10454,10455,10456,10457,10458,10459,10460,
10463,10464,10465,10467,10468,10470,10471,10472,
10473,10474,10475,10476,10478,10479,10480,10481,
10482,10483,10484,10486,10487,10488,10491,10492,
10493,10494,10495,10503,10507,10508,10510,10511,
10512,10515,10517,10518,10522,10523,10525,10526,
10527,10529,10530,10531,10538,10539,10540,10541,
10565,10569,10578,10583,10590,10592,10598,10604,
10605,10611,10612,10617,10623,10625,10631,10632,
10640,10642,10646,10648,10650,10651,10655,10656,
10659,10660,10665,10666,10667,10668,10670,10671,
10672,10673,10674,10675,10676,10677,10678,10680,
10681,10683,10684,10685,10686,10687,10689,10690,
10691,10697,10698,10699,10700,10702,10703,10704,
10705,10706,10707,10708,10709,10710,10711,10713,
10714,10715,10716,10718,10719,10720,10721,10722,
10724,10725,10726,10727,10728,10729,10730,10731,
10732,10733,10734,10735,10737,10739,10740,10741,
10742,10743,10744,10746,10747,10748,10749,10750,
10751,10752,10753,10754,10755,10756,10757,10758,
10760,10761,10763,10766,10767,10768,10770,10771,
10772,10773,10774,10775,10776,10777,10778,10779,
10780,10781,10782,10783,10784,10785,10786,10787,
10789,10790,10791,10792,10793,10794,10795,10797,
10799,10800,10801,10802,10803,10804,10805,10806,
10809,10810,10812,10813,10814,10815,10816,10829,
10835,10840,10853,10855,10856,10863,10864,10869,
10871,10873,10875,10878,10880,10886,10890,10891,
10892,10893,10894,10895,10896,10897,10898,10899,
10900,10901,10902,10903,10904,10905,10906,10908,
10909,10910,10912,10913,10914,10915,10917,10918,
10919,10920,10922,10923,10924,10925,10926,10927,
10928,10929,10930,10931,10932,10933,10934,10935,
10936,10937,10938,10940,10941,10942,10943,10946,
10947,10948,10952,10955,10956,10957,10960,10964,
10970,10971,10972,10973,10980,10982,10983,10985,
10986,10988,10990,10991,10992,10993,10994,10996,
10999,11000,11003,11004,11005,11006,11009,11010,
11011,11016,11023,11028,11029,11035,11039,11040,
11042,11043,11044,11046,11047,11048,11049,11050,
11051,11054,11055,11058,11059,11060,11061,11062,
11064,11065,11066,11070,11071,11073,11074,11075,
11077,11078,11079,11080,11081,11100,11103,11112,
11119,11120,11121,11122,11123,11124,11125,11126,
11129,11130,11131,11132,11133,11134,11135,11136,
11137,11138,11139,11140,11142,11143,11144,11146,
11147,11148,11149,11150,11151,11152,11153,11154,
11155,11156,11166,11171,11172,11174,11175,11183,
11186,11194,11204,11208,11209,11211,11213,11214,
11215,11216,11217,11218,11219,11220,11221,11222,
11223,11224,11226,11227,11228,11229,11231,11232,
11233,11234,11235,11236,11238,11239,11241,11242,
11243,11244,11245,11246,11248,11249,11250,11251,
11252,11253,11256,11265,11268,11270,11277,11278,
11279,11283,11284,11287,11288,11289,11290,11291,
11292,11294,11295,11296,11297,11298,11299,11301,
11302,11303,11304,11305,11306,11307,11308,11309,
11310,11311,11312,11313,11314,11315,11317,11320,
11321,11326,11328,11329,11334,11335,11341,11345,
11347,11351,11353,11354,11355,11356,11357,11360,
11361,11363,11364,11366,11367,11369,11370,11372,
11373,11376,11377,11382,11385,11386,11388,11389,
11390,11391,11392,11394,11395,11396,11397,11398,
11400,11401,11402,11403,11404,11406,11409,11413,
11414,11416,11417,11419,11421,11422,11425,11428,
11429,11431,11432,11436,11442,11443,11444,11445,
11446,11448,11449,11453,11454,11455,11456,11458,
11459,11466,11467,11468,11470,11471,11472,11474,
11485,11497,11504,11506,11508,11513,11514,11528,
11530,11532,11539,11541,11542,11543,11545,11546,
11547,11549,11550,11551,11552,11553,11554,11555,
11556,11557,11558,11559,11560,11561,11562,11563,
11564,11566,11567,11568,11569,11571,11572,11573,
11574,11575,11576,11577,11579,11580,11581,11583,
11585,11586,11587,11588,11589,11590,11592,11594,
11598,11599,11600,11601,11602,11603,11605,11607,
11608,11609,11610,11611,11612,11613,11618,11619,
11620,11621,11622,11624,11627,11629,11630,11631,
11633,11634,11635,11637,11638,11639,11640,11641,
11643,11645,11646,11647,11649,11654,11655,11656,
11657,11658,11661,11666,11668,11675,11680,11681,
11682,11684,11685,11687,11693,11697,11698,11699,
11702,11704,11705,11707,11708,11709,11710,11711,
11712,11714,11716,11717,11718,11719,11720,11721,
11725,11730,11734,11736,11739,11740,11741,11742,
11748,11754,11770,11781,11783,11789,11790,11792,
11794,11809,11810,11811,11812,11813,11814,11815,
11816,11817,11818,11819,11820,11822,11823,11824,
11825,11826,11827,11828,11829,11830,11832,11833,
11835,11836,11837,11838,11839,11840,11841,11842,
11843,11845,11846,11848,11849,11853,11854,11855,
11858,11859,11860,11861,11862,11864,11865,11866,
11867,11868,11869,11870,11871,11872,11873,11874,
11875,11876,11877,11878,11888,11889,11891,11892,
11893,11895,11896,11897,11902,11903,11913,11917,
11921,11926,11927,11928,11929,11930,11931,11932,
11933,11934,11935,11936,11937,11938,11940,11941,
11942,11944,11945,11947,11949,11950,11951,11952,
11953,11954,11955,11956,11957,11958,11960,11961,
11964,11968,11969,11970,11971,11973,11976,11977,
11984,11985,11987,11989,11993,11994,11996,11997,
11998,11999,12000,12001,12002,12015,12019,12022,
12026,12036,12044,12050,12052,12056,12057,12058,
12060,12069,12072,12089,12096,12099,12100,12104,
12111,12119,12127,12141,12145,12146,12148,12150,
12151,12153,12154,12155,12156,12175,12181,12183,
12184,12185,12187,12188,12189,12190,12191,12192,
12193,12194,12195,12196,12197,12200,12201,12202,
12203,12204,12205,12208,12209,12211,12213,12214,
12215,12218,12220,12221,12222,12223,12224,12227,
12229,12230,12232,12234,12235,12239,12240,12241,
12242,12243,12244,12246,12248,12249,12250,12252,
12253,12254,12255,12257,12258,12259,12260,12261,
12262,12263,12264,12268,12270,12271,12272,12273,
12274,12278,12280,12281,12282,12283,12284,12286,
12288,12290,12291,12293,12295,12297,12298,12300,
12302,12303,12305,12306,12307,12308,12309,12310,
12311,12312,12313,12314,12315,12316,12317,12318,
12319,12320,12321,12323,12324,12325,12326,12327,
12328,12329,12330,12331,12332,12334,12336,12337,
12338,12339,12340,12341,12342,12343,12344,12347,
12348,12350,12351,12352,12354,12355,12356,12357,
12358,12360,12361,12362,12363,12364,12365,12367,
12370,12371,12372,12373,12374,12375,12377,12378,
12379,12380,12381,12382,12383,12384,12385,12386,
12387,12389,12390,12391,12394,12395,12396,12397,
12398,12399,12400,12404,12405,12406,12407,12410,
12411,12412,12413,12414,12417,12420,12429,12432,
12435,12441,12443,12454,12456,12457,12458,12459,
12460,12461,12462,12465,12467,12468,12470,12471,
12472,12473,12474,12475,12476,12477,12478,12479,
12480,12482,12483,12484,12485,12486,12487,12489,
12491,12494,12495,12497,12498,12499,12500,12501,
12502,12503,12504,12505,12506,12507,12508,12509,
12510,12512,12513,12516,12519,12521,12522,12523,
12524,12525,12526,12532,12533,12535,12540,12543,
12544,12545,12547,12553,12554,12555,12556,12557,
12560,12561,12562,12563,12564,12565,12567,12568,
12569,12570,12573,12574,12575,12579,12592,12595,
12596,12597,12600,12605,12616,12618,12620,12621,
12622,12624,12625,12626,12627,12628,12629,12630,
12631,12632,12633,12635,12636,12637,12638,12641,
12642,12643,12644,12645,12646,12648,12649,12650,
12651,12652,12654,12655,12656,12657,12658,12659,
12660,12661,12662,12663,12664,12665,12667,12675,
12678,12680,12681,12686,12687,12697,12702,12707,
12709,12712,12715,12718,12720,12728,12732,12734,
12736,12737,12738,12739,12741,12742,12744,12745,
12746,12747,12748,12749,12750,12751,12752,12753,
12754,12755,12756,12757,12758,12759,12760,12761,
12763,12768,12769,12772,12773,12774,12776,12777,
12778,12780,12782,12784,12785,12787,12788,12789,
12790,12791,12794,12795,12797,12799,12804,12821,
12858,12859,12861,12883,12894,12896,12901,12904,
12909,12910,12911,12912,12913,12915,12916,12918,
12919,12920,12921,12922,12923,12924,12926,12927,
12928,12929,12931,12934,12940,12941,12943,12945,
12950,12952,12953,12954,12955,12956,12957,12958,
12959,12961,12964,12967,12996,13005,13007,13008,
13011,13013,13023,13033,13038,13053,13063,13069,
13074,13075,13077,13078,13082,13095,13097,13098,
13099,13100,13101,13103,13104,13108,13115,13116,
13119,13120,13122,13123,13124,13125,13127,13128,
13129,13130,13132,13133,13134,13135,13136,13137,
13138,13143,13144,13145,13147,13152,13155,13159,
13161,13162,13163,13164,13165,13166,13167,13168,
13169,13170,13171,13172,13173,13174,13175,13176,
13177,13178,13179,13180,13181,13182,13184,13185,
13186,13187,13188,13189,13191,13192,13193,13194,
13214,13223,13241,13242,13248,13257,13261,13267,
13274,13276,13286,13287,13289,13290,13291,13292,
13294,13295,13297,13300,13301,13302,13303,13304,
13305,13306,13307,13308,13309,13310,13311,13313,
13314,13315,13316,13317,13331,13335,13336,13337,
13338,13339,13340,13341,13342,13343,13344,13345,
13346,13347,13348,13349,13350,13351,13352,13353,
13354,13355,13356,13357,13358,13360,13361,13363,
13366,13367,13368,13369,13370,13372,13373,13374,
13375,13376,13377,13378,13379,13380,13387,13394,
13407,13417,13431,13437,13444,13456,13458,13466,
13467,13475,13476,13478,13482,13493,13494,13497,
13501,13502,13503,13508,13511,13512,13518,13519,
13520,13521,13522,13523,13524,13525,13526,13527,
13528,13530,13531,13534,13535,13536,13537,13541,
13545,13553,13554,13556,13557,13559,13560,13561,
13564,13580,13584,13585,13586,13588,13589,13590,
13591,13593,13594,13597,13598,13599,13600,13601,
13608,13609,13614,13615,13616,13617,13619,13621,
13624,13627,13628,13629,13631,13632,13634,13637,
13639,13640,13641,13643,13644,13645,13647,13649,
13650,13653,13654,13655,13657,13658,13659,13661,
13662,13663,13665,13666,13667,13668,13669,13676,
13677,13678,13680,13681,13682,13686,13692,13695,
13696,13699,13702,13704,13705,13706,13708,13710,
13713,13714,13718,13719,13720,13722,13727,13729,
13730,13735,13736,13737,13757,13758,13759,13787,
13791,13794,13796,13799,13805,13806,13807,13808,
13809,13810,13811,13812,13815,13816,13817,13818,
13819,13822,13823,13824,13826,13827,13833,13835,
13836,13838,13839,13840,13841,13843,13844,13845,
13846,13847,13850,13864,13868,13895,13900,13901,
13902,13903,13904,13905,13906,13907,13908,13909,
13910,13911,13917,13919,13923,13924,13928,13929,
13932,13933,13934,13935,13936,13937,13939,13940,
13941,13942,13943,13944,13946,13947,13948,13949,
13950,13954,13955,13956,13958,13959,13963,13964,
13965,13966,13968,13969,13970,13971,13972,13973,
13974,13975,13976,13977,13979,13980,13983,13984,
13985,13986,13987,13988,13989,13990,13991,13992,
13993,13994,13995,13996,13997,13998,13999,14000,
14001,14002,14003,14004,14005,14006,14007,14008,
14013,14020,14021,14024,14027,14028,14029,14030,
14032,14033,14034,14035,14038,14039,14040,14042,
14043,14045,14046,14047,14048,14050,14051,14052,
14054,14058,14062,14063,14067,14069,14072,14074,
14075,14076,14078,14079,14081,14082,14083,14084,
14085,14086,14087,14088,14089,14091,14093,14116,
14135,14149,14152,14156,14162,14165,14166,14168,
14170,14172,14173,14175,14176,14177,14178,14179,
14180,14181,14182,14183,14184,14185,14186,14187,
14188,14189,14190,14191,14192,14193,14194,14195,
14196,14197,14198,14199,14200,14202,14203,14206,
14245,14259,14262,14263,14264,14265,14267,14268,
14269,14270,14271,14272,14273,14274,14275,14276,
14278,14279,14280,14281,14282,14284,14285,14286,
14287,14288,14290,14291,14292,14293,14294,14296,
14297,14298,14299,14300,14301,14302,14303,14304,
14305,14306,14307,14308,14309,14311,14314,14315,
14316,14317,14318,14319,14320,14321,14322,14323,
14324,14325,14326,14327,14328,14329,14330,14332,
14333,14335,14336,14337,14339,14340,14341,14342,
14343,14344,14345,14346,14347,14348,14349,14350,
14351,14352,14353,14354,14356,14358,14360,14361,
14362,14363,14365,14367,14372,14379,14380,14388,
14391,14393,14395,14396,14398,14400,14404,14405,
14406,14408,14410,14411,14413,14417,14418,14421,
14423,14424,14425,14426,14427,14430,14432,14434,
14435,14436,14437,14438,14439,14440,14443,14444,
14445,14446,14447,14450,14452,14453,14456,14457,
14458,14459,14460,14461,14462,14463,14466,14467,
14468,14469,14470,14471,14472,14473,14474,14475,
14476,14479,14480,14482,14487,14488,14489,14490,
14494,14495,14499,14500,14503,14504,14507,14508,
14510,14512,14514,14517,14518,14520,14521,14522,
14531,14533,14538,14540,14543,14545,14548,14550,
14553,14557,14559,14561,14565,14568,14569,14575,
14578,14581,14586,14588,14590,14598,14600,14612,
14618,14630,14631,14632,14633,14636,14637,14639,
14643,14644,14645,14646,14648,14649,14650,14651,
14654,14655,14656,14657,14658,14660,14661,14662,
14663,14664,14665,14667,14668,14669,14670,14671,
14672,14674,14675,14676,14677,14678,14682,14683,
14685,14686,14688,14689,14690,14691,14692,14693,
14694,14695,14696,14697,14698,14699,14700,14701,
14702,14703,14704,14705,14706,14707,14708,14709,
14710,14711,14712,14714,14715,14716,14719,14720,
14722,14723,14725,14727,14728,14730,14731,14732,
14734,14735,14736,14737,14738,14739,14740,14741,
14742,14743,14744,14745,14746,14749,14750,14752,
14757,14758,14759,14760,14761,14762,14763,14764,
14766,14767,14768,14770,14772,14775,14776,14777,
14778,14781,14785,14786,14787,14788,14789,14790,
14792,14793,14794,14795,14799,14801,14804,14805,
14807,14809,14811,14812,14815,14816,14817,14819,
14821,14822,14823,14824,14825,14826,14830,14831,
14832,14833,14835,14836,14837,14838,14839,14840,
14861,14862,14863,14864,14865,14866,14867,14869,
14870,14872,14873,14874,14878,14879,14881,14882,
14883,14884,14885,14886,14887,14888,14889,14890,
14891,14893,14894,14895,14896,14897,14898,14899,
14900,14901,14902,14904,14905,14906,14907,14908,
14909,14910,14911,14912,14913,14914,14915,14916,
14917,14918,14919,14920,14921,14922,14923,14924,
14925,14926,14927,14928,14929,14930,14931,14932,
14933,14934,14935,14936,14937,14938,14939,14940,
14941,14942,14943,14944,14945,14946,14947,14948,
14949,14951,14952,14953,14954,14955,14956,14958,
14960,14961,14962,14964,14965,14968,14969,14970,
14996,14999,15015,15016,15017,15018,15019,15020,
15021,15022,15023,15025,15026,15027,15029,15031,
15032,15033,15034,15035,15036,15037,15038,15039,
15040,15041,15042,15043,15044,15045,15046,15047,
15061,15062,15063,15064,15065,15067,15068,15069,
15070,15071,15072,15073,15075,15076,15079,15080,
15082,15083,15084,15087,15088,15089,15090,15091,
15092,15093,15094,15095,15096,15097,15098,15099,
15100,15101,15102,15104,15105,15106,15108,15109,
15110,15111,15112,15114,15115,15116,15117,15119,
15120,15121,15122,15123,15124,15125,15126,15127,
15128,15129,15130,15131,15133,15134,15136,15137,
15138,15139,15140,15141,15142,15143,15144,15145,
15146,15147,15148,15149,15150,15151,15152,15154,
15155,15156,15157,15158,15159,15160,15161,15162,
15163,15164,15166,15167,15168,15169,15170,15171,
15172,15173,15174,15175,15176,15177,15178,15179,
15180,15181,15182,15183,15184,15185,15186,15187,
15188,15189,15190,15191,15192,15193,15194,15196,
15197,15198,15199,15200,15201,15203,15205,15206,
15207,15208,15209,15210,15211,15214,15217,15222,
15243,15245,15246,15251,15254,15256,15258,15259,
15260,15261,15263,15264,15265,15266,15267,15268,
15269,15270,15271,15272,15273,15274,15275,15276,
15277,15289,15293,15294,15298,15305,15308,15309,
15313,15317,15318,15319,15320,15321,15322,15324,
15326,15335,15337,15339,15341,15347,15350,15354,
15355,15357,15358,15359,15360,15363,15365,15367,
15368,15369,15371,15372,15373,15374,15376,15378,
15380,15381,15382,15383,15385,15386,15390,15413,
15415,15416,15427,15429,15430,15432,15440,15441,
15442,15443,15444,15445,15447,15448,15450,15451,
15452,15453,15454,15455,15456,15460,15461,15462,
15463,15464,15465,15466,15467,15468,15469,15470,
15474,15475,15478,15486,15499,15516,15518,15521,
15534,15544,15546,15553,15573,15574,15579,15590,
15602,15603,15604,15605,15606,15607,15608,15609,
15610,15611,15612,15613,15614,15615,15616,15618,
15619,15620,15621,15622,15623,15624,15626,15628,
15629,15630,15631,15632,15633,15634,15635,15638,
15639,15641,15642,15643,15644,15646,15647,15649,
15651,15653,15655,15656,15657,15658,15659,15660,
15661,15662,15663,15664,15665,15666,15667,15669,
15670,15671,15673,15674,15675,15676,15677,15678,
15679,15681,15682,15686,15687,15688,15689,15690,
15691,15692,15693,15694,15696,15697,15698,15699,
15700,15701,15702,15703,15704,15705,15706,15707,
15709,15710,15711,15712,15713,15714,15716,15717,
15718,15719,15720,15729,15734,15739,15740,15749,
15750,15751,15752,15753,15755,15756,15757,15758,
15759,15760,15761,15763,15764,15765,15766,15768,
15769,15770,15771,15773,15775,15776,15777,15778,
15779,15780,15784,15787,15793,15803,15806,15812,
15817,15819,15820,15832,15833,15834,15835,15836,
15837,15838,15839,15840,15841,15843,15844,15845,
15846,15847,15848,15849,15850,15851,15852,15855,
15858,15859,15860,15868,15869,15871,15877,15878,
15886,15887,15888,15889,15890,15891,15892,15893,
15894,15895,15896,15897,15898,15899,15900,15901,
15902,15903,15904,15908,15909,15910,15913,15914,
15915,15916,15917,15918,15919,15922,15923,15924,
15925,15926,15927,15929,15931,15932,15933,15934,
15936,15937,15939,15940,15941,15942,15943,15944,
15945,15946,15948,15949,15950,15952,15953,15954,
15955,15956,15957,15961,15962,15963,15964,15965,
15966,15968,15969,15970,15971,15972,15975,15976,
15977,15978,15979,15980,15981,15982,15983,15985,
15986,15988,15990,15992,15993,15994,15999,16003,
16004,16005,16006,16007,16008,16009,16010,16011,
16012,16014,16016,16017,16018,16019,16020,16021,
16022,16023,16024,16025,16027,16028,16029,16030,
16031,16032,16033,16034,16035,16036,16037,16038,
16039,16040,16041,16042,16043,16044,16045,16046,
16047,16049,16050,16051,16052,16053,16054,16056,
16057,16058,16059,16060,16061,16062,16063,16064,
16065,16066,16067,16068,16069,16070,16071,16072,
16073,16074,16076,16077,16078,16079,16080,16081,
16082,16084,16085,16086,16087,16088,16089,16091,
16092,16093,16094,16095,16096,16097,16098,16099,
16100,16101,16102,16103,16104,16105,16107,16108,
16109,16110,16111,16112,16114,16115,16118,16119,
16121,16122,16123,16124,16126,16127,16128,16129,
16131,16133,16135,16139,16140,16141,16145,16147,
16148,16149,16150,16151,16152,16153,16154,16155,
16156,16157,16158,16159,16160,16161,16162,16163,
16164,16165,16166,16167,16169,16170,16171,16173,
16174,16179,16182,16184,16185,16205,16206,16207,
16208,16209,16211,16212,16213,16214,16215,16216,
16217,16218,16219,16220,16221,16222,16223,16224,
16225,16226,16227,16228,16229,16230,16231,16233,
16235,16236,16240,16241,16245,16246,16247,16249,
16257,16262,16263,16271,16272,16273,16274,16275,
16277,16278,16279,16280,16281,16283,16286,16287,
16288,16289,16291,16292,16293,16294,16296,16297,
16298,16299,16300,16301,16307,16314,16322,16328,
16329,16339,16347,16348,16349,16350,16351,16352,
16353,16354,16355,16356,16357,16358,16359,16360,
16361,16362,16363,16364,16365,16367,16370,16371,
16372,16375,16376,16377,16378,16379,16380,16382,
16384,16385,16386,16387,16388,16390,16391,16392,
16393,16394,16395,16403,16404,16405,16406,16407,
16408,16409,16410,16411,16412,16413,16414,16415,
16416,16428,16430,16431,16432,16433,16435,16436,
16437,16438,16439,16440,16441,16442,16443,16444,
16445,16446,16447,16448,16449,16450,16451,16452,
16453,16454,16455,16456,16457,16458,16460,16466,
16467,16468,16469,16470,16471,16472,16473,16475,
16476,16478,16500,16506,16507,16512,16533,16534,
16535,16536,16537,16538,16539,16541,16543,16544,
16545,16546,16547,16548,16549,16550,16552,16554,
16555,16560,16561,16566,16568,16569,16570,16574,
16575,16576,16577,16578,16579,16580,16581,16582,
16583,16585,16586,16587,16588,16589,16590,16591,
16592,16593,16594,16595,16596,16597,16598,16599,
16600,16601,16602,16604,16605,16606,16607,16608,
16609,16610,16611,16612,16613,16614,16615,16616,
16617,16618,16619,16620,16621,16623,16624,16625,
16626,16628,16629,16633,16639,16641,16642,16643,
16645,16646,16647,16667,16671,16692,16693,16694,
16695,16696,16697,16698,16699,16700,16701,16702,
16703,16704,16705,16706,16707,16708,16709,16710,
16711,16712,16713,16714,16715,16717,16718,16720,
16721,16724,16726,16727,16730,16731,16733,16734,
16735,16736,16737,16738,16740,16741,16744,16745,
16747,16748,16749,16751,16752,16753,16754,16755,
16756,16757,16758,16761,16762,16763,16764,16765,
16770,16771,16775,16776,16778,16779,16782,16783,
16794,16807,16809,16811,16812,16821,16822,16823,
16824,16825,16826,16827,16829,16830,16831,16832,
16833,16834,16835,16836,16838,16839,16840,16841,
16842,16843,16844,16845,16846,16847,16848,16850,
16851,16852,16853,16854,16855,16856,16857,16858,
16860,16861,16862,16863,16864,16865,16866,16867,
16868,16869,16870,16871,16872,16873,16874,16876,
16879,16881,16882,16884,16885,16887,16888,16889,
16890,16892,16893,16895,16896,16897,16898,16899,
16900,16901,16902,16903,16904,16905,16906,16907,
16908,16909,16910,16911,16913,16916,16918,16919,
16920,16921,16922,16923,16924,16925,16926,16927,
16928,16930,16931,16932,16933,16934,16935,16936,
16937,16938,16939,16940,16941,16942,16943,16944,
16945,16947,16948,16949,16950,16951,16952,16953,
16954,16955,16956,16958,16959,16961,16962,16963,
16964,16965,16966,16967,16969,16971,16972,16974,
16976,16977,16978,16979,16982,16985,16994,16997,
17000,17002,17006,17010,17011,17012,17013,17014,
17015,17016,17017,17018,17019,17021,17022,17023,
17024,17025,17026,17027,17028,17029,17030,17032,
17033,17035,17037,17039,17040,17041,17042,17043,
17044,17045,17047,17048,17049,17050,17051,17052,
17054,17055,17056,17059,17060,17061,17062,17063,
17064,17065,17066,17067,17069,17070,17071,17072,
17073,17074,17075,17077,17078,17080,17085,17088,
17089,17090,17093,17097,17098,17099,17100,17101,
17118,17123,17139,17169,17172,17195,17212,17216,
17217,17218,17221,17227,17228,17230,17231,17232,
17235,17236,17237,17241,17242,17243,17244,17246,
17247,17249,17254,17256,17257,17258,17259,17260,
17271,17272,17282,17283,17284,17285,17286,17287,
17288,17289,17291,17294,17295,17296,17297,17298,
17299,17300,17301,17302,17303,17304,17305,17306,
17307,17308,17309,17310,17311,17312,17313,17314,
17315,17316,17317,17318,17319,17320,17321,17322,
17323,17324,17325,17326,17327,17328,17329,17330,
17331,17332,17333,17335,17336,17337,17338,17339,
17340,17341,17342,17343,17344,17346,17347,17349,
17350,17351,17352,17356,17357,17358,17359,17360,
17361,17362,17363,17364,17367,17368,17372,17375,
17376,17377,17378,17379,17400,17401,17410,17412,
17415,17416,17417,17418,17421,17423,17425,17427,
17428,17431,17433,17435,17437,17438,17442,17446,
17447,17452,17453,17454,17455,17460,17461,17462,
17463,17477,17479,17483,17484,17485,17486,17487,
17489,17492,17496,17503,17513,17517,17519,17526,
17532,17536,17553,17566,17568,17574,17583,17586,
17595,17596,17597,17618,17619,17620,17621,17622,
17623,17624,17625,17626,17627,17628,17629,17630,
17631,17632,17633,17634,17635,17636,17637,17638,
17639,17640,17641,17642,17643,17644,17645,17646,
17647,17648,17649,17651,17652,17653,17654,17655,
17656,17657,17658,17659,17660,17661,17662,17663,
17664,17666,17667,17670,17671,17672,17676,17677,
17679,17680,17681,17684,17685,17686,17687,17689,
17691,17693,17695,17696,17699,17700,17701,17702,
17704,17705,17710,17714,17715,17716,17717,17722,
17726,17734,17741,17747,17748,17751,17759,17761,
17764,17765,17766,17767,17768,17769,17770,17772,
17773,17774,17776,17777,17778,17779,17780,17782,
17783,17784,17785,17786,17788,17789,17791,17794,
17795,17796,17797,17798,17799,17800,17802,17806,
17807,17808,17809,17810,17811,17812,17813,17814,
17815,17816,17817,17818,17819,17820,17823,17824,
17825,17826,17827,17828,17829,17831,17832,17833,
17834,17835,17836,17837,17838,17840,17870,17877,
17879,17884,17885,17888,17891,17892,17909,17920,
17928,17933,17937,17941,17944,17945,17946,17947,
17970,17971,17972,17973,17974,17975,17976,17978,
17979,17980,17981,17982,17983,17984,17985,17986,
17987,17988,17989,17991,17992,17993,17994,17996,
17997,17998,17999,18000,18001,18002,18003,18004,
18006,18008,18009,18010,18012,18015,18016,18017,
18022,18023,18026,18027,18028,18032,18075,18095,
18101,18103,18104,18111,18130,18156,18165,18172,
18177,18179,18180,18187,18189,18190,18195,18199,
18201,18205,18207,18210,18211,18212,18213,18215,
18216,18219,18220,18222,18223,18224,18227,18230,
18231,18232,18233,18234,18244,18256,18261,18263,
18264,18265,18266,18267,18268,18269,18270,18271,
18272,18273,18274,18275,18276,18277,18278,18279,
18280,18281,18282,18283,18284,18286,18287,18288,
18289,18290,18291,18292,18293,18294,18295,18296,
18297,18299,18300,18301,18302,18303,18304,18306,
18307,18309,18310,18311,18312,18314,18318,18327,
18330,18335,18344,18349,18352,18353,18355,18356,
18357,18358,18359,18367,18368,18369,18370,18371,
18372,18373,18374,18375,18376,18377,18378,18379,
18380,18381,18382,18383,18384,18385,18390,18396,
18397,18401,18406,18410,18411,18412,18415,18416,
18417,18419,18424,18425,18428,18429,18431,18437,
18439,18440,18441,18442,18443,18444,18445,18446,
18447,18449,18450,18451,18454,18455,18456,18457,
18458,18462,18464,18465,18466,18488,18496,18502,
18562,18565,18566,18575,18576,18577,18579,18583,
18585,18587,18588,18589,18590,18591,18592,18593,
18595,18596,18598,18599,18600,18602,18604,18605,
18606,18607,18608,18609,18610,18611,18612,18614,
18615,18618,18619,18621,18622,18624,18625,18627,
18629,18630,18631,18633,18634,18635,18636,18637,
18638,18640,18641,18642,18645,18646,18647,18648,
18650,18657,18667,18668,18669,18671,18672,18673,
18674,18675,18676,18678,18679,18680,18681,18682,
18683,18684,18685,18686,18687,18694,18699,18700,
18701,18702,18703,18705,18707,18708,18722,18725,
18749,18764,18770,18772,18776,18783,18790,18798,
18803,18812,18814,18828,18829,18830,18833,18834,
18836,18841,18847,18848,18849,18856,18867,18868,
18877,18878,18879,18882,18884,18885,18886,18887,
18888,18889,18890,18894,18895,18896,18897,18898,
18899,18900,18902,18904,18905,18906,18907,18908,
18909,18910,18911,18912,18913,18914,18915,18916,
18917,18919,18920,18921,18922,18923,18924,18925,
18926,18927,18928,18930,18931,18932,18933,18934,
18935,18936,18937,18938,18939,18940,18941,18942,
18943,18944,18945,18946,18950,18951,18952,18953,
18954,18955,18956,18957,18958,18959,18960,18961,
18962,18963,18972,18979,18982,18983,18985,18986,
18987,18989,18990,18991,18992,18993,18994,18996,
18997,18998,18999,19000,19002,19003,19004,19005,
19006,19007,19008,19009,19010,19011,19012,19013,
19014,19015,19016,19017,19018,19019,19020,19021,
19023,19024,19025,19026,19027,19028,19029,19030,
19031,19032,19034,19035,19038,19042,19045,19046,
19047,19049,19050,19051,19052,19053,19056,19059,
19060,19061,19062,19065,19066,19067,19068,19069,
19071,19072,19073,19074,19077,19078,19080,19081,
19082,19083,19084,19086,19088,19089,19090,19092,
19093,19094,19095,19096,19097,19098,19099,19100,
19101,19102,19103,19106,19108,19123,19125,19131,
19132,19140,19142,19145,19147,19148,19166,19167,
19168,19169,19170,19171,19173,19174,19176,19178,
19180,19181,19182,19193,19196,19203,19218,19224,
19233,19235,19242,19246,19251,19252,19253,19262,
19264,19273,19274,19275,19276,19277,19278,19279,
19280,19281,19282,19283,19284,19285,19286,19287,
19288,19289,19290,19291,19292,19293,19294,19295,
19297,19299,19300,19301,19302,19303,19304,19305,
19312,19326,19329,19346,19347,19348,19349,19350,
19351,19352,19353,19356,19358,19359,19360,19361,
19363,19364,19365,19367,19369,19370,19371,19372,
19374,19376,19377,19378,19379,19380,19382,19385,
19386,19396,19397,19398,19399,19401,19402,19405,
19406,19407,19408,19409,19412,19413,19414,19416,
19418,19419,19421,19432,19436,19437,19447,19448,
19454,19457,19458,19463,19465,19473,19474,19475,
19478,19479,19480,19482,19488,19491,19495,19503,
19522,19524,19533,19534,19535,19540,19544,19554,
19555,19557,19558,19560,19563,19565,19567,19573,
19575,19576,19578,19582,19583,19584,19586,19587,
19589,19590,19591,19594,19595,19596,19597,19598,
19599,19600,19601,19603,19604,19605,19672,19683,
19686,19687,19688,19692,19693,19695,19698,19701,
19705,19706,19707,19708,19709,19711,19712,19713,
19714,19715,19720,19721,19724,19725,19726,19727,
19728,19729,19731,19732,19733,19735,19736,19741,
19743,19744,19745,19746,19747,19748,19749,19750,
19752,19753,19754,19755,19757,19758,19760,19762,
19763,19764,19765,19768,19773,19774,19775,19776,
19778,19779,19781,19782,19783,19784,19785,19786,
19787,19788,19789,19790,19791,19792,19793,19794,
19795,19796,19797,19798,19799,19801,19802,19804,
19805,19806,19807,19808,19810,19811,19812,19813,
19819,19828,19836,19843,19850,19853,19857,19865,
19905,19920,19925,19936,19937,19945,19949,19956,
19961,19981,19990,19991,19992,19993,19994,19995,
20006,20009,20015,20016,20018,20032,20033,20037,
20038,20041,20049,20054,20056,20057,20058,20059,
20060,20061,20063,20064,20065,20066,20085,20088,
20089,20096,20098,20099,20104,20108,20115,20121,
20122,20123,20136,20141,20142,20145,20153,20155,
20158,20159,20160,20162,20163,20164,20167,20168,
20169,20174,20192,20212,20225,20253,20256,20262,
20281,20289,20330,20331,20357,20360,20363,20370,
20375,20385,20386,20387,20388,20393,20394,20396,
20397,20402,20403,20405,20408,20410,20413,20414,
20415,20416,20417,20418,20437,20438,20439,20440,
20447,20448,20453,20457,20475,20478,20484,20485,
20486,20490,20491,20497,20498,20499,20500,20510,
20511,20512,20514,20515,20516,20517,20518,20519,
20520,20522,20524,20525,20527,20528,20529,20532,
20533,20534,20535,20536,20537,20538,20539,20541,
20543,20593,20604,20605,20606,20607,20608,20610,
20611,20612,20613,20615,20620,20621,20670,20674,
20692,20693,20694,20695,20696,20697,20698,20699,
20700,20701,20702,20703,20705,20706,20707,20709,
20710,20711,20712,20713,20714,20716,20717,20718,
20719,20720,20721,20722,20723,20724,20726,20727,
20728,20729,20731,20732,20733,20734,20735,20736,
20737,20738,20739,20740,20741,20747,20751,20752,
20755,20758,20764,20765,20774,20775,20778,20785,
20787,20790,20791,20792,20796,20797,20798,20800,
20807,20813,20814,20816,20817,20818,20819,20821,
20822,20824,20825,20827,20829,20830,20831,20832,
20834,20835,20837,20838,20840,20841,20843,20845,
20848,20850,20851,20853,20858,20873,20876,20879,
20880,20882,20884,20885,20886,20887,20888,20889,
20913,20914,20915,20916,20917,20918,20919,20920,
20926,20927,20928,20929,20930,20931,20932,20933,
20938,20939,20940,20941,20942,20943,20944,20948,
20949,20950,20951,20954,20959,20961,20965,20967,
20969,20973,20974,20977,20978,20979,20982,20983,
20986,20988,20989,20991,20992,20993,20994,20998,
20999,21000,21002,21003,21004,21005,21006,21007,
21008,21009,21010,21011,21012,21013,21014,21015,
21016,21017,21018,21019,21020,21021,21022,21023,
21024,21025,21026,21027,21028,21029,21030,21031,
21032,21033,21034,21035,21036,21037,21038,21039,
21040,21041,21042,21043,21044,21045,21046,21047,
21048,21049,21050,21051,21052,21053,21054,21055,
21056,21057,21059,21060,21061,21062,21063,21065,
21066,21067,21068,21069,21070,21071,21072,21073,
21074,21076,21077,21078,21079,21080,21081,21082,
21083,21084,21085,21086,21087,21088,21089,21091,
21092,21093,21094,21095,21096,21097,21098,21099,
21100,21101,21102,21103,21104,21105,21106,21107,
21108,21109,21110,21111,21113,21114,21115,21117,
21118,21120,21121,21122,21123,21124,21125,21126,
21127,21128,21129,21134,21141,21151,21158,21159,
21165,21170,21172,21177,21179,21180,21184,21186,
21187,21188,21189,21190,21191,21192,21193,21194,
21195,21197,21198,21199,21200,21201,21215,21222,
21234,21261,21264,21267,21281,21290,21297,21307,
21308,21329,21331,21347,21348,21355,21357,21358,
21360,21361,21362,21365,21366,21367,21368,21370,
21371,21372,21373,21374,21375,21376,21377,21378,
21422,21434,21456,21491,21496,21515,21518,21519,
21530,21531,21532,21533,21536,21537,21538,21539,
21540,21543,21544,21545,21546,21548,21549,21550,
21551,21552,21553,21554,21555,21556,21557,21558,
21559,21561,21568,21581,21582,21583,21584,21585,
21589,21590,21594,21595,21596,21597,21598,21599,
21601,21602,21617,21619,21620,21641,21653,21654,
21661,21663,21664,21665,21666,21667,21668,21669,
21670,21672,21675,21676,21677,21679,21680,21682,
21683,21684,21685,21687,21689,21691,21692,21694,
21695,21696,21697,21698,21700,21701,21702,21703,
21706,21707,21744,21745,21748,21750,21753,21756,
21759,21761,21774,21775,21776,21777,21779,21780,
21781,21782,21783,21784,21785,21786,21787,21788,
21789,21790,21791,21792,21793,21794,21795,21796,
21797,21798,21799,21800,21801,21802,21803,21804,
21805,21806,21807,21808,21809,21810,21811,21812,
21813,21814,21815,21816,21817,21818,21819,21820,
21821,21822,21823,21824,21825,21826,21827,21828,
21829,21830,21831,21832,21833,21834,21835,21836,
21837,21838,21839,21840,21841,21842,21843,21844,
21845,21846,21847,21848,21849,21850,21851,21852,
21853,21854,21855,21856,21857,21858,21859,21860,
21861,21863,21864,21865,21868,21869,21871,21877,
21879,21881,21883,21884,21891,21895,21896,21906,
21907,21908,21909,21910,21911,21912,21913,21914,
21915,21916,21918,21919,21920,21921,21922,21923,
21924,21925,21926,21927,21928,21929,21930,21931,
21932,21933,21934,21935,21937,21939,21940,21941,
21942,21943,21944,21945,21946,21947,21948,21949,
21950,21951,21952,21954,21955,21956,21957,21958,
21960,21961,21962,21963,21964,21965,21966,21967,
21971,21972,21974,21975,21977,21978,21979,21980,
21981,21982,21983,21984,21985,21986,21987,21988,
21989,21990,21991,21992,21993,21994,21995,21996,
21997,21998,21999,22001,22002,22003,22004,22005,
22006,22007,22008,22009,22010,22011,22014,22015,
22016,22017,22021,22022,22024,22025,22026,22027,
22028,22029,22031,22032,22033,22034,22035,22036,
22037,22038,22039,22040,22041,22045,22052,22060,
22062,22072,22073,22074,22075,22076,22077,22078,
22079,22080,22081,22082,22083,22084,22085,22086,
22087,22088,22089,22092,22096,22097,22100,22101,
22102,22103,22104,22105,22108,22111,22112,22113,
22114,22115,22116,22117,22118,22119,22120,22122,
22123,22124,22125,22126,22127,22128,22129,22130,
22131,22132,22133,22134,22135,22136,22137,22138,
22139,22140,22141,22142,22144,22145,22146,22147,
22148,22149,22150,22151,22152,22153,22154,22155,
22156,22157,22158,22159,22160,22161,22162,22163,
22164,22165,22166,22168,22169,22170,22171,22172,
22173,22174,22175,22181,22193,22206,22207,22208,
22209,22210,22211,22212,22213,22214,22215,22217,
22218,22219,22220,22221,22222,22223,22224,22225,
22226,22227,22228,22229,22230,22231,22232,22233,
22234,22236,22237,22238,22239,22240,22241,22242,
22243,22244,22245,22246,22247,22248,22249,22250,
22251,22254,22255,22256,22257,22258,22260,22261,
22262,22263,22264,22265,22283,22296,22298,22303,
22326,22327,22334,22335,22336,22337,22338,22340,
22342,22343,22345,22346,22347,22348,22349,22350,
22351,22352,22353,22354,22355,22356,22357,22358,
22359,22360,22362,22363,22364,22368,22369,22370,
22371,22377,22381,22383,22390,22392,22395,22396,
22397,22398,22402,22403,22404,22405,22417,22424,
22435,22436,22437,22438,22439,22440,22441,22443,
22444,22445,22446,22447,22448,22449,22450,22452,
22453,22454,22455,22456,22457,22458,22459,22460,
22461,22462,22463,22467,22482,22493,22495,22506,
22507,22520,22521,22524,22532,22535,22538,22539,
22543,22544,22545,22546,22547,22548,22549,22550,
22551,22552,22590,22600,22601,22602,22603,22604,
22605,22607,22608,22609,22610,22612,22613,22614,
22615,22616,22617,22618,22619,22620,22621,22622,
22623,22624,22625,22626,22627,22628,22629,22630,
22631,22632,22633,22634,22636,22637,22638,22639,
22640,22642,22643,22644,22645,22646,22647,22648,
22649,22650,22651,22652,22653,22654,22655,22656,
22657,22658,22659,22660,22662,22666,22667,22668,
22669,22672,22673,22674,22676,22678,22680,22681,
22685,22686,22687,22696,22700,22702,22705,22706,
22709,22710,22719,22720,22721,22722,22723,22724,
22725,22726,22727,22728,22729,22730,22731,22735,
22736,22737,22739,22740,22741,22742,22743,22744,
22745,22746,22747,22748,22750,22751,22752,22753,
22754,22755,22756,22757,22758,22759,22760,22761,
22762,22763,22764,22765,22767,22768,22769,22770,
22771,22772,22773,22774,22775,22776,22777,22778,
22780,22781,22782,22783,22784,22785,22786,22790,
22791,22792,22794,22795,22796,22797,22807,22810,
22812,22814,22819,22825,22827,22828,22829,22830,
22831,22832,22833,22834,22835,22836,22837,22838,
22839,22840,22842,22843,22844,22845,22846,22847,
22848,22849,22850,22851,22852,22853,22854,22862,
22867,22889,22891,22916,22917,22919,22920,22921,
22922,22923,22925,22927,22928,22932,22933,22935,
22936,22937,22938,22939,22940,22941,22942,22943,
22944,22945,22948,22949,22950,22952,22953,22955,
22956,22957,22960,22961,22963,22966,22968,22972,
22973,22977,22978,22983,22992,22993,22999,23001,
23002,23015,23031,23040,23042,23043,23045,23049,
23055,23056,23061,23069,23071,23072,23073,23074,
23075,23079,23081,23084,23085,23086,23087,23088,
23089,23090,23091,23092,23093,23094,23095,23096,
23097,23098,23099,23100,23102,23103,23104,23105,
23106,23107,23108,23109,23110,23111,23112,23113,
23114,23115,23117,23118,23119,23120,23121,23122,
23123,23124,23125,23126,23127,23128,23129,23130,
23131,23132,23134,23135,23136,23137,23138,23139,
23140,23141,23142,23143,23161,23180,23181,23182,
23183,23184,23185,23187,23188,23189,23190,23193,
23194,23195,23196,23197,23198,23199,23200,23201,
23202,23203,23204,23205,23206,23207,23208,23209,
23210,23211,23212,23213,23214,23215,23216,23217,
23218,23219,23220,23222,23223,23224,23226,23227,
23228,23229,23230,23231,23232,23253,23259,23260,
23261,23273,23275,23288,23289,23290,23291,23292,
23293,23294,23295,23296,23297,23298,23299,23300,
23301,23302,23303,23304,23305,23306,23307,23308,
23309,23310,23311,23312,23313,23314,23315,23316,
23317,23318,23319,23320,23321,23322,23324,23325,
23326,23328,23329,23330,23332,23333,23334,23335,
23336,23337,23338,23340,23342,23343,23344,23347,
23348,23349,23350,23351,23354,23356,23357,23358,
23359,23360,23361,23362,23367,23368,23369,23370,
23371,23372,23373,23375,23376,23377,23378,23379,
23380,23381,23382,23383,23384,23385,23386,23387,
23388,23389,23391,23392,23393,23394,23397,23398,
23399,23400,23403,23404,23405,23408,23409,23410,
23411,23414,23415,23416,23417,23418,23419,23420,
23421,23422,23425,23430,23435,23438,23446,23447,
23455,23468,23471,23472,23473,23474,23475,23476,
23477,23478,23479,23480,23481,23482,23483,23484,
23485,23486,23487,23488,23489,23491,23492,23493,
23494,23495,23496,23497,23498,23499,23500,23501,
23502,23503,23504,23505,23506,23507,23508,23509,
23510,23511,23513,23517,23518,23520,23521,23522,
23523,23524,23525,23526,23527,23528,23529,23530,
23531,23532,23533,23534,23535,23536,23537,23538,
23539,23540,23541,23542,23543,23544,23545,23546,
23547,23548,23549,23550,23551,23552,23553,23554,
23555,23556,23557,23558,23559,23560,23561,23563,
23564,23565,23566,23567,23569,23570,23571,23572,
23573,23575,23576,23577,23578,23579,23580,23581,
23585,23588,23589,23591,23593,23596,23598,23600,
23601,23602,23603,23604,23605,23606,23607,23608,
23609,23610,23611,23613,23614,23615,23616,23617,
23618,23619,23649,23651,23654,23655,23656,23657,
23658,23659,23660,23661,23662,23663,23664,23665,
23666,23667,23668,23669,23683,23687,23688,23692,
23693,23695,23696,23715,23716,23717,23718,23719,
23720,23721,23722,23723,23724,23725,23726,23727,
23728,23729,23730,23731,23732,23733,23734,23735,
23736,23737,23738,23739,23741,23742,23743,23744,
23747,23748,23749,23750,23751,23752,23754,23755,
23768,23773,23783,23784,23785,23787,23788,23789,
23790,23791,23794,23795,23797,23799,23801,23802,
23809,23815,23820,23821,23824,23825,23826,23827,
23830,23854,23855,23856,23857,23858,23859,23860,
23861,23862,23863,23864,23865,23866,23867,23868,
23869,23870,23871,23872,23873,23874,23875,23876,
23877,23878,23879,23880,23881,23882,23884,23885,
23886,23887,23888,23889,23890,23891,23892,23893,
23894,23895,23897,23898,23899,23903,23904,23911,
23912,23913,23914,23915,23916,23917,23918,23921,
23924,23925,23926,23930,23932,23937,23938,23939,
23941,23942,23952,23957,23966,23978,23979,23982,
24007,24014,24019,24026,24027,24031,24033,24040,
24041,24043,24045,24049,24050,24051,24052,24053,
24054,24055,24056,24057,24060,24061,24069,24073,
24088,24099,24111,24113,24116,24120,24121,24122,
24123,24124,24128,24129,24138,24139,24147,24152,
24157,24160,24168,24170,24171,24172,24173,24174,
24175,24177,24178,24179,24180,24181,24182,24183,
24184,24185,24187,24188,24189,24190,24191,24192,
24193,24194,24195,24196,24197,24198,24199,24200,
24201,24202,24203,24204,24205,24206,24207,24208,
24209,24210,24211,24212,24213,24214,24215,24216,
24217,24218,24219,24220,24221,24222,24223,24224,
24225,24226,24227,24228,24229,24230,24231,24232,
24233,24234,24235,24236,24238,24239,24240,24241,
24244,24246,24247,24248,24251,24253,24255,24257,
24258,24260,24261,24263,24264,24265,24266,24267,
24268,24269,24270,24272,24283,24288,24294,24320,
24328,24348,24350,24354,24355,24357,24361,24364,
24366,24369,24370,24371,24374,24375,24376,24377,
24378,24379,24380,24381,24382,24383,24384,24385,
24386,24387,24388,24389,24390,24391,24392,24393,
24394,24395,24396,24397,24398,24399,24400,24401,
24402,24403,24404,24405,24406,24407,24408,24409,
24411,24412,24413,24414,24415,24416,24417,24418,
24419,24420,24421,24422,24423,24424,24425,24426,
24427,24430,24431,24432,24433,24434,24435,24437,
24438,24439,24440,24442,24443,24444,24448,24450,
24451,24452,24453,24454,24456,24457,24458,24459,
24460,24461,24462,24463,24464,24524,24528,24539,
24540,24541,24543,24546,24548,24549,24550,24552,
24553,24554,24555,24556,24557,24558,24562,24563,
24567,24574,24579,24581,24601,24602,24603,24607,
24611,24613,24621,24629,24630,24639,24644,24649,
24653,24656,24657,24659,24661,24662,24663,24664,
24665,24666,24667,24668,24670,24672,24674,24675,
24676,24677,24678,24679,24680,24681,24682,24683,
24684,24685,24686,24687,24688,24689,24690,24694,
24695,24696,24698,24699,24700,24701,24702,24703,
24704,24705,24708,24709,24711,24712,24713,24714,
24727,24732,24733,24734,24735,24736,24750,24751,
24759,24765,24770,24779,24782,24784,24798,24823,
24829,24856,24859,24861,24862,24864,24873,24874,
24875,24876,24877,24878,24879,24880,24881,24885,
24886,24887,24888,24889,24891,24892,24893,24894,
24895,24896,24897,24898,24899,24900,24901,24902,
24903,24904,24905,24907,24908,24911,24916,24917,
24918,24919,24920,24921,24922,24923,24944,24960,
24962,24973,24974,24987,24988,24990,24991,24992,
24993,24994,24997,24998,24999,25000,25001,25055,
25056,25078,25081,25082,25083,25084,25085,25086,
25087,25088,25089,25090,25091,25092,25093,25094,
25095,25096,25097,25098,25101,25102,25103,25104,
25105,25106,25107,25108,25109,25110,25111,25112,
25113,25114,25115,25116,25117,25118,25119,25120,
25121,25122,25123,25124,25125,25126,25129,25132,
25133,25134,25135,25136,25137,25138,25139,25140,
25141,25142,25143,25144,25145,25146,25147,25148,
25149,25150,25151,25152,25153,25154,25155,25156,
25157,25158,25159,25160,25161,25162,25164,25165,
25166,25167,25168,25170,25171,25172,25173,25174,
25175,25176,25177,25178,25179,25180,25182,25184,
25186,25193,25194,25196,25209,25210,25211,25212,
25213,25214,25215,25216,25218,25219,25220,25221,
25222,25223,25224,25225,25226,25227,25228,25229,
25230,25231,25234,25235,25236,25237,25238,25239,
25240,25241,25242,25243,25244,25247,25250,25251,
25253,25256,25257,25260,25261,25264,25271,25301,
25308,25344,25359,25375,25384,25386,25401,25416,
25417,25418,25419,25420,25421,25422,25423,25424,
25425,25426,25427,25428,25429,25430,25431,25432,
25433,25434,25435,25436,25437,25438,25439,25440,
25441,25442,25443,25444,25445,25446,25447,25448,
25450,25451,25454,25455,25456,25457,25458,25459,
25460,25461,25462,25463,25464,25465,25467,25468,
25469,25470,25471,25473,25474,25475,25479,25480,
25481,25482,25483,25484,25486,25487,25488,25489,
25490,25491,25492,25493,25494,25495,25496,25497,
25498,25499,25500,25501,25503,25512,25515,25547,
25552,25555,25556,25557,25558,25559,25560,25561,
25562,25563,25564,25565,25566,25567,25569,25570,
25571,25572,25573,25574,25575,25576,25577,25578,
25579,25580,25581,25582,25583,25584,25585,25589,
25590,25591,25592,25593,25594,25595,25596,25597,
25598,25599,25600,25601,25602,25603,25604,25605,
25606,25607,25608,25609,25610,25612,25613,25614,
25615,25616,25617,25618,25619,25620,25621,25622,
25623,25624,25625,25626,25627,25628,25629,25630,
25631,25632,25636,25644,25650,25656,25657,25658,
25659,25660,25661,25662,25664,25665,25666,25667,
25668,25669,25670,25671,25672,25673,25674,25675,
25676,25677,25678,25679,25680,25681,25682,25683,
25684,25685,25686,25687,25688,25689,25690,25693,
25698,25704,25706,25712,25716,25717,25728,25731,
25732,25733,25735,25737,25738,25739,25743,25813,
25838,25839,25841,25847,25849,25851,25852,25855,
25861,25862,25863,25864,25865,25866,25867,25868,
25869,25870,25871,25872,25873,25874,25875,25876,
25877,25878,25879,25880,25881,25882,25883,25884,
25885,25886,25887,25888,25889,25890,25891,25893,
25894,25895,25896,25897,25898,25899,25900,25901,
25902,25903,25905,25906,25907,25908,25909,25910,
25911,25912,25913,25914,25915,25916,25917,25918,
25919,25920,25922,25923,25924,25926,25956,25958,
25999,26018,26021,26024,26027,26035,26038,26039,
26040,26042,26044,26045,26046,26051,26053,26055,
26056,26057,26060,26061,26071,26092,26093,26094,
26095,26098,26099,26101,26103,26126,26127,26129,
26130,26137,26144,26148,26150,26151,26155,26156,
26158,26174,26175,26176,26177,26178,26180,26181,
26182,26183,26184,26185,26186,26187,26188,26189,
26190,26191,26192,26193,26194,26196,26197,26198,
26199,26200,26201,26202,26203,26204,26205,26206,
26207,26208,26209,26210,26211,26212,26213,26214,
26215,26216,26217,26218,26219,26220,26221,26223,
26224,26225,26227,26228,26229,26230,26232,26233,
26235,26236,26238,26239,26240,26241,26255,26266,
26273,26274,26275,26276,26277,26278,26279,26280,
26281,26282,26283,26284,26285,26286,26287,26288,
26290,26291,26292,26293,26294,26295,26296,26297,
26298,26299,26301,26302,26303,26304,26305,26306,
26307,26309,26310,26311,26314,26315,26316,26317,
26319,26320,26321,26322,26323,26324,26325,26326,
26328,26330,26336,26338,26339,26340,26341,26342,
26347,26356,26363,26364,26365,26366,26368,26369,
26370,26371,26372,26373,26374,26375,26376,26378,
26379,26381,26382,26384,26387,26388,26389,26390,
26391,26393,26396,26398,26399,26401,26402,26403,
26404,26413,26425,26429,26430,26431,26432,26433,
26434,26435,26436,26438,26439,26441,26442,26446,
26447,26449,26450,26453,26454,26455,26456,26457,
26458,26459,26460,26462,26463,26479,26488,26494,
26504,26508,26511,26512,26513,26514,26515,26516,
26517,26518,26519,26520,26521,26522,26523,26524,
26525,26526,26527,26528,26529,26530,26534,26535,
26536,26537,26538,26539,26540,26541,26542,26543,
26544,26546,26547,26548,26549,26550,26551,26553,
26554,26555,26556,26557,26559,26560,26561,26562,
26563,26564,26565,26566,26567,26568,26569,26570,
26575,26576,26577,26578,26588,26589,26603,26623,
26624,26627,26628,26629,26630,26632,26635,26636,
26637,26641,26643,26658,26659,26664,26667,26679,
26680,26682,26683,26684,26685,26686,26687,26688,
26689,26690,26691,26692,26693,26695,26696,26697,
26698,26699,26700,26701,26702,26703,26705,26706,
26707,26708,26709,26710,26711,26712,26713,26714,
26715,26716,26717,26718,26719,26720,26721,26722,
26769,26794,26795,26816,26817,26820,26821,26822,
26824,26834,26836,26838,26846,26849,26850,26856,
26862,26876,26903,26914,26915,26918,26994,27004,
27005,27006,27007,27008,27010,27012,27013,27017,
27018,27019,27020,27022,27024,27028,27029,27030,
27031,27032,27033,27034,27035,27036,27037,27038,
27039,27040,27041,27042,27043,27044,27045,27046,
27047,27048,27049,27050,27051,27052,27053,27054,
27055,27056,27057,27058,27059,27060,27061,27063,
27064,27065,27067,27068,27069,27070,27071,27072,
27073,27074,27075,27076,27077,27078,27079,27080,
27083,27085,27087,27088,27090,27091,27092,27094,
27095,27096,27106,27145,27146,27148,27149,27150,
27151,27152,27154,27155,27156,27157,27158,27159,
27219,27220,27221,27222,27223,27224,27225,27226,
27227,27229,27230,27231,27234,27235,27237,27239,
27240,27241,27244,27252,27277,27278,27279,27280,
27288,27304,27348,27353,27357,27359,27360,27375,
27376,27377,27378,27379,27381,27382,27383,27384,
27385,27386,27387,27388,27389,27390,27392,27393,
27396,27398,27399,27400,27401,27402,27404,27405,
27406,27408,27412,27453,27457,27459,27461,27462,
27463,27464,27465,27466,27467,27468,27469,27470,
27471,27472,27473,27474,27475,27476,27477,27478,
27479,27480,27481,27482,27483,27484,27485,27486,
27487,27488,27489,27490,27491,27492,27493,27494,
27495,27497,27498,27499,27500,27501,27502,27503,
27504,27506,27507,27508,27509,27512,27514,27515,
27516,27517,27520,27521,27522,27523,27524,27525,
27526,27527,27528,27529,27530,27531,27547,27548,
27549,27550,27551,27552,27553,27554,27555,27556,
27557,27558,27559,27560,27561,27562,27563,27564,
27565,27566,27567,27568,27570,27571,27572,27573,
27574,27575,27576,27577,27578,27580,27581,27582,
27583,27584,27585,27586,27589,27591,27595,27608,
27620,27636,27643,27645,27646,27647,27649,27650,
27651,27653,27655,27656,27657,27659,27660,27661,
27662,27663,27664,27665,27667,27668,27669,27670,
27671,27675,27677,27680,27683,27687,27691,27694,
27695,27696,27697,27698,27699,27700,27701,27702,
27713,27720,27722,27730,27746,27754,27755,27756,
27757,27758,27759,27760,27761,27762,27763,27764,
27765,27766,27767,27768,27769,27770,27771,27772,
27774,27775,27776,27777,27779,27780,27781,27782,
27783,27784,27785,27786,27788,27789,27790,27792,
27795,27799,27801,27807,27818,27820,27821,27825,
27830,27831,27832,27833,27834,27835,27836,27837,
27838,27839,27840,27841,27842,27843,27844,27845,
27846,27847,27848,27849,27850,27851,27852,27853,
27854,27855,27856,27857,27858,27859,27860,27861,
27862,27863,27864,27865,27866,27867,27869,27870,
27871,27872,27873,27874,27875,27876,27877,27878,
27879,27880,27881,27882,27883,27884,27885,27886,
27887,27888,27889,27890,27891,27892,27893,27894,
27895,27896,27897,27898,27899,27900,27901,27902,
27903,27904,27905,27906,27907,27909,27910,27911,
27912,27913,27914,27915,27918,27920,27922,27923,
27924,27926,27927,27928,27929,27930,27931,27932,
27933,27934,27935,27936,27937,27938,27939,27940,
27941,27942,27943,27944,27945,27946,27947,27948,
27949,27950,27951,27952,27953,27954,27955,27956,
27957,27958,27959,27960,27961,27962,27963,27964,
27965,27966,27967,27968,27969,27970,27971,27972,
27973,27975,27976,27977,27978,27979,27980,27981,
27982,27983,27984,27985,27986,27987,27988,27989,
27990,27992,27993,27994,27995,27998,27999,28005,
28006,28008,28012,28013,28066,28072,28087,28088,
28107,28110,28122,28129,28135,28146,28153,28158,
28162,28167,28173,28174,28175,28176,28177,28178,
28179,28180,28181,28182,28183,28184,28185,28186,
28187,28188,28189,28191,28192,28193,28194,28195,
28196,28197,28198,28199,28200,28201,28202,28203,
28204,28205,28206,28207,28208,28209,28210,28211,
28212,28213,28214,28215,28216,28217,28218,28219,
28221,28223,28224,28225,28226,28230,28242,28249,
28250,28251,28252,28253,28254,28255,28256,28257,
28258,28259,28260,28261,28262,28263,28264,28265,
28266,28267,28268,28269,28270,28271,28272,28273,
28274,28275,28276,28277,28279,28280,28281,28282,
28283,28285,28286,28287,28289,28290,28291,28292,
28294,28295,28296,28297,28300,28302,28303,28305,
28306,28307,28309,28328,28329,28330,28331,28332,
28333,28334,28335,28336,28337,28338,28339,28340,
28341,28342,28343,28344,28345,28346,28347,28348,
28349,28350,28351,28352,28353,28354,28355,28356,
28357,28359,28360,28361,28363,28364,28365,28366,
28368,28369,28370,28371,28372,28373,28374,28375,
28376,28377,28378,28379,28381,28382,28383,28384,
28385,28386,28387,28388,28389,28390,28393,28394,
28395,28396,28398,28419,28443,28488,28489,28491,
28493,28494,28495,28496,28497,28499,28500,28503,
28506,28507,28520,28556,28567,28580,28581,28582,
28583,28584,28585,28586,28587,28588,28589,28591,
28592,28593,28594,28596,28597,28598,28599,28600,
28601,28602,28603,28604,28605,28606,28607,28608,
28609,28610,28611,28612,28613,28614,28615,28616,
28617,28618,28619,28620,28621,28622,28623,28624,
28625,28626,28627,28628,28629,28630,28631,28632,
28633,28634,28635,28640,28657,28658,28659,28660,
28661,28662,28663,28664,28665,28666,28667,28668,
28669,28670,28671,28672,28673,28674,28675,28676,
28677,28678,28679,28680,28681,28682,28683,28684,
28685,28686,28687,28688,28689,28690,28692,28696,
28697,28698,28699,28700,28701,28703,28704,28705,
28706,28707,28708,28709,28710,28711,28712,28716,
28717,28722,28723,28724,28725,28726,28727,28744,
28745,28767,28768,28776,28788,28789,28790,28791,
28792,28793,28794,28795,28796,28797,28798,28799,
28801,28802,28804,28805,28806,28807,28808,28809,
28810,28811,28824,28838,28840,28843,28847,28852,
28853,28854,28861,28876,28885,28886,28887,28912,
28913,28914,28915,28916,28917,28918,28919,28920,
28921,28922,28923,28924,28925,28926,28928,28929,
28930,28931,28932,28933,28934,28938,28944,28945,
28946,28947,28948,28949,28950,28951,28952,28954,
28955,28956,28957,28962,28964,28973,28974,28977,
28978,28979,28980,28991,29012,29018,29021,29043,
29069,29086,29094,29103,29104,29105,29107,29108,
29109,29110,29111,29112,29113,29114,29115,29116,
29117,29118,29119,29121,29122,29123,29124,29127,
29128,29129,29130,29131,29132,29133,29134,29135,
29136,29137,29138,29139,29140,29141,29142,29172,
29176,29207,29208,29211,29215,29218,29219,29220,
29221,29223,29224,29225,29226,29227,29229,29230,
29231,29232,29235,29238,29239,29240,29253,29279,
29288,29290,29291,29293,29294,29297,29298,29299,
29300,29301,29302,29304,29305,29307,29308,29309,
29315,29317,29318,29319,29320,29321,29322,29323,
29327,29328,29329,29330,29333,29336,29337,29340,
29341,29342,29343,29344,29345,29346,29347,29348,
29349,29350,29351,29352,29353,29354,29355,29356,
29357,29358,29359,29362,29363,29364,29365,29366,
29367,29368,29369,29370,29371,29372,29373,29374,
29375,29376,29377,29378,29379,29380,29381,29382,
29383,29384,29385,29386,29387,29388,29389,29392,
29393,29394,29424,29440,29447,29448,29449,29450,
29451,29452,29453,29454,29455,29456,29457,29458,
29459,29460,29461,29462,29463,29464,29465,29466,
29467,29468,29469,29470,29471,29472,29473,29474,
29475,29479,29481,29482,29483,29484,29485,29486,
29487,29507,29508,29509,29510,29511,29512,29513,
29514,29515,29516,29517,29518,29519,29520,29521,
29522,29523,29524,29525,29526,29527,29528,29529,
29530,29531,29532,29535,29537,29538,29539,29540,
29544,29545,29547,29549,29550,29551,29552,29553,
29554,29555,29556,29557,29558,29559,29561,29562,
29563,29564,29565,29566,29567,29568,29569,29570,
29571,29572,29573,29574,29575,29576,29577,29578,
29579,29580,29581,29582,29583,29584,29585,29588,
29601,29636,29637,29638,29639,29640,29641,29642,
29643,29645,29646,29657,29659,29660,29661,29667,
29669,29681,29682,29683,29684,29692,29693,29694,
29695,29696,29697,29699,29700,29701,29703,29704,
29708,29716,29717,29719,29720,29721,29722,29723,
29724,29743,29759,29788,29789,29792,29793,29794,
29795,29796,29797,29800,29823,29844,29889,29898,
29914,29915,29916,29917,29918,29919,29920,29921,
29922,29923,29924,29925,29926,29927,29928,29929,
29930,29931,29932,29933,29935,29936,29937,29940,
29941,29943,29945,29946,29947,29948,29949,30020,
30032,30059,30060,30061,30062,30063,30064,30065,
30066,30067,30068,30069,30070,30071,30072,30073,
30074,30075,30076,30078,30079,30080,30081,30082,
30083,30084,30085,30086,30087,30088,30089,30090,
30091,30093,30094,30095,30096,30097,30098,30120,
30121,30122,30123,30124,30125,30126,30127,30128,
30130,30131,30132,30133,30134,30135,30136,30137,
30138,30139,30140,30146,30147,30148,30149,30150,
30151,30152,30153,30154,30155,30156,30157,30158,
30159,30160,30166,30167,30168,30169,30170,30171,
30172,30173,30174,30175,30176,30179,30180,30181,
30182,30183,30184,30185,30187,30188,30189,30190,
30191,30192,30233,30245,30250,30251,30257,30260,
30270,30275,30276,30277,30278,30279,30280,30281,
30282,30283,30284,30285,30286,30287,30288,30289,
30290,30292,30293,30294,30296,30305,30306,30307,
30308,30309,30310,30311,30312,30313,30314,30315,
30316,30317,30318,30319,30320,30321,30323,30324,
30325,30326,30330,30331,30332,30333,30334,30343,
30347,30350,30372,30375,30376,30377,30378,30379,
30381,30382,30383,30384,30385,30393,30401,30410,
30411,30412,30413,30414,30415,30416,30417,30418,
30419,30420,30421,30422,30423,30424,30425,30426,
30427,30428,30429,30430,30431,30432,30433,30434,
30435,30436,30437,30438,30439,30440,30441,30442,
30443,30444,30445,30446,30447,30448,30449,30450,
30451,30452,30454,30455,30456,30457,30458,30459,
30460,30461,30462,30463,30464,30465,30466,30467,
30468,30469,30470,30471,30474,30475,30476,30477,
30478,30479,30480,30481,30504,30516,30519,30526,
30527,30528,30529,30530,30531,30532,30533,30534,
30535,30536,30537,30538,30539,30540,30541,30542,
30543,30546,30547,30548