4,10,13,15,22,23,24,25,
26,31,38,42,46,52,57,60,
61,64,68,79,89,105,106,109,
119,121,123,130,133,136,144,149,
152,153,160,163,166,172,175,178,
197,200,206,212,215,218,236,240,
247,253,255,256,257,266,268,272,
275,277,279,281,288,297,304,306,
308,310,311,312,326,328,333,340,
349,381,400,414,422,425,432,452,
454,458,462,471,474,485,507,508,
513,527,531,532,540,551,552,553,
583,589,591,596,600,612,613,615,
627,629,632,638,649,652,655,676,
680,685,687,715,720,725,735,737,
741,756,763,765,779,812,814,833,
847,851,884,891,897,909,919,927,
936,952,956,958,966,982,991,996,
1009,1010,1019,1035,1037,1040,1044,1048,
1071,1080,1090,1098,1099,1101,1107,1114,
1116,1123,1125,1129,1147,1148,1175,1179,
1183,1198,1199,1206,1210,1212,1213,1215,
1254,1257,1268,1275,1283,1284,1290,1294,
1295,1296,1302,1305,1310,1312,1325,1329,
1330,1333,1336,1340,1344,1345,1347,1355,
1356,1361,1362,1371,1375,1379,1380,1386,
1388,1394,1405,1419,1420,1421,1423,1426,
1434,1435,1436,1441,1442,1445,1452,1455,
1459,1460,1484,1487,1488,1498,1505,1506,
1511,1519,1522,1523,1525,1527,1530,1534,
1536,1546,1548,1551,1554,1555,1557,1558,
1562,1564,1568,1572,1574,1579,1580,1584,
1595,1597,1601,1615,1616,1622,1626,1627,
1629,1630,1632,1635,1638,1642,1643,1648,
1652,1659,1668,1672,1673,1675,1676,1686,
1692,1701,1703,1704,1707,1715,1717,1722,
1724,1727,1730,1731,1734,1735,1739,1744,
1747,1751,1755,1756,1757,1759,1760,1761,
1767,1769,1770,1774,1779,1782,1783,1784,
1785,1786,1787,1788,1790,1795,1800,1801,
1805,1810,1815,1816,1817,1818,1820,1826,
1829,1831,1835,1841,1842,1843,1845,1848,
1852,1853,1856,1857,1866,1875,1878,1879,
1881,1884,1885,1886,1888,1894,1899,1900,
1904,1909,1910,1912,1914,1919,1923,1924,
1929,1930,1931,1935,1938,1940,1942,1943,
1945,1946,1948,1951,1958,1959,1961,1964,
1969,1971,1972,1975,1979,1985,1993,1995,
1996,2000,2011,2014,2015,2020,2021,2025,
2030,2037,2038,2039,2042,2048,2057,2061,
2075,2091,2094,2097,2100,2106,2119,2124,
2142,2144,2145,2147,2151,2159,2161,2172,
2173,2175,2177,2180,2181,2185,2186,2193,
2196,2197,2200,2210,2214,2220,2221,2228,
2230,2238,2243,2246,2248,2257,2263,2264,
2266,2267,2268,2274,2275,2277,2278,2286,
2289,2291,2292,2294,2296,2299,2302,2306,
2307,2309,2310,2314,2317,2320,2325,2334,
2343,2345,2358,2366,2369,2391,2402,2411,
2418,2426,2430,2432,2433,2446,2455,2469,
2478,2479,2482,2483,2491,2494,2497,2499,
2508,2510,2514,2520,2527,2546,2548,2552,
2562,2571,2573,2580,2581,2584,2600,2638,
2642,2647,2651,2669,2673,2691,2694,2698,
2700,2703,2706,2708,2709,2710,2712,2713,
2718,2721,2724,2726,2730,2734,2742,2743,
2745,2749,2750,2753,2755,2758,2762,2766,
2777,2778,2779,2783,2785,2792,2794,2795,
2797,2799,2802,2804,2805,2806,2809,2811,
2813,2814,2815,2816,2820,2825,2829,2837,
2841,2845,2847,2849,2857,2858,2868,2869,
2871,2872,2874,2881,2884,2887,2889,2893,
2895,2897,2898,2904,2905,2908,2913,2914,
2919,2920,2923,2924,2927,2929,2933,2934,
2940,2941,2949,2950,2951,2952,2957,2958,
2966,2978,2979,2981,2982,2983,2986,2987,
2989,2990,2993,2997,3004,3011,3012,3013,
3021,3023,3031,3037,3044,3045,3046,3047,
3050,3052,3053,3056,3071,3073,3078,3087,
3101,3106,3112,3133,3150,3162,3171,3178,
3190,3201,3203,3207,3214,3217,3224,3225,
3226,3227,3228,3235,3236,3238,3242,3243,
3246,3249,3250,3255,3256,3288,3292,3307,
3323,3324,3326,3334,3337,3342,3354,3364,
3375,3376,3399,3404,3424,3440,3441,3447,
3458,3467,3470,3472,3473,3475,3481,3483,
3484,3485,3486,3489,3494,3495,3496,3497,
3498,3499,3500,3501,3502,3503,3504,3507,
3509,3511,3514,3516,3522,3523,3525,3528,
3530,3531,3532,3533,3534,3545,3547,3549,
3550,3551,3553,3564,3569,3578,3582,3589,
3596,3598,3604,3608,3613,3618,3633,3640,
3652,3662,3684,3686,3697,3698,3705,3707,
3708,3714,3727,3728,3730,3736,3738,3753,
3773,3774,3775,3786,3788,3793,3797,3803,
3804,3807,3810,3817,3821,3826,3833,3834,
3835,3837,3841,3842,3843,3860,3877,3879,
3881,3882,3884,3887,3888,3889,3890,3891,
3892,3895,3896,3899,3900,3907,3908,3909,
3910,3912,3913,3914,3915,3916,3944,3946,
3965,3967,3971,3979,3989,4032,4044,4057,
4058,4068,4072,4080,4107,4119,4123,4128,
4132,4140,4144,4145,4152,4157,4171,4179,
4181,4182,4185,4188,4189,4190,4191,4196,
4197,4202,4204,4205,4206,4208,4213,4214,
4221,4242,4245,4248,4251,4254,4259,4262,
4265,4270,4271,4274,4277,4282,4287,4291,
4295,4297,4298,4303,4304,4309,4319,4335,
4338,4343,4344,4349,4350,4354,4358,4365,
4373,4375,4376,4393,4422,4425,4426,4427,
4431,4433,4434,4437,4438,4442,4443,4446,
4450,4453,4455,4456,4457,4461,4465,4467,
4475,4487,4489,4508,4533,4560,4587,4592,
4597,4598,4599,4600,4602,4603,4605,4606,
4607,4612,4613,4615,4616,4617,4618,4620,
4639,4657,4672,4676,4701,4717,4723,4728,
4731,4733,4737,4744,4749,4758,4759,4762,
4764,4765,4773,4776,4779,4782,4785,4796,
4798,4799,4800,4802,4807,4808,4810,4811,
4813,4814,4823,4864,4889,4897,4899,4906,
4921,4923,4934,4948,4961,4965,4966,4980,
4982,4993,5001,5002,5003,5006,5007,5009,
5010,5011,5012,5013,5015,5016,5019,5023,
5025,5030,5031,5032,5033,5039,5040,5041,
5049,5050,5053,5056,5061,5069,5083,5088,
5094,5095,5097,5106,5110,5125,5126,5133,
5144,5145,5147,5159,5164,5174,5178,5190,
5192,5195,5198,5200,5204,5207,5208,5211,
5212,5213,5214,5219,5222,5237,5240,5247,
5258,5266,5271,5278,5280,5281,5285,5299,
5300,5303,5309,5311,5322,5323,5326,5333,
5336,5338,5347,5348,5352,5353,5356,5358,
5367,5385,5386,5388,5389,5390,5393,5396,
5407,5421,5429,5432,5456,5476,5482,5483,
5486,5489,5491,5496,5503,5506,5507,5517,
5520,5523,5529,5536,5543,5555,5558,5559,
5572,5576,5577,5605,5608,5643,5650,5654,
5655,5660,5661,5663,5665,5673,5674,5675,
5677,5678,5682,5684,5685,5687,5689,5691,
5694,5695,5698,5701,5703,5704,5705,5706,
5707,5708,5710,5712,5722,5729,5731,5733,
5745,5746,5747,5748,5749,5750,5751,5754,
5758,5759,5760,5761,5762,5763,5764,5765,
5766,5770,5772,5773,5774,5777,5778,5784,
5785,5786,5789,5790,5791,5793,5796,5800,
5801,5802,5803,5805,5806,5809,5811,5813,
5815,5817,5818,5820,5825,5826,5827,5829,
5830,5831,5852,5875,5889,5891,5901,5910,
5928,5947,5950,5951,5952,5965,5968,5970,
5988,5989,5997,6000,6001,6002,6004,6005,
6007,6008,6011,6015,6019,6020,6022,6023,
6024,6027,6028,6029,6032,6037,6041,6045,
6048,6052,6053,6056,6057,6058,6059,6062,
6071,6073,6078,6079,6083,6092,6109,6134,
6184,6207,6210,6216,6225,6227,6228,6251,
6252,6260,6261,6263,6268,6287,6288,6299,
6306,6321,6327,6345,6346,6348,6350,6351,
6354,6357,6361,6362,6368,6373,6383,6384,
6387,6390,6407,6412,6444,6445,6455,6458,
6460,6465,6471,6487,6488,6512,6515,6517,
6520,6535,6543,6544,6546,6550,6555,6558,
6571,6573,6579,6595,6600,6608,6610,6612,
6613,6614,6623,6626,6636,6645,6656,6662,
6663,6665,6666,6667,6669,6671,6672,6674,
6676,6677,6678,6689,6690,6691,6693,6695,
6696,6697,6699,6700,6704,6707,6711,6715,
6716,6719,6721,6722,6724,6726,6730,6732,
6733,6734,6738,6741,6743,6746,6749,6750,
6754,6758,6761,6762,6763,6786,6791,6793,
6796,6797,6801,6803,6805,6815,6819,6825,
6833,6834,6835,6849,6852,6867,6897,6907,
6916,6918,6922,6929,6931,6934,6943,6965,
6968,6975,6992,6999,7002,7008,7011,7012,
7013,7018,7029,7031,7035,7045,7052,7053,
7054,7058,7071,7073,7075,7076,7077,7078,
7088,7092,7094,7095,7100,7110,7111,7112,
7115,7116,7117,7120,7121,7124,7125,7133,
7135,7138,7144,7145,7147,7148,7149,7150,
7151,7174,7190,7196,7206,7207,7209,7217,
7220,7221,7242,7245,7246,7284,7290,7295,
7308,7316,7341,7343,7347,7352,7358,7372,
7374,7377,7382,7383,7384,7389,7397,7404,
7413,7423,7424,7427,7428,7429,7430,7432,
7433,7434,7438,7440,7442,7448,7449,7450,
7453,7454,7456,7460,7462,7463,7465,7467,
7468,7469,7472,7473,7477,7480,7487,7490,
7494,7498,7500,7501,7505,7507,7524,7528,
7530,7531,7543,7544,7552,7554,7560,7563,
7564,7567,7579,7588,7590,7595,7624,7630,
7635,7637,7639,7641,7642,7643,7644,7645,
7646,7648,7653,7660,7664,7671,7672,7673,
7676,7678,7680,7682,7683,7684,7686,7688,
7690,7696,7698,7701,7702,7703,7706,7708,
7711,7712,7714,7715,7717,7721,7722,7726,
7729,7730,7734,7738,7740,7742,7748,7761,
7762,7777,7779,7789,7793,7795,7797,7799,
7824,7825,7826,7827,7830,7832,7837,7838,
7840,7842,7844,7846,7847,7848,7849,7855,
7857,7864,7865,7866,7869,7870,7872,7874,
7880,7882,7886,7893,7897,7898,7903,7904,
7919,7921,7922,7924,7925,7928,7936,7939,
7944,7946,7947,7953,7954,7958,7959,7961,
7965,7967,7969,7970,7974,7978,7983,7997,
8009,8023,8035,8045,8046,8047,8053,8054,
8056,8057,8066,8074,8076,8081,8086,8089,
8100,8106,8109,8111,8115,8130,8139,8185,
8236,8301,8305,8307,8327,8335,8338,8343,
8351,8355,8367,8389,8394,8397,8400,8409,
8411,8423,8432,8441,8442,8444,8447,8483,
8486,8487,8488,8491,8498,8505,8507,8508,
8509,8510,8511,8512,8514,8515,8517,8518,
8521,8522,8526,8528,8529,8532,8534,8535,
8537,8538,8539,8543,8544,8545,8547,8548,
8549,8553,8561,8564,8567,8568,8569,8570,
8571,8572,8584,8585,8590,8592,8593,8603,
8606,8615,8629,8630,8631,8634,8652,8658,
8661,8666,8667,8682,8686,8689,8701,8708,
8728,8750,8766,8774,8776,8782,8830,8833,
8837,8838,8839,8840,8841,8843,8846,8847,
8848,8852,8853,8855,8856,8857,8860,8861,
8868,8869,8870,8875,8876,8879,8880,8883,
8884,8897,8898,8900,8901,8905,8907,8909,
8910,8911,8912,8913,8914,8915,8917,8920,
8922,8924,8926,8928,8932,8933,8935,8938,
8944,8945,8949,8952,8981,8984,9010,9011,
9014,9017,9021,9035,9040,9051,9056,9058,
9059,9070,9105,9106,9110,9125,9127,9128,
9131,9132,9135,9136,9137,9148,9152,9160,
9166,9167,9168,9173,9185,9216,9218,9221,
9230,9235,9240,9246,9252,9255,9256,9262,
9263,9265,9267,9268,9269,9274,9277,9278,
9279,9281,9282,9283,9284,9288,9293,9303,
9316,9329,9331,9334,9337,9341,9347,9348,
9369,9373,9380,9384,9391,9393,9398,9409,
9410,9428,9453,9460,9465,9489,9493,9496,
9503,9516,9517,9518,9519,9527,9531,9532,
9534,9535,9537,9538,9539,9541,9543,9544,
9545,9558,9566,9574,9576,9601,9608,9612,
9618,9643,9650,9665,9667,9668,9669,9671,
9678,9684,9685,9687,9688,9689,9694,9708,
9714,9724,9735,9752,9773,9782,9785,9807,
9815,9846,9858,9863,9885,9928,9942,9947,
9950,9958,9966,9978,9990,9992,10026,10033,
10034,10037,10058,10060,10064,10068,10075,10083,
10085,10109,10112,10113,10114,10115,10116,10119,
10120,10121,10122,10123,10124,10125,10126,10127,
10128,10132,10133,10134,10135,10136,10137,10139,
10140,10142,10146,10147,10157,10158,10159,10161,
10163,10168,10170,10172,10237,10242,10253,10255,
10256,10265,10267,10268,10288,10304,10305,10307,
10318,10319,10325,10343,10348,10353,10366,10367,
10374,10381,10425,10439,10442,10448,10469,10477,
10499,10505,10520,10521,10524,10532,10533,10536,
10544,10545,10546,10547,10548,10553,10554,10555,
10556,10558,10566,10576,10582,10586,10587,10588,
10591,10595,10596,10597,10599,10600,10601,10603,
10607,10609,10620,10621,10622,10624,10626,10627,
10628,10629,10633,10635,10636,10639,10641,10653,
10657,10658,10663,10682,10688,10693,10796,10798,
10808,10811,10820,10821,10822,10826,10827,10828,
10834,10836,10858,10866,10868,10870,10876,10887,
10888,10889,10911,10945,10949,10953,10961,10963,
10966,10967,10968,10969,10974,10975,10976,10977,
10978,10979,10981,10984,10987,10989,10998,11001,
11002,11012,11019,11020,11026,11034,11037,11041,
11057,11063,11068,11069,11072,11076,11082,11086,
11088,11096,11099,11101,11102,11104,11108,11110,
11113,11114,11115,11116,11117,11141,11157,11159,
11169,11170,11177,11179,11182,11185,11187,11192,
11197,11202,11203,11206,11212,11237,11247,11254,
11255,11257,11258,11259,11260,11262,11263,11264,
11266,11267,11269,11272,11273,11274,11275,11316,
11318,11343,11359,11362,11368,11378,11380,11381,
11383,11408,11412,11415,11418,11420,11423,11424,
11426,11438,11439,11447,11461,11463,11475,11483,
11488,11490,11494,11495,11496,11499,11500,11502,
11503,11505,11507,11509,11523,11533,11536,11538,
11544,11548,11570,11578,11584,11597,11614,11623,
11628,11644,11652,11653,11660,11662,11665,11667,
11670,11671,11672,11674,11676,11701,11703,11713,
11715,11724,11728,11729,11731,11732,11738,11743,
11744,11747,11755,11760,11764,11766,11767,11768,
11779,11784,11797,11802,11806,11847,11851,11852,
11857,11879,11880,11882,11883,11884,11890,11899,
11900,11901,11904,11905,11906,11907,11908,11909,
11911,11912,11916,11918,11939,11943,11959,11962,
11963,11965,11966,11967,11974,11975,11978,11979,
11981,11982,11983,11986,11991,11992,11995,12004,
12005,12007,12009,12010,12013,12018,12020,12021,
12023,12024,12028,12029,12031,12032,12033,12039,
12041,12042,12043,12045,12046,12047,12049,12051,
12053,12055,12059,12062,12064,12065,12066,12067,
12068,12070,12071,12073,12074,12075,12076,12077,
12079,12080,12081,12082,12083,12086,12090,12091,
12092,12093,12094,12101,12102,12103,12113,12114,
12118,12120,12121,12122,12126,12131,12138,12139,
12142,12147,12152,12158,12159,12160,12164,12167,
12168,12169,12172,12174,12176,12180,12186,12199,
12206,12217,12219,12225,12226,12228,12231,12245,
12251,12256,12265,12267,12275,12276,12277,12285,
12296,12345,12353,12366,12368,12369,12388,12401,
12403,12408,12418,12421,12431,12436,12439,12451,
12453,12455,12469,12488,12492,12496,12517,12528,
12531,12548,12558,12571,12578,12580,12581,12582,
12584,12585,12586,12587,12588,12589,12590,12593,
12594,12601,12603,12607,12608,12609,12610,12611,
12612,12613,12623,12634,12640,12666,12669,12670,
12671,12673,12674,12677,12684,12688,12694,12698,
12699,12700,12701,12705,12706,12708,12710,12714,
12722,12723,12724,12726,12727,12729,12730,12733,
12735,12764,12779,12781,12786,12798,12815,12829,
12835,12839,12840,12841,12842,12850,12852,12854,
12855,12862,12864,12866,12868,12869,12871,12874,
12879,12881,12882,12884,12885,12886,12887,12898,
12917,12930,12935,12936,12937,12942,12944,12946,
12948,12949,12951,12962,12966,12972,12984,13006,
13010,13015,13019,13022,13026,13032,13034,13035,
13039,13040,13043,13044,13046,13047,13049,13051,
13058,13059,13068,13073,13084,13085,13093,13094,
13109,13117,13121,13139,13149,13150,13190,13198,
13221,13225,13226,13237,13238,13250,13254,13255,
13259,13260,13288,13296,13299,13318,13319,13324,
13325,13332,13333,13364,13371,13381,13382,13385,
13386,13388,13389,13396,13400,13402,13404,13405,
13408,13409,13410,13412,13415,13432,13435,13436,
13440,13441,13442,13443,13445,13446,13447,13448,
13450,13451,13452,13454,13457,13459,13460,13461,
13468,13469,13470,13471,13472,13473,13479,13480,
13488,13489,13491,13496,13500,13509,13514,13516,
13529,13533,13551,13569,13570,13571,13573,13574,
13577,13582,13592,13595,13606,13610,13613,13620,
13622,13630,13633,13635,13636,13642,13646,13652,
13660,13664,13673,13684,13685,13687,13688,13689,
13690,13694,13700,13703,13707,13711,13712,13723,
13732,13741,13744,13746,13748,13751,13755,13762,
13766,13768,13770,13771,13772,13779,13780,13781,
13782,13783,13790,13795,13798,13800,13821,13834,
13849,13851,13852,13856,13857,13858,13859,13862,
13863,13865,13866,13867,13869,13871,13872,13873,
13877,13878,13880,13881,13882,13883,13884,13885,
13886,13889,13890,13892,13893,13896,13898,13912,
13913,13914,13915,13916,13920,13921,13922,13925,
13926,13927,13930,13931,13951,13952,13978,13981,
14009,14010,14011,14012,14014,14015,14016,14017,
14018,14031,14044,14104,14106,14111,14119,14120,
14123,14134,14141,14157,14158,14159,14161,14167,
14201,14208,14214,14215,14217,14218,14219,14220,
14222,14223,14224,14225,14232,14233,14234,14235,
14237,14238,14239,14240,14241,14243,14244,14250,
14254,14255,14256,14257,14258,14260,14266,14289,
14295,14313,14331,14334,14338,14357,14364,14368,
14373,14382,14384,14390,14399,14422,14429,14431,
14441,14448,14465,14484,14486,14501,14502,14505,
14509,14513,14524,14529,14541,14555,14558,14564,
14574,14585,14592,14593,14596,14606,14613,14620,
14641,14659,14680,14687,14713,14718,14726,14733,
14747,14748,14754,14755,14756,14784,14791,14810,
14846,14848,14855,14856,14860,14875,14876,14880,
14966,14976,14982,14991,14998,15001,15002,15003,
15004,15006,15007,15008,15028,15030,15048,15050,
15051,15053,15059,15060,15066,15074,15078,15085,
15086,15135,15195,15204,15212,15213,15216,15230,
15237,15279,15282,15284,15285,15295,15300,15301,
15304,15306,15307,15310,15311,15314,15315,15316,
15323,15325,15327,15328,15329,15330,15331,15332,
15333,15334,15336,15338,15342,15343,15344,15345,
15346,15349,15351,15352,15353,15356,15361,15362,
15377,15379,15387,15391,15393,15394,15395,15396,
15397,15398,15401,15402,15403,15405,15406,15407,
15409,15411,15419,15420,15421,15422,15424,15433,
15436,15438,15439,15446,15476,15485,15490,15496,
15519,15520,15522,15524,15527,15529,15535,15536,
15537,15538,15539,15540,15545,15554,15560,15561,
15562,15563,15564,15567,15568,15578,15580,15581,
15582,15583,15584,15585,15586,15587,15588,15592,
15593,15597,15598,15599,15617,15625,15645,15648,
15650,15652,15654,15668,15672,15680,15684,15685,
15708,15721,15722,15723,15724,15726,15727,15730,
15731,15735,15736,15741,15742,15745,15746,15747,
15748,15754,15767,15772,15774,15781,15782,15783,
15785,15789,15800,15805,15807,15815,15816,15825,
15853,15856,15866,15872,15879,15880,15885,15921,
15947,15959,15967,15973,15984,15989,15995,16048,
16055,16083,16090,16106,16113,16116,16117,16120,
16125,16130,16134,16136,16142,16144,16168,16175,
16176,16181,16183,16189,16193,16196,16197,16199,
16202,16204,16234,16243,16248,16250,16251,16252,
16253,16256,16258,16259,16261,16264,16265,16276,
16282,16284,16285,16290,16295,16306,16308,16310,
16312,16313,16315,16316,16317,16320,16323,16327,
16330,16332,16333,16334,16338,16340,16341,16343,
16366,16383,16389,16398,16402,16418,16419,16420,
16421,16423,16424,16425,16427,16464,16477,16484,
16486,16497,16498,16509,16514,16518,16523,16524,
16564,16565,16572,16584,16603,16622,16627,16630,
16631,16634,16636,16649,16655,16657,16658,16660,
16663,16664,16665,16668,16669,16670,16672,16674,
16675,16677,16678,16679,16680,16681,16682,16684,
16685,16686,16687,16688,16689,16690,16691,16716,
16722,16728,16739,16746,16759,16768,16769,16773,
16785,16786,16787,16788,16789,16790,16791,16796,
16797,16798,16800,16801,16802,16803,16804,16806,
16808,16810,16813,16814,16815,16816,16817,16818,
16819,16820,16859,16877,16880,16883,16894,16912,
16929,16946,16973,16981,16984,17003,17005,17009,
17031,17034,17036,17053,17057,17076,17079,17081,
17086,17087,17091,17095,17096,17102,17103,17104,
17105,17106,17108,17109,17115,17116,17125,17127,
17136,17138,17142,17143,17144,17146,17149,17151,
17157,17160,17161,17162,17164,17168,17173,17174,
17175,17176,17180,17182,17184,17189,17192,17193,
17200,17205,17213,17219,17220,17222,17226,17238,
17245,17248,17262,17265,17275,17277,17292,17353,
17354,17365,17366,17370,17374,17380,17381,17383,
17384,17385,17386,17387,17388,17389,17390,17391,
17392,17395,17396,17397,17398,17399,17402,17403,
17404,17405,17406,17407,17408,17409,17432,17441,
17443,17450,17458,17474,17491,17495,17497,17500,
17504,17515,17516,17521,17522,17527,17529,17534,
17537,17538,17539,17540,17542,17544,17545,17546,
17549,17552,17558,17561,17565,17569,17570,17571,
17572,17575,17578,17580,17582,17584,17585,17587,
17588,17589,17590,17593,17598,17600,17606,17608,
17611,17614,17615,17617,17650,17665,17669,17673,
17678,17692,17697,17698,17730,17733,17742,17743,
17745,17752,17757,17762,17775,17781,17787,17792,
17793,17803,17804,17822,17839,17842,17843,17844,
17845,17846,17849,17852,17853,17854,17855,17856,
17857,17858,17859,17860,17861,17863,17864,17868,
17869,17871,17872,17873,17874,17880,17881,17883,
17889,17890,17893,17897,17898,17899,17902,17903,
17904,17906,17907,17908,17911,17912,17913,17914,
17915,17916,17917,17918,17919,17922,17923,17926,
17927,17930,17934,17935,17936,17938,17939,17942,
17954,17959,17964,17965,17968,17977,17990,17995,
18020,18024,18030,18033,18047,18051,18055,18063,
18068,18077,18078,18083,18090,18093,18094,18096,
18097,18098,18099,18100,18102,18106,18108,18110,
18112,18114,18116,18117,18119,18120,18121,18124,
18125,18128,18129,18131,18134,18135,18136,18143,
18157,18167,18183,18188,18191,18192,18193,18194,
18196,18197,18198,18200,18204,18206,18208,18209,
18225,18235,18239,18285,18308,18315,18329,18338,
18341,18346,18364,18386,18387,18388,18389,18391,
18392,18393,18394,18395,18400,18402,18403,18404,
18405,18407,18408,18409,18413,18414,18418,18420,
18421,18426,18427,18434,18435,18468,18473,18474,
18478,18481,18485,18498,18504,18505,18506,18507,
18509,18510,18513,18514,18515,18516,18520,18527,
18532,18533,18535,18536,18537,18538,18552,18558,
18564,18572,18586,18603,18613,18623,18628,18643,
18651,18660,18665,18666,18688,18689,18690,18691,
18692,18695,18697,18698,18704,18711,18712,18713,
18715,18716,18717,18718,18719,18720,18721,18723,
18724,18728,18729,18732,18733,18734,18735,18738,
18740,18742,18743,18744,18745,18746,18747,18748,
18750,18751,18755,18756,18760,18761,18765,18766,
18767,18768,18771,18773,18775,18777,18778,18779,
18780,18781,18782,18784,18785,18786,18787,18788,
18789,18791,18792,18793,18794,18795,18796,18797,
18799,18800,18801,18802,18809,18811,18815,18816,
18818,18819,18820,18821,18822,18823,18824,18825,
18826,18827,18831,18844,18845,18850,18851,18857,
18858,18862,18863,18865,18869,18871,18872,18873,
18875,18876,18880,18891,18968,18969,18973,18995,
19022,19058,19104,19107,19117,19124,19127,19128,
19129,19130,19133,19134,19135,19136,19137,19138,
19144,19149,19153,19156,19158,19161,19162,19163,
19164,19165,19179,19183,19198,19206,19207,19212,
19216,19220,19222,19234,19249,19265,19298,19308,
19314,19315,19323,19328,19330,19333,19341,19354,
19355,19357,19362,19383,19384,19387,19389,19390,
19391,19392,19393,19394,19400,19411,19420,19422,
19424,19427,19429,19430,19433,19434,19439,19441,
19442,19443,19445,19449,19450,19451,19452,19453,
19459,19460,19461,19464,19468,19469,19481,19485,
19493,19500,19501,19515,19516,19518,19519,19525,
19526,19528,19530,19532,19538,19541,19543,19548,
19549,19550,19551,19553,19572,19577,19607,19608,
19611,19619,19621,19632,19636,19640,19651,19652,
19654,19655,19656,19658,19659,19662,19664,19665,
19666,19668,19673,19677,19679,19682,19689,19690,
19691,19694,19696,19697,19700,19704,19710,19717,
19719,19723,19730,19734,19737,19738,19740,19767,
19769,19771,19777,19780,19803,19829,19832,19840,
19844,19846,19848,19860,19867,19868,19877,19882,
19885,19897,19907,19908,19909,19910,19911,19912,
19913,19914,19915,19916,19917,19918,19921,19922,
19923,19926,19927,19928,19930,19931,19932,19933,
19934,19935,19943,19947,19948,19953,19954,19957,
19974,19976,19978,19996,20004,20011,20020,20022,
20023,20024,20028,20051,20062,20094,20095,20110,
20112,20119,20149,20150,20151,20156,20157,20165,
20166,20172,20173,20180,20181,20182,20183,20184,
20185,20186,20189,20193,20195,20196,20197,20198,
20199,20200,20208,20209,20210,20211,20213,20214,
20215,20216,20217,20218,20219,20220,20222,20227,
20229,20230,20231,20232,20236,20237,20238,20242,
20243,20244,20245,20246,20247,20252,20254,20255,
20259,20263,20266,20267,20273,20282,20292,20293,
20297,20298,20300,20301,20304,20306,20309,20316,
20317,20318,20319,20321,20322,20323,20324,20326,
20327,20328,20332,20333,20334,20335,20336,20337,
20338,20339,20342,20347,20348,20349,20350,20352,
20353,20354,20355,20356,20358,20359,20361,20362,
20367,20368,20379,20380,20381,20383,20384,20389,
20391,20401,20412,20419,20420,20421,20422,20423,
20424,20425,20427,20429,20430,20431,20434,20441,
20443,20444,20445,20449,20450,20451,20452,20454,
20456,20482,20489,20493,20495,20503,20504,20513,
20531,20548,20552,20554,20555,20582,20589,20616,
20617,20618,20619,20622,20623,20631,20633,20646,
20649,20653,20661,20662,20675,20683,20684,20685,
20688,20708,20715,20730,20742,20743,20744,20745,
20746,20748,20750,20754,20756,20757,20759,20760,
20761,20762,20766,20767,20770,20771,20772,20773,
20779,20781,20782,20786,20789,20793,20795,20801,
20802,20803,20806,20808,20809,20812,20823,20852,
20859,20860,20862,20865,20866,20890,20893,20895,
20900,20903,20910,20922,20936,20953,20955,20956,
20957,20972,20976,21058,21075,21090,21112,21116,
21130,21132,21133,21135,21137,21138,21139,21142,
21143,21144,21145,21146,21147,21148,21153,21154,
21156,21157,21160,21163,21167,21168,21169,21173,
21176,21178,21181,21183,21196,21202,21203,21204,
21206,21207,21208,21209,21211,21212,21213,21214,
21217,21257,21259,21262,21266,21269,21270,21272,
21274,21278,21279,21282,21283,21284,21288,21289,
21291,21295,21298,21302,21304,21306,21310,21313,
21337,21344,21351,21363,21364,21369,21379,21380,
21382,21383,21385,21386,21387,21388,21392,21393,
21394,21404,21405,21408,21410,21412,21413,21415,
21416,21418,21420,21423,21424,21425,21432,21433,
21435,21437,21442,21449,21450,21457,21459,21461,
21466,21467,21472,21473,21476,21477,21478,21479,
21481,21482,21483,21484,21485,21486,21488,21489,
21492,21494,21495,21497,21498,21500,21502,21503,
21504,21505,21507,21508,21509,21510,21511,21512,
21513,21514,21516,21517,21520,21522,21523,21527,
21535,21541,21542,21576,21586,21592,21603,21605,
21607,21613,21614,21616,21628,21629,21634,21636,
21639,21645,21648,21651,21657,21662,21671,21673,
21674,21678,21686,21690,21693,21699,21704,21711,
21712,21715,21718,21720,21721,21724,21726,21728,
21729,21731,21733,21737,21743,21746,21747,21763,
21764,21766,21767,21769,21770,21771,21778,21882,
21888,21897,21899,21900,21901,21902,21917,21953,
21973,22000,22042,22058,22066,22091,22095,22098,
22099,22106,22121,22177,22180,22182,22183,22186,
22189,22190,22192,22196,22197,22202,22205,22252,
22273,22277,22278,22282,22286,22290,22293,22297,
22300,22309,22312,22318,22321,22333,22344,22374,
22376,22378,22386,22421,22426,22430,22442,22464,
22465,22466,22468,22469,22470,22476,22477,22478,
22479,22486,22487,22499,22500,22508,22511,22512,
22513,22529,22537,22540,22541,22542,22553,22554,
22555,22556,22558,22561,22562,22563,22564,22565,
22569,22571,22572,22583,22585,22586,22589,22594,
22596,22663,22671,22675,22677,22682,22683,22691,
22692,22701,22711,22713,22714,22716,22718,22799,
22800,22802,22803,22804,22811,22815,22826,22841,
22855,22856,22857,22859,22860,22861,22864,22865,
22869,22872,22878,22879,22882,22885,22892,22895,
22896,22897,22898,22899,22904,22906,22908,22910,
22912,22915,22918,22930,22951,22962,22967,22969,
22974,22976,22982,22990,22991,22997,23004,23006,
23014,23016,23022,23023,23024,23025,23027,23030,
23032,23033,23034,23035,23038,23039,23052,23063,
23067,23077,23080,23082,23083,23116,23147,23162,
23163,23166,23233,23234,23235,23236,23237,23238,
23242,23243,23244,23249,23268,23269,23272,23276,
23281,23287,23327,23339,23341,23345,23346,23352,
23353,23365,23395,23401,23413,23423,23424,23431,
23437,23439,23440,23441,23442,23443,23444,23445,
23448,23449,23450,23451,23452,23453,23454,23457,
23458,23460,23461,23462,23463,23464,23465,23466,
23467,23469,23470,23514,23594,23599,23620,23621,
23622,23624,23626,23628,23629,23631,23632,23633,
23634,23636,23637,23639,23640,23641,23642,23643,
23644,23645,23646,23647,23648,23671,23676,23699,
23700,23705,23706,23707,23709,23710,23711,23712,
23713,23714,23758,23769,23772,23778,23786,23812,
23837,23842,23852,23896,23900,23923,23927,23928,
23929,23936,23940,23944,23947,23949,23954,23955,
23965,23969,23970,23973,23974,23975,23976,23977,
23980,23981,23983,23984,23985,23987,23991,23993,
23994,23995,23996,23997,23998,23999,24000,24001,
24002,24003,24004,24005,24006,24008,24009,24010,
24011,24013,24016,24018,24020,24021,24022,24023,
24024,24025,24028,24032,24034,24035,24036,24042,
24047,24048,24058,24062,24066,24067,24070,24071,
24077,24079,24083,24085,24087,24093,24094,24097,
24115,24126,24127,24130,24135,24136,24137,24140,
24141,24144,24145,24149,24150,24153,24156,24159,
24161,24162,24163,24164,24165,24166,24169,24186,
24242,24252,24274,24276,24281,24284,24285,24286,
24287,24289,24290,24292,24295,24299,24301,24304,
24306,24308,24315,24316,24318,24319,24325,24329,
24330,24333,24337,24338,24340,24341,24345,24347,
24349,24351,24352,24353,24358,24360,24362,24363,
24365,24367,24372,24373,24410,24436,24449,24466,
24467,24470,24473,24474,24478,24479,24480,24481,
24484,24485,24486,24487,24488,24492,24493,24495,
24497,24503,24506,24513,24516,24525,24529,24530,
24534,24538,24544,24560,24586,24594,24595,24618,
24619,24625,24626,24631,24632,24633,24634,24635,
24636,24643,24648,24651,24652,24655,24658,24669,
24692,24693,24717,24720,24722,24723,24724,24725,
24728,24729,24738,24740,24741,24744,24746,24747,
24748,24749,24754,24761,24762,24763,24764,24766,
24769,24771,24772,24776,24781,24786,24790,24791,
24792,24795,24797,24799,24802,24803,24806,24809,
24816,24818,24819,24822,24825,24826,24830,24832,
24837,24838,24841,24843,24857,24865,24866,24869,
24871,24884,24890,24906,24914,24928,24933,24947,
24948,24953,24954,24956,24959,24978,24982,24984,
24985,24995,25004,25012,25018,25020,25027,25029,
25044,25050,25061,25069,25072,25073,25163,25188,
25248,25262,25267,25275,25276,25279,25289,25297,
25298,25312,25313,25318,25321,25322,25324,25326,
25329,25330,25334,25336,25352,25360,25361,25365,
25367,25376,25382,25383,25387,25388,25389,25390,
25391,25392,25393,25394,25395,25397,25399,25400,
25402,25404,25405,25406,25407,25408,25409,25410,
25411,25412,25413,25414,25415,25449,25485,25505,
25508,25513,25522,25531,25537,25538,25539,25540,
25541,25542,25545,25639,25643,25692,25699,25703,
25705,25709,25710,25711,25714,25715,25718,25719,
25720,25722,25723,25727,25729,25734,25736,25740,
25741,25744,25747,25748,25761,25763,25773,25774,
25778,25782,25783,25784,25793,25794,25796,25800,
25804,25805,25808,25809,25810,25811,25816,25817,
25818,25819,25820,25822,25834,25844,25845,25846,
25848,25921,25925,25928,25931,25934,25935,25955,
25959,25963,25968,25969,25970,25971,25972,25973,
25974,25975,25976,25977,25978,25979,25980,25981,
25982,25983,25984,25985,25986,25987,25988,25989,
25990,25991,25992,25993,25994,25995,25996,25997,
25998,26002,26003,26004,26009,26012,26016,26017,
26020,26026,26066,26069,26073,26077,26078,26091,
26096,26097,26100,26105,26106,26107,26108,26109,
26110,26111,26112,26113,26116,26118,26120,26124,
26128,26134,26135,26136,26139,26140,26141,26142,
26143,26145,26146,26147,26149,26152,26153,26154,
26157,26161,26162,26163,26164,26165,26166,26167,
26168,26169,26170,26171,26179,26222,26246,26248,
26250,26257,26263,26269,26308,26329,26362,26383,
26386,26395,26397,26415,26418,26465,26469,26471,
26472,26474,26475,26476,26478,26480,26481,26498,
26531,26533,26579,26580,26586,26597,26607,26611,
26612,26618,26625,26633,26638,26639,26640,26642,
26650,26674,26675,26677,26731,26734,26737,26743,
26750,26756,26759,26763,26772,26779,26785,26786,
26787,26788,26789,26790,26808,26811,26814,26819,
26832,26833,26835,26837,26839,26840,26841,26842,
26843,26844,26847,26851,26886,26889,26891,26892,
26893,26895,26901,26906,26908,26910,26916,26917,
26925,26932,26935,26941,26946,26947,26953,26958,
26959,26960,26965,26983,26985,26989,26993,26995,
26997,26998,26999,27001,27002,27003,27009,27014,
27021,27023,27025,27026,27062,27101,27103,27104,
27109,27116,27118,27119,27121,27124,27127,27128,
27131,27137,27139,27142,27164,27184,27186,27201,
27206,27211,27232,27233,27236,27242,27243,27247,
27248,27254,27262,27263,27276,27281,27282,27290,
27296,27299,27300,27301,27302,27311,27312,27313,
27317,27326,27328,27339,27344,27365,27368,27371,
27373,27380,27391,27394,27407,27430,27434,27436,
27437,27444,27445,27446,27450,27452,27460,27532,
27534,27544,27569,27579,27587,27592,27598,27599,
27604,27607,27609,27616,27618,27621,27622,27623,
27628,27630,27632,27641,27644,27658,27673,27679,
27682,27684,27686,27715,27724,27729,27731,27732,
27734,27737,27738,27752,27773,27778,27787,27791,
27793,27794,27796,27797,27798,27802,27803,27804,
27805,27806,27808,27809,27810,27811,27812,27813,
27814,27815,27816,27817,27819,27822,27823,27824,
27826,27827,27828,27829,27921,27996,27997,28000,
28002,28003,28014,28030,28061,28068,28077,28078,
28081,28086,28097,28100,28108,28113,28118,28119,
28131,28132,28141,28152,28154,28155,28156,28159,
28160,28163,28164,28165,28166,28168,28169,28170,
28171,28220,28228,28229,28231,28233,28239,28240,
28241,28243,28244,28246,28247,28248,28288,28293,
28298,28310,28316,28318,28320,28322,28325,28414,
28417,28420,28421,28422,28436,28445,28457,28458,
28472,28476,28478,28483,28511,28518,28521,28522,
28523,28527,28530,28534,28535,28541,28543,28546,
28547,28550,28595,28642,28647,28653,28656,28694,
28713,28728,28733,28735,28738,28739,28746,28754,
28773,28778,28814,28815,28817,28829,28830,28835,
28841,28845,28850,28863,28864,28865,28866,28867,
28870,28872,28873,28874,28875,28880,28881,28882,
28883,28884,28892,28893,28894,28895,28896,28897,
28900,28901,28904,28905,28906,28908,28936,28941,
28942,28958,28961,28967,28971,28975,28983,28987,
28995,29001,29003,29004,29007,29009,29020,29022,
29024,29025,29028,29030,29033,29036,29037,29042,
29044,29045,29046,29047,29048,29049,29052,29053,
29061,29065,29066,29067,29068,29070,29073,29154,
29155,29160,29164,29175,29183,29184,29186,29188,
29189,29192,29193,29200,29202,29206,29210,29213,
29222,29228,29236,29241,29242,29245,29246,29247,
29250,29251,29254,29255,29257,29264,29265,29266,
29268,29269,29281,29296,29313,29326,29332,29334,
29335,29395,29403,29405,29407,29412,29417,29421,
29433,29437,29445,29476,29477,29478,29480,29488,
29489,29490,29492,29493,29496,29497,29498,29499,
29500,29501,29502,29503,29504,29505,29506,29541,
29542,29543,29591,29592,29595,29598,29611,29612,
29613,29614,29615,29618,29619,29621,29622,29623,
29624,29629,29630,29631,29633,29634,29644,29647,
29651,29653,29655,29656,29658,29665,29678,29698,
29709,29752,29775,29791,29802,29819,29820,29821,
29827,29831,29832,29833,29835,29838,29842,29851,
29852,29854,29855,29862,29878,29885,29886,29887,
29890,29891,29892,29893,29894,29896,29897,29900,
29901,29902,29904,29909,29913,29934,29968,29969,
29972,29982,29999,30000,30014,30023,30027,30031,
30033,30036,30040,30045,30046,30047,30052,30053,
30054,30055,30058,30077,30100,30102,30116,30119,
30141,30142,30161,30162,30163,30164,30165,30177,
30178,30193,30201,30205,30210,30213,30219,30222,
30225,30246,30265,30266,30295,30298,30299,30300,
30301,30302,30303,30304,30328,30341,30345,30348,
30354,30369,30373,30374,30380,30386,30387,30388,
30390,30395,30399,30400,30402,30404,30407,30453,
30488,30493,30494,30495,30497,30500,30505,30511,
30514,30515,30545,30550,30551,30553,30554,30555,
30556,30557,30558,30562,30563,30565,30566,30571
