18,43,44,49,56,66,84,88,
96,101,112,116,118,122,128,132,
140,141,151,153,154,155,157,159,
164,173,174,180,186,198,213,216,
218,220,231,235,237,243,260,261,
262,272,280,284,290,299,314,315,
324,329,334,337,338,339,351,352,
369,370,371,376,378,386,391,418,
423,434,435,438,440,442,451,455,
460,468,510,514,517,550,580,589,
590,594,617,619,623,628,630,640,
653,654,681,691,699,709,716,719,
724,728,732,734,742,748,749,752,
759,766,767,768,769,781,791,792,
793,797,798,802,803,805,808,809,
810,817,822,824,837,838,841,842,
843,844,845,850,861,862,868,870,
872,874,887,888,897,898,899,900,
902,903,907,908,913,915,916,918,
922,923,924,925,926,930,935,941,
953,957,963,979,986,990,993,998,
1004,1007,1013,1016,1020,1022,1031,1058,
1060,1066,1071,1082,1083,1085,1086,1087,
1104,1106,1108,1111,1115,1121,1131,1140,
1144,1146,1158,1171,1174,1180,1185,1189,
1193,1195,1203,1204,1205,1211,1214,1217,
1219,1220,1224,1225,1231,1233,1234,1248,
1252,1256,1258,1259,1270,1273,1281,1285,
1304,1307,1311,1314,1319,1320,1322,1332,
1335,1336,1337,1338,1365,1366,1370,1372,
1377,1381,1409,1421,1424,1429,1440,1447,
1465,1468,1472,1479,1491,1509,1516,1539,
1561,1565,1575,1612,1649,1651,1658,1670,
1694,1729,1745,1749,1752,1773,1778,1779,
1789,1808,1846,1860,1865,1873,1883,1895,
1897,1911,1934,1967,1973,1981,1992,2002,
2018,2039,2046,2082,2098,2108,2111,2112,
2127,2132,2156,2165,2167,2169,2171,2174,
2204,2211,2216,2223,2239,2254,2270,2279,
2299,2300,2301,2356,2357,2368,2371,2374,
2376,2381,2383,2385,2393,2395,2404,2421,
2436,2438,2456,2457,2458,2470,2500,2504,
2521,2523,2527,2536,2558,2563,2564,2568,
2573,2589,2606,2614,2620,2626,2637,2652,
2653,2671,2713,2714,2719,2735,2746,2754,
2760,2780,2817,2823,2830,2832,2833,2848,
2859,2866,2909,2938,2953,2960,2962,2964,
2968,3009,3018,3030,3036,3057,3082,3099,
3105,3107,3130,3157,3159,3165,3173,3175,
3195,3212,3221,3262,3280,3285,3294,3300,
3301,3314,3325,3341,3345,3360,3400,3450,
3466,3480,3520,3521,3526,3529,3535,3539,
3555,3557,3561,3573,3574,3575,3584,3589,
3591,3595,3602,3606,3610,3611,3614,3616,
3620,3621,3624,3626,3629,3630,3641,3645,
3653,3658,3659,3665,3672,3673,3687,3719,
3722,3741,3768,3781,3792,3801,3826,3857,
3873,3877,3897,3904,3911,3917,3923,3925,
3927,3932,3951,3981,3988,3998,4026,4037,
4062,4073,4075,4077,4083,4084,4089,4093,
4094,4100,4102,4106,4112,4118,4121,4125,
4126,4133,4134,4135,4137,4139,4147,4149,
4153,4154,4156,4158,4159,4161,4162,4167,
4177,4178,4180,4192,4193,4210,4239,4241,
4247,4255,4276,4280,4285,4302,4333,4377,
4384,4411,4423,4424,4432,4435,4436,4440,
4441,4445,4458,4461,4478,4482,4496,4509,
4514,4552,4574,4575,4582,4604,4611,4619,
4621,4622,4626,4629,4635,4642,4643,4652,
4653,4658,4681,4694,4696,4702,4705,4707,
4712,4713,4721,4726,4727,4729,4732,4738,
4741,4743,4745,4750,4751,4753,4755,4756,
4774,4775,4788,4789,4794,4797,4804,4809,
4824,4828,4844,4876,4894,4895,4900,4902,
4976,4978,4990,4991,5018,5021,5034,5036,
5054,5078,5108,5129,5140,5160,5165,5174,
5176,5185,5197,5199,5218,5221,5256,5273,
5291,5294,5297,5327,5344,5345,5346,5350,
5357,5364,5368,5369,5370,5377,5413,5417,
5430,5435,5437,5446,5451,5453,5458,5459,
5477,5478,5484,5516,5518,5528,5561,5587,
5591,5615,5643,5644,5668,5669,5715,5722,
5732,5743,5755,5767,5798,5814,5834,5838,
5839,5842,5844,5848,5850,5851,5858,5859,
5860,5861,5865,5890,5893,5901,5903,5907,
5948,5954,5961,5991,5998,6009,6012,6014,
6031,6036,6039,6044,6074,6085,6088,6091,
6096,6111,6154,6162,6169,6193,6197,6212,
6217,6239,6259,6284,6286,6294,6320,6323,
6328,6343,6355,6370,6380,6381,6390,6391,
6392,6397,6400,6401,6404,6405,6409,6410,
6411,6416,6417,6418,6430,6433,6434,6441,
6463,6464,6472,6479,6489,6501,6504,6507,
6514,6516,6539,6551,6556,6566,6592,6604,
6608,6609,6610,6611,6614,6616,6617,6624,
6654,6657,6662,6675,6685,6694,6701,6708,
6744,6752,6756,6768,6777,6885,6909,6910,
6911,6913,6915,6920,6924,6926,6927,6928,
6929,6930,6933,6942,6952,6971,6974,6981,
6986,6988,6993,7000,7005,7028,7032,7033,
7046,7050,7055,7064,7074,7106,7118,7129,
7130,7139,7153,7155,7159,7160,7164,7170,
7171,7180,7181,7182,7215,7224,7226,7229,
7230,7231,7233,7236,7237,7249,7250,7261,
7273,7274,7288,7295,7306,7307,7334,7354,
7372,7385,7399,7400,7406,7411,7431,7439,
7443,7464,7475,7486,7488,7489,7491,7504,
7525,7526,7529,7532,7536,7552,7553,7555,
7564,7566,7571,7576,7620,7638,7640,7651,
7657,7661,7663,7665,7680,7688,7691,7697,
7699,7703,7709,7710,7725,7732,7742,7749,
7750,7752,7756,7758,7759,7760,7761,7772,
7774,7805,7807,7808,7811,7814,7816,7817,
7818,7819,7820,7821,7822,7828,7835,7836,
7851,7862,7863,7871,7891,7896,7919,7923,
7934,7948,7951,7952,7955,7957,7962,7963,
7964,7967,7977,7996,8026,8027,8029,8033,
8052,8060,8061,8064,8072,8087,8092,8098,
8114,8123,8125,8126,8128,8134,8137,8141,
8147,8149,8151,8154,8155,8156,8159,8160,
8162,8164,8165,8168,8171,8173,8177,8184,
8188,8189,8190,8193,8194,8195,8196,8197,
8198,8199,8202,8203,8205,8206,8207,8225,
8227,8240,8242,8255,8282,8286,8289,8290,
8291,8292,8294,8295,8296,8300,8311,8313,
8332,8334,8340,8350,8361,8362,8365,8369,
8373,8381,8388,8390,8391,8393,8395,8398,
8407,8410,8417,8419,8421,8422,8425,8431,
8434,8435,8438,8439,8440,8463,8477,8485,
8513,8523,8540,8552,8559,8567,8568,8574,
8577,8597,8598,8611,8626,8627,8634,8635,
8642,8647,8651,8655,8673,8674,8675,8678,
8679,8682,8683,8691,8696,8703,8704,8706,
8734,8735,8737,8739,8740,8741,8742,8744,
8746,8747,8748,8755,8756,8758,8759,8760,
8761,8764,8767,8768,8769,8770,8772,8776,
8778,8779,8832,8859,8868,8894,8908,8934,
8962,8963,8974,8985,8993,8994,8996,8997,
8999,9001,9006,9008,9009,9012,9013,9015,
9017,9018,9022,9023,9024,9025,9026,9028,
9031,9039,9046,9065,9068,9078,9079,9083,
9086,9087,9107,9108,9118,9121,9122,9123,
9129,9144,9168,9171,9181,9215,9231,9234,
9236,9250,9253,9254,9264,9266,9271,9290,
9325,9344,9345,9346,9354,9357,9358,9360,
9362,9363,9366,9367,9368,9370,9371,9372,
9375,9378,9381,9389,9392,9454,9475,9477,
9485,9501,9507,9510,9528,9534,9542,9604,
9614,9619,9620,9657,9660,9683,9716,9720,
9737,9738,9739,9743,9745,9746,9747,9749,
9751,9755,9758,9759,9760,9762,9763,9764,
9767,9768,9769,9770,9779,9794,9802,9831,
9877,9932,9958,9969,9972,9981,9987,9999,
10018,10020,10030,10045,10067,10071,10080,10094,
10144,10148,10156,10162,10192,10229,10285,10287,
10289,10290,10291,10292,10293,10294,10297,10302,
10309,10310,10311,10312,10313,10314,10315,10317,
10335,10347,10354,10402,10417,10423,10432,10433,
10434,10435,10436,10437,10466,10485,10514,10516,
10563,10576,10589,10602,10608,10614,10618,10637,
10638,10645,10653,10661,10669,10693,10701,10717,
10723,10736,10745,10759,10817,10824,10832,10833,
10839,10841,10842,10843,10844,10845,10848,10849,
10850,10851,10852,10857,10861,10867,10872,10874,
10877,10881,10882,10884,10885,10939,10954,10958,
11008,11027,11053,11106,11107,11161,11180,11184,
11196,11210,11230,11240,11261,11271,11276,11280,
11282,11286,11293,11322,11323,11324,11325,11327,
11330,11332,11333,11336,11337,11338,11339,11342,
11344,11346,11348,11349,11352,11365,11374,11375,
11387,11393,11399,11407,11410,11411,11450,11480,
11498,11501,11516,11578,11582,11593,11604,11606,
11615,11616,11626,11632,11642,11650,11677,11683,
11688,11689,11690,11691,11692,11694,11695,11700,
11722,11726,11733,11735,11737,11752,11753,11761,
11778,11780,11796,11800,11803,11805,11807,11831,
11834,11894,11898,11915,11919,11920,11922,11923,
11924,11925,11948,11980,12025,12027,12061,12063,
12084,12087,12095,12097,12108,12115,12116,12125,
12126,12128,12129,12132,12133,12134,12135,12136,
12137,12143,12144,12173,12178,12179,12198,12207,
12210,12216,12219,12237,12247,12279,12287,12289,
12292,12299,12301,12322,12335,12346,12359,12376,
12409,12416,12426,12442,12493,12496,12511,12514,
12515,12520,12527,12530,12534,12539,12541,12542,
12546,12549,12550,12559,12583,12599,12602,12606,
12614,12619,12639,12679,12695,12704,12713,12743,
12783,12792,12793,12809,12814,12832,12836,12844,
12845,12852,12860,12865,12873,12875,12880,12888,
12889,12890,12891,12893,12897,12899,12900,12903,
12905,12906,12907,12908,12973,12977,12978,12981,
12982,12986,12987,12988,12989,12990,12991,12992,
12993,12994,12995,12997,12998,12999,13000,13001,
13002,13004,13009,13012,13014,13016,13017,13020,
13021,13027,13028,13029,13031,13036,13039,13042,
13046,13049,13054,13057,13060,13061,13066,13071,
13088,13096,13102,13105,13106,13111,13113,13114,
13118,13146,13148,13151,13183,13195,13203,13205,
13206,13216,13217,13224,13229,13230,13233,13234,
13235,13236,13237,13239,13240,13243,13244,13245,
13246,13249,13269,13288,13293,13296,13298,13299,
13318,13321,13327,13329,13365,13388,13399,13427,
13430,13495,13505,13513,13515,13517,13529,13532,
13542,13543,13555,13563,13568,13572,13576,13618,
13626,13648,13656,13679,13691,13693,13698,13701,
13709,13717,13721,13726,13731,13733,13743,13745,
13760,13769,13778,13813,13820,13828,13830,13837,
13853,13854,13899,13918,13945,13957,13967,14019,
14022,14023,14036,14049,14055,14057,14059,14061,
14065,14070,14071,14090,14092,14094,14096,14097,
14098,14102,14103,14110,14111,14114,14115,14118,
14120,14124,14125,14126,14127,14128,14129,14130,
14131,14132,14139,14142,14155,14163,14174,14212,
14213,14224,14227,14249,14250,14251,14261,14283,
14355,14359,14366,14369,14370,14371,14374,14375,
14385,14386,14387,14397,14403,14407,14412,14428,
14433,14442,14449,14451,14454,14477,14478,14481,
14485,14491,14493,14496,14497,14498,14506,14516,
14523,14525,14527,14528,14530,14532,14534,14536,
14537,14542,14546,14547,14549,14551,14591,14599,
14604,14605,14607,14608,14610,14611,14614,14616,
14622,14623,14642,14647,14679,14681,14684,14779,
14780,14797,14806,14808,14814,14820,14827,14828,
14829,14853,14950,14959,14971,14972,14973,14975,
14979,14980,14981,14984,14985,14988,14989,14992,
14993,15009,15107,15215,15219,15220,15224,15227,
15231,15232,15236,15238,15240,15241,15257,15287,
15288,15291,15303,15312,15375,15384,15388,15392,
15408,15410,15426,15431,15457,15458,15471,15472,
15477,15479,15480,15483,15484,15487,15488,15489,
15491,15492,15493,15494,15495,15497,15498,15501,
15502,15503,15504,15505,15506,15507,15508,15510,
15511,15512,15514,15519,15526,15531,15537,15548,
15552,15555,15558,15559,15575,15576,15601,15725,
15728,15732,15733,15744,15786,15804,15815,15823,
15829,15830,15857,15864,15928,15960,15974,15991,
15996,15997,15998,16000,16001,16002,16013,16075,
16143,16146,16172,16186,16191,16192,16198,16237,
16238,16239,16242,16254,16260,16266,16268,16302,
16309,16319,16325,16335,16336,16344,16368,16374,
16422,16461,16462,16481,16482,16488,16490,16491,
16494,16495,16496,16510,16521,16525,16530,16531,
16532,16540,16542,16558,16635,16638,16644,16652,
16659,16662,16673,16723,16725,16750,16767,16792,
16793,16795,16805,16886,16915,16917,16960,16968,
16970,16975,16983,17046,17058,17092,17110,17111,
17112,17117,17119,17120,17121,17122,17124,17126,
17128,17129,17131,17132,17133,17134,17135,17137,
17141,17150,17158,17165,17179,17183,17202,17210,
17211,17215,17223,17233,17234,17239,17251,17253,
17266,17268,17276,17278,17279,17280,17293,17371,
17411,17419,17420,17422,17426,17429,17430,17439,
17449,17456,17457,17459,17465,17478,17490,17494,
17499,17501,17502,17505,17508,17509,17510,17511,
17512,17525,17527,17528,17543,17554,17555,17581,
17610,17613,17675,17708,17731,17732,17735,17736,
17737,17738,17739,17740,17744,17746,17749,17750,
17753,17754,17755,17756,17760,17763,17848,17886,
17887,17924,17932,17955,17956,17959,17961,17963,
17964,17969,18014,18019,18021,18029,18031,18034,
18035,18038,18039,18040,18042,18043,18044,18045,
18046,18048,18049,18052,18054,18056,18059,18064,
18069,18070,18072,18076,18084,18086,18087,18091,
18093,18113,18123,18126,18137,18138,18141,18142,
18144,18146,18155,18158,18163,18164,18174,18176,
18217,18218,18228,18246,18247,18248,18249,18251,
18252,18253,18254,18258,18259,18260,18298,18317,
18324,18328,18333,18348,18366,18430,18433,18438,
18448,18452,18453,18459,18460,18467,18469,18471,
18483,18484,18486,18490,18491,18492,18493,18494,
18501,18503,18524,18528,18529,18546,18547,18551,
18553,18554,18555,18556,18557,18560,18561,18568,
18570,18597,18644,18662,18677,18692,18693,18706,
18714,18731,18759,18766,18807,18808,18835,18837,
18839,18840,18842,18846,18850,18853,18854,18855,
18866,18870,18871,18872,18876,18881,18883,18892,
18893,18918,18929,18947,18964,18966,18967,18970,
18971,18974,18975,18976,18977,18978,18980,18981,
18984,18988,19001,19036,19037,19039,19054,19075,
19076,19085,19087,19091,19105,19109,19112,19113,
19114,19115,19116,19118,19119,19121,19126,19139,
19141,19150,19151,19185,19186,19187,19188,19189,
19192,19195,19198,19205,19214,19225,19226,19227,
19236,19238,19239,19240,19241,19243,19244,19245,
19247,19248,19250,19254,19255,19256,19257,19259,
19260,19261,19266,19268,19270,19271,19272,19306,
19316,19318,19319,19331,19334,19335,19338,19342,
19345,19373,19375,19395,19403,19404,19415,19417,
19425,19426,19428,19438,19455,19456,19466,19471,
19487,19490,19494,19499,19505,19517,19527,19529,
19536,19537,19539,19546,19552,19559,19571,19574,
19617,19642,19684,19685,19703,19722,19756,19759,
19770,19772,19814,19815,19816,19817,19818,19820,
19821,19822,19823,19825,19826,19827,19830,19831,
19833,19834,19835,19837,19838,19839,19841,19842,
19847,19851,19852,19854,19855,19858,19859,19861,
19862,19863,19866,19873,19874,19875,19878,19883,
19884,19885,19886,19887,19888,19889,19890,19902,
19903,19939,19946,19958,19959,19960,19962,19963,
19964,19965,19966,19967,19968,19969,19970,19971,
19972,19973,19975,19977,19979,19980,19983,19984,
19985,19986,19987,19988,19989,19996,19998,19999,
20000,20002,20003,20007,20012,20014,20017,20021,
20029,20030,20031,20034,20035,20036,20039,20040,
20043,20044,20046,20048,20050,20053,20055,20067,
20068,20069,20070,20071,20072,20076,20077,20078,
20081,20082,20083,20084,20086,20087,20090,20091,
20092,20106,20118,20131,20135,20152,20154,20161,
20191,20226,20240,20241,20251,20258,20259,20261,
20264,20265,20270,20271,20272,20274,20276,20279,
20287,20288,20290,20301,20308,20314,20317,20346,
20371,20377,20392,20409,20428,20432,20433,20436,
20446,20455,20458,20459,20460,20461,20462,20463,
20464,20465,20466,20468,20470,20471,20473,20474,
20480,20481,20483,20487,20492,20494,20496,20501,
20502,20505,20506,20507,20508,20509,20521,20544,
20546,20562,20569,20572,20599,20601,20640,20651,
20663,20679,20687,20725,20769,20815,20820,20826,
20828,20833,20836,20844,20846,20847,20854,20855,
20856,20867,20899,20907,20924,20925,20934,20935,
20945,20946,20947,20958,20960,20962,20964,20985,
20990,20995,21175,21216,21220,21221,21223,21224,
21225,21226,21227,21228,21230,21232,21233,21236,
21252,21301,21321,21323,21326,21397,21398,21402,
21409,21430,21453,21464,21501,21528,21547,21569,
21627,21631,21644,21647,21650,21686,21688,21708,
21713,21732,21739,21741,21742,21752,21754,21755,
21757,21758,21760,21762,21765,21768,21772,21866,
21867,21873,21874,21875,21876,21878,21880,21885,
21893,21894,21898,21903,21904,21905,21936,21938,
21968,21970,21976,22013,22018,22019,22020,22053,
22061,22090,22094,22110,22176,22179,22216,22235,
22252,22253,22259,22266,22267,22268,22270,22271,
22272,22274,22275,22279,22284,22285,22288,22292,
22294,22295,22299,22301,22302,22304,22305,22306,
22307,22308,22309,22310,22313,22314,22315,22323,
22329,22330,22332,22376,22391,22394,22407,22412,
22418,22432,22516,22517,22519,22523,22542,22560,
22568,22575,22579,22588,22591,22592,22595,22597,
22598,22599,22606,22661,22679,22689,22697,22703,
22704,22708,22766,22779,22788,22789,22793,22798,
22809,22813,22815,22817,22822,22858,22863,22868,
22874,22876,22877,22882,22885,22888,22893,22894,
22902,22946,22947,22964,22970,22981,22994,22995,
22998,23003,23005,23008,23009,23011,23012,23019,
23021,23028,23041,23044,23046,23047,23048,23050,
23051,23054,23057,23058,23059,23060,23076,23078,
23101,23133,23144,23145,23146,23149,23150,23151,
23152,23153,23155,23156,23157,23158,23160,23164,
23165,23167,23168,23169,23170,23171,23172,23173,
23174,23175,23176,23178,23179,23186,23191,23263,
23281,23355,23363,23364,23366,23374,23390,23412,
23433,23512,23516,23519,23568,23584,23597,23625,
23635,23650,23672,23680,23685,23691,23713,23753,
23763,23781,23782,23792,23793,23804,23806,23807,
23811,23813,23814,23816,23817,23818,23823,23828,
23829,23832,23847,23849,23850,23883,23910,23922,
23931,23933,23934,23935,23943,23973,23986,24074,
24084,24090,24095,24108,24176,24275,24279,24282,
24309,24315,24338,24346,24436,24441,24447,24469,
24470,24486,24487,24496,24497,24500,24503,24509,
24527,24542,24545,24547,24559,24561,24564,24566,
24568,24570,24572,24573,24576,24578,24580,24582,
24587,24588,24589,24592,24593,24596,24597,24598,
24600,24604,24605,24606,24608,24609,24612,24614,
24615,24616,24620,24622,24637,24640,24641,24642,
24645,24646,24647,24650,24654,24660,24671,24673,
24737,24755,24775,24777,24793,24821,24827,24845,
24851,24854,24858,24860,24863,24867,24872,24925,
24926,24937,24938,24952,24955,24972,24979,25002,
25003,25006,25013,25015,25016,25017,25019,25028,
25041,25043,25048,25049,25052,25054,25057,25058,
25063,25064,25071,25077,25127,25131,25169,25181,
25185,25190,25191,25192,25195,25197,25198,25199,
25200,25201,25202,25203,25204,25205,25206,25255,
25269,25278,25280,25293,25295,25296,25307,25309,
25320,25333,25335,25339,25350,25358,25372,25396,
25472,25477,25507,25519,25532,25634,25642,25653,
25702,25707,25708,25713,25725,25730,25745,25746,
25749,25751,25752,25753,25754,25755,25756,25758,
25759,25765,25795,25802,25812,25821,25826,25860,
25930,25932,25936,25938,25939,25940,25941,25942,
25945,25946,25947,25948,25954,25960,25962,25964,
25965,25966,25967,26007,26014,26015,26025,26028,
26030,26031,26034,26036,26041,26043,26047,26048,
26049,26050,26062,26063,26064,26065,26067,26068,
26072,26074,26078,26080,26081,26082,26084,26085,
26086,26087,26088,26104,26124,26172,26256,26300,
26333,26337,26344,26345,26346,26349,26350,26351,
26353,26354,26355,26360,26361,26367,26394,26405,
26406,26408,26412,26421,26423,26426,26427,26428,
26464,26467,26474,26485,26532,26545,26552,26558,
26572,26573,26584,26587,26593,26602,26622,26648,
26662,26663,26672,26673,26681,26728,26729,26730,
26732,26735,26736,26740,26741,26744,26749,26751,
26752,26754,26755,26758,26760,26761,26764,26765,
26766,26784,26792,26813,26815,26827,26829,26830,
26831,26868,26869,26870,26872,26894,26897,26913,
26921,26932,26943,26948,26949,26952,26962,26966,
26967,27000,27011,27016,27027,27066,27081,27082,
27084,27086,27093,27097,27100,27105,27107,27108,
27110,27111,27114,27123,27129,27147,27160,27161,
27165,27168,27169,27170,27171,27172,27174,27189,
27190,27191,27192,27197,27200,27202,27204,27207,
27208,27211,27212,27214,27215,27216,27217,27218,
27228,27251,27255,27256,27261,27268,27303,27307,
27325,27326,27341,27346,27351,27369,27397,27417,
27443,27447,27451,27456,27496,27511,27532,27534,
27539,27540,27541,27544,27596,27603,27604,27610,
27611,27615,27626,27633,27634,27635,27640,27642,
27654,27672,27674,27678,27681,27685,27688,27689,
27690,27692,27693,27709,27710,27711,27712,27714,
27718,27721,27723,27725,27739,27741,27742,27747,
27748,27749,27750,27753,27800,27908,27916,27917,
27974,27991,28004,28007,28009,28017,28018,28019,
28020,28021,28028,28031,28032,28034,28035,28041,
28042,28044,28045,28050,28053,28054,28055,28056,
28057,28058,28068,28071,28075,28085,28096,28098,
28099,28126,28136,28142,28143,28227,28304,28308,
28415,28425,28428,28429,28438,28441,28449,28450,
28452,28474,28505,28511,28516,28519,28524,28537,
28549,28550,28555,28557,28559,28560,28561,28562,
28564,28565,28566,28568,28569,28572,28573,28648,
28649,28702,28715,28721,28729,28730,28731,28737,
28741,28750,28751,28753,28762,28764,28766,28774,
28775,28800,28834,28839,28842,28849,28855,28859,
28860,28868,28878,28882,28937,28940,28943,28953,
28959,28972,28987,28989,28995,28997,29002,29016,
29017,29019,29041,29059,29064,29076,29077,29088,
29089,29249,29259,29261,29272,29273,29277,29278,
29282,29285,29286,29289,29324,29331,29361,29390,
29413,29432,29436,29446,29491,29534,29536,29560,
29589,29590,29603,29604,29606,29620,29625,29648,
29649,29650,29652,29654,29662,29663,29664,29666,
29668,29672,29673,29674,29675,29676,29677,29679,
29687,29688,29689,29690,29691,29709,29713,29714,
29718,29726,29727,29729,29730,29733,29734,29735,
29738,29739,29740,29741,29742,29745,29746,29748,
29749,29750,29751,29753,29754,29755,29756,29757,
29758,29761,29762,29764,29766,29767,29768,29769,
29770,29771,29772,29773,29774,29776,29777,29778,
29779,29780,29781,29782,29783,29784,29785,29786,
29787,29790,29828,29829,29834,29836,29839,29840,
29841,29843,29845,29847,29850,29856,29857,29858,
29859,29861,29863,29864,29865,29866,29867,29868,
29872,29874,29875,29876,29879,29880,29884,29895,
29903,29905,29907,29911,29958,29984,29987,29996,
30043,30111,30112,30186,30217,30238,30249,30268,
30297,30322,30327,30329,30335,30337,30339,30340,
30345,30346,30352,30353,30355,30357,30358,30359,
30360,30361,30362,30363,30364,30365,30367,30369,
30388,30398,30453,30509,30512,30517,30559,30564,
30569