22,27,31,43,51,62,66,70,
72,88,92,94,106,109,111,115,
117,120,127,130,132,140,154,161,
162,163,180,197,205,221,238,253,
255,257,261,271,274,275,310,313,
318,320,326,330,347,351,368,384,
397,401,409,414,426,432,450,459,
462,468,471,476,477,480,487,489,
493,526,541,548,560,565,580,584,
587,588,601,616,625,660,694,714,
719,740,744,754,768,771,777,785,
808,822,827,838,856,872,873,876,
896,917,931,953,963,964,984,986,
988,998,1010,1013,1021,1058,1061,1066,
1074,1100,1129,1130,1152,1166,1209,1211,
1234,1237,1240,1243,1247,1266,1271,1273,
1275,1280,1285,1290,1296,1302,1314,1315,
1327,1372,1383,1385,1394,1417,1431,1432,
1433,1446,1447,1451,1452,1472,1473,1483,
1497,1533,1534,1537,1538,1542,1549,1560,
1562,1565,1574,1576,1581,1584,1596,1617,
1623,1656,1682,1685,1698,1700,1720,1753,
1758,1766,1767,1789,1800,1802,1821,1838,
1903,1938,1952,1961,1968,1972,1985,2012,
2013,2025,2033,2036,2044,2059,2062,2083,
2111,2124,2134,2147,2181,2223,2228,2229,
2232,2261,2264,2269,2273,2278,2310,2339,
2348,2349,2355,2370,2377,2385,2433,2454,
2461,2468,2474,2491,2493,2498,2512,2513,
2518,2527,2543,2545,2551,2556,2564,2572,
2606,2612,2623,2629,2632,2667,2670,2685,
2698,2699,2718,2736,2751,2762,2825,2834,
2837,2846,2851,2857,2862,2886,2890,2936,
2940,2943,2944,2950,2959,2969,2974,2984,
2998,3012,3014,3017,3024,3025,3039,3052,
3062,3063,3096,3117,3129,3130,3140,3150,
3164,3190,3205,3213,3222,3223,3245,3252,
3256,3280,3287,3319,3336,3348,3354,3355,
3363,3384,3385,3423,3427,3442,3454,3455,
3489,3501,3519,3523,3547,3553,3558,3562,
3563,3588,3592,3608,3615,3625,3652,3653,
3667,3670,3690,3691,3702,3711,3728,3731,
3733,3765,3783,3784,3818,3828,3830,3834,
3859,3870,3875,3888,3908,3933,3941,3957,
3958,3980,3996,4019,4020,4034,4061,4076,
4083,4092,4113,4125,4139,4142,4143,4144,
4155,4226,4260,4279,4282,4284,4288,4293,
4315,4324,4346,4379,4385,4393,4394,4408,
4427,4430,4447,4463,4468,4478,4479,4487,
4489,4496,4501,4549,4564,4565,4572,4574,
4594,4603,4616,4621,4624,4627,4635,4664,
4682,4684,4700,4718,4721,4746,4747,4748,
4749,4757,4794,4808,4817,4822,4839,4852,
4863,4872,4900,4907,4911,4919,4954,4965,
4981,4983,4986,5004,5035,5052,5060,5073,
5075,5086,5094,5099,5112,5118,5126,5127,
5132,5135,5138,5148,5193,5195,5209,5241,
5261,5285,5286,5294,5306,5307,5321,5338,
5339,5340,5367,5368,5381,5394,5395,5399,
5417,5418,5421,5438,5442,5451,5458,5459,
5469,5472,5478,5501,5507,5570,5580,5600,
5605,5609,5614,5619,5625,5632,5645,5651,
5676,5685,5691,5693,5712,5715,5733,5737,
5750,5778,5811,5832,5835,5836,5851,5863,
5885,5900,5913,5926,5954,5958,5975,5998,
6003,6033,6037,6041,6043,6055,6056,6062,
6079,6087,6107,6115,6121,6129,6142,6145,
6186,6220,6249,6260,6267,6283,6287,6292,
6301,6336,6342,6356,6373,6392,6409,6421,
6456,6478,6488,6512,6516,6527,6533,6548,
6550,6556,6559,6560,6565,6575,6577,6591,
6592,6594,6609,6639,6662,6688,6705,6714,
6751,6773,6810,6836,6846,6852,6856,6877,
6882,6884,6888,6919,6934,6936,6941,6947,
6970,6986,6993,7001,7005,7014,7015,7016,
7019,7030,7034,7036,7037,7038,7104,7106,
7132,7183,7192,7206,7228,7255,7267,7269,
7302,7310,7329,7355,7384,7391,7402,7408,
7418,7427,7444,7447,7461,7472,7475,7498,
7507,7524,7534,7537,7540,7541,7556,7561,
7571,7580,7585,7586,7611,7631,7641,7658,
7675,7684,7697,7699,7717,7739,7751,7770,
7771,7778,7779,7787,7807,7814,7825,7842,
7904,7937,8028,8035,8039,8048,8064,8068,
8071,8074,8075,8083,8087,8100,8122,8125,
8135,8140,8151,8155,8171,8173,8174,8178,
8183,8194,8219,8244,8250,8257,8278,8306,
8364,8373,8376,8387,8388,8396,8418,8422,
8434,8461,8472,8512,8534,8541,8550,8570,
8592,8614,8621,8631,8645,8647,8654,8660,
8677,8684,8737,8751,8757,8768,8780,8796,
8798,8803,8808,8835,8840,8854,8875,8895,
8900,8967,8993,9030,9032,9033,9039,9040,
9041,9043,9044,9047,9049,9056,9059,9061,
9062,9063,9068,9070,9075,9077,9082,9088,
9109,9140,9187,9190,9220,9233,9247,9283,
9288,9290,9305,9322,9328,9341,9358,9390,
9391,9399,9406,9411,9418,9421,9432,9438,
9442,9456,9457,9476,9501,9502,9546,9558,
9581,9584,9585,9592,9593,9614,9621,9653,
9658,9660,9666,9676,9677,9678,9681,9682,
9687,9698,9701,9706,9710,9750,9780,9813,
9823,9840,9842,9844,9859,9882,9883,9907,
9926,9985,9986,10000,10001,10018,10021,10025,
10026,10066,10072,10088,10124,10126,10127,10141,
10178,10204,10258,10293,10296,10309,10320,10333,
10342,10344,10375,10377,10389,10464,10468,10483,
10487,10491,10496,10499,10511,10534,10540,10546,
10551,10564,10601,10613,10626,10632,10645,10652,
10656,10696,10707,10710,10711,10743,10750,10751,
10777,10778,10782,10786,10788,10793,10798,10832,
10841,10849,10857,10869,10872,10874,10876,10878,
10882,10904,10911,10917,10970,10971,10991,10993,
11000,11050,11051,11056,11057,11061,11096,11106,
11156,11161,11180,11185,11188,11200,11209,11219,
11225,11242,11272,11274,11275,11290,11301,11313,
11338,11359,11367,11368,11376,11379,11383,11387,
11409,11430,11445,11452,11459,11472,11487,11493,
11541,11547,11581,11599,11607,11615,11690,11692,
11708,11731,11770,11771,11785,11799,11805,11806,
11811,11812,11813,11815,11825,11838,11895,11909,
11924,11938,11940,11943,11944,11945,11947,11948,
11974,11989,11992,11994,11998,12003,12007,12009,
12026,12031,12035,12056,12085,12090,12091,12092,
12094,12095,12099,12100,12102,12107,12109,12125,
12129,12130,12131,12155,12156,12157,12158,12164,
12195,12206,12215,12216,12230,12236,12243,12257,
12331,12339,12342,12351,12359,12362,12372,12375,
12388,12394,12411,12416,12458,12459,12460,12475,
12482,12519,12561,12574,12583,12601,12607,12638,
12665,12673,12674,12733,12734,12739,12742,12755,
12757,12774,12806,12819,12826,12828,12831,12846,
12848,12853,12854,12861,12872,12894,12932,12939,
12953,12956,12976,12990,12993,13007,13029,13033,
13039,13051,13053,13085,13087,13098,13145,13147,
13153,13172,13188,13191,13206,13234,13237,13256,
13273,13277,13278,13286,13288,13293,13296,13297,
13303,13304,13305,13308,13310,13322,13338,13342,
13347,13355,13357,13359,13362,13366,13368,13378,
13381,13384,13391,13416,13439,13443,13491,13522,
13527,13533,13534,13541,13543,13561,13570,13579,
13583,13584,13585,13587,13591,13592,13600,13601,
13611,13623,13667,13686,13688,13691,13703,13728,
13752,13761,13776,13778,13785,13789,13791,13797,
13803,13829,13835,13847,13851,13855,13860,13864,
13865,13869,13872,13884,13889,13901,13906,13927,
13946,13955,13961,13964,13997,14007,14021,14029,
14031,14039,14081,14100,14115,14120,14154,14194,
14213,14218,14235,14246,14258,14262,14297,14328,
14340,14352,14354,14361,14375,14383,14390,14401,
14415,14424,14439,14456,14458,14460,14464,14466,
14469,14470,14471,14472,14473,14488,14515,14526,
14530,14540,14543,14551,14553,14555,14556,14561,
14562,14564,14575,14582,14601,14603,14614,14629,
14634,14635,14636,14639,14643,14644,14645,14647,
14653,14658,14659,14666,14668,14673,14697,14707,
14721,14727,14734,14735,14768,14783,14788,14796,
14801,14804,14811,14852,14860,14874,14889,14891,
14895,14899,14924,14931,14940,14941,14945,14961,
14966,14983,15009,15040,15043,15049,15070,15074,
15076,15088,15115,15124,15127,15128,15139,15140,
15187,15188,15266,15281,15289,15307,15324,15327,
15377,15432,15457,15468,15479,15480,15507,15509,
15552,15559,15596,15599,15610,15625,15663,15666,
15675,15678,15684,15710,15712,15713,15725,15726,
15739,15746,15749,15750,15751,15757,15772,15785,
15786,15796,15808,15811,15817,15849,15859,15889,
15890,15895,15896,15904,15909,15922,15934,15951,
15956,15968,15995,16002,16006,16037,16043,16053,
16059,16071,16101,16105,16111,16112,16114,16115,
16116,16118,16160,16165,16179,16181,16188,16197,
16214,16221,16228,16234,16268,16276,16314,16319,
16328,16342,16368,16369,16392,16399,16426,16429,
16438,16439,16453,16460,16498,16503,16506,16514,
16520,16521,16522,16527,16539,16546,16563,16607,
16617,16629,16637,16663,16664,16669,16675,16686,
16697,16708,16709,16711,16732,16734,16737,16744,
16756,16791,16805,16806,16828,16865,16871,16873,
16877,16884,16893,16904,16910,16913,16947,16953,
16976,16977,16980,16982,16995,17012,17024,17046,
17070,17073,17076,17092,17130,17159,17162,17163,
17178,17212,17215,17225,17227,17229,17232,17274,
17284,17297,17349,17364,17391,17410,17433,17471,
17481,17483,17523,17527,17561,17562,17563,17564,
17567,17568,17575,17579,17582,17586,17593,17596,
17622,17624,17628,17633,17645,17648,17677,17684,
17708,17718,17721,17730,17779,17782,17805,17813,
17866,17888,17889,17897,17908,17937,17956,17990,
18001,18029,18041,18044,18094,18097,18099,18104,
18105,18108,18136,18141,18155,18158,18161,18165,
18166,18167,18171,18184,18186,18189,18192,18197,
18198,18201,18202,18217,18229,18255,18256,18257,
18260,18276,18300,18303,18306,18312,18318,18319,
18344,18378,18384,18386,18389,18391,18407,18435,
18436,18452,18455,18461,18466,18476,18521,18536,
18543,18555,18574,18578,18579,18593,18595,18603,
18616,18621,18637,18645,18649,18685,18687,18699,
18708,18723,18727,18759,18774,18788,18800,18820,
18879,18884,18888,18892,18904,18907,18910,18914,
18929,18959,18974,19024,19037,19054,19055,19068,
19073,19081,19095,19107,19116,19125,19140,19167,
19171,19173,19203,19207,19213,19223,19233,19237,
19256,19295,19297,19305,19307,19317,19334,19339,
19354,19356,19433,19468,19476,19506,19515,19530,
19539,19557,19568,19585,19614,19628,19651,19653,
19658,19670,19678,19683,19686,19689,19690,19691,
19697,19769,19785,19786,19787,19790,19793,19815,
19817,19818,19876,19906,19940,19954,19958,19963,
19974,19991,20009,20048,20053,20094,20138,20142,
20188