6,9,16,21,44,48,59,102,
114,122,134,159,173,190,204,209,
211,228,230,232,233,252,256,259,
272,299,301,342,348,381,421,451,
486,501,507,522,532,538,577,595,
610,619,652,663,668,683,691,703,
713,715,716,723,737,745,750,762,
763,769,792,797,811,817,823,832,
833,850,858,862,866,870,879,885,
888,890,892,895,912,958,994,997,
999,1001,1031,1051,1060,1079,1093,1095,
1099,1116,1131,1137,1148,1151,1162,1164,
1168,1174,1178,1181,1183,1192,1217,1249,
1274,1291,1297,1299,1313,1324,1325,1337,
1346,1349,1352,1360,1369,1389,1409,1413,
1416,1429,1448,1450,1462,1467,1481,1485,
1517,1525,1527,1566,1593,1603,1616,1625,
1629,1644,1645,1647,1663,1669,1675,1709,
1732,1760,1790,1792,1833,1839,1840,1860,
1866,1871,1882,1885,1894,1899,1900,1901,
1904,1914,1925,1927,1933,1937,1947,1949,
1953,1987,2008,2011,2018,2022,2023,2034,
2042,2043,2057,2058,2072,2074,2081,2112,
2120,2127,2148,2153,2157,2162,2187,2194,
2197,2199,2207,2213,2225,2237,2240,2246,
2247,2303,2320,2328,2333,2384,2395,2403,
2422,2434,2441,2458,2471,2472,2479,2505,
2524,2532,2552,2570,2577,2585,2593,2621,
2625,2668,2671,2673,2680,2683,2684,2693,
2696,2701,2705,2712,2713,2715,2721,2725,
2726,2729,2734,2745,2746,2770,2783,2792,
2798,2805,2827,2830,2861,2870,2888,2903,
2910,2915,2916,2919,2928,2952,2953,2958,
2975,2976,2979,2983,2986,2988,2997,3013,
3016,3019,3048,3049,3057,3059,3077,3101,
3103,3108,3123,3136,3148,3155,3176,3221,
3226,3244,3259,3265,3266,3296,3299,3313,
3328,3329,3366,3367,3371,3387,3405,3408,
3409,3419,3421,3422,3424,3432,3433,3448,
3470,3477,3488,3520,3532,3561,3587,3599,
3601,3607,3641,3669,3671,3679,3705,3709,
3715,3727,3761,3773,3777,3798,3799,3803,
3804,3821,3829,3845,3852,3865,3872,3885,
3907,3910,3916,3920,3954,3977,3978,3983,
4006,4017,4031,4040,4071,4082,4094,4108,
4137,4147,4160,4175,4199,4211,4217,4220,
4252,4259,4269,4290,4313,4321,4327,4339,
4340,4349,4354,4399,4451,4472,4510,4534,
4538,4554,4560,4576,4578,4580,4587,4600,
4606,4609,4610,4625,4626,4629,4631,4634,
4645,4663,4670,4707,4730,4750,4768,4778,
4785,4809,4827,4841,4882,4909,4940,4948,
4955,4956,4973,4991,5000,5061,5065,5071,
5078,5089,5096,5116,5121,5125,5142,5174,
5185,5204,5217,5230,5254,5255,5263,5267,
5291,5299,5303,5314,5324,5347,5365,5392,
5402,5424,5427,5430,5446,5457,5512,5521,
5534,5540,5549,5567,5574,5584,5587,5595,
5601,5621,5638,5642,5678,5694,5714,5720,
5721,5728,5742,5744,5745,5749,5786,5797,
5802,5818,5824,5825,5827,5846,5912,5931,
5950,5968,5974,6022,6052,6066,6088,6093,
6099,6114,6122,6149,6159,6164,6199,6210,
6226,6233,6235,6237,6253,6271,6280,6284,
6298,6326,6334,6351,6365,6383,6385,6387,
6393,6399,6408,6427,6429,6436,6438,6458,
6463,6470,6471,6482,6510,6545,6554,6561,
6572,6615,6636,6685,6698,6702,6712,6715,
6717,6723,6727,6731,6746,6757,6765,6767,
6771,6775,6779,6783,6785,6786,6798,6802,
6814,6818,6828,6832,6855,6861,6889,6893,
6899,6904,6940,6972,6989,6995,6999,7011,
7035,7041,7054,7061,7078,7088,7103,7112,
7122,7133,7136,7141,7160,7168,7177,7203,
7211,7212,7229,7248,7253,7264,7270,7277,
7280,7305,7308,7314,7319,7346,7372,7375,
7406,7420,7422,7434,7439,7445,7448,7457,
7459,7462,7476,7500,7522,7535,7538,7559,
7582,7621,7629,7657,7673,7693,7694,7710,
7714,7718,7719,7744,7760,7769,7784,7789,
7791,7832,7833,7847,7851,7863,7869,7877,
7881,7890,7901,7923,7927,7964,7969,7996,
8004,8037,8045,8047,8056,8058,8065,8101,
8116,8118,8123,8126,8133,8137,8157,8160,
8165,8182,8186,8189,8191,8192,8195,8218,
8221,8223,8226,8236,8237,8240,8249,8252,
8253,8256,8269,8271,8277,8281,8282,8293,
8297,8299,8307,8311,8312,8320,8330,8337,
8340,8378,8379,8383,8385,8392,8425,8431,
8438,8442,8484,8486,8533,8537,8539,8583,
8596,8599,8612,8635,8636,8651,8653,8676,
8697,8706,8708,8742,8743,8752,8764,8767,
8771,8782,8817,8826,8839,8857,8858,8868,
8870,8876,8918,8924,8926,8932,8935,8939,
8958,8960,8964,8977,8998,9002,9034,9046,
9064,9093,9095,9097,9103,9111,9119,9129,
9149,9165,9170,9171,9174,9194,9212,9222,
9224,9229,9240,9257,9259,9263,9268,9289,
9296,9311,9312,9335,9338,9348,9368,9373,
9392,9413,9428,9433,9436,9437,9494,9496,
9509,9521,9522,9541,9550,9573,9582,9587,
9617,9640,9647,9656,9661,9688,9690,9696,
9703,9711,9734,9764,9775,9789,9790,9794,
9833,9863,9884,9916,9925,9927,9933,9940,
9950,9958,9975,9989,9990,9995,10017,10047,
10057,10062,10063,10070,10073,10085,10102,10129,
10133,10164,10172,10184,10190,10195,10203,10254,
10257,10265,10274,10277,10290,10295,10305,10308,
10310,10314,10318,10349,10357,10364,10366,10403,
10406,10415,10440,10445,10452,10493,10503,10512,
10533,10538,10542,10543,10581,10599,10627,10637,
10660,10667,10669,10670,10686,10693,10704,10706,
10719,10736,10760,10762,10767,10789,10808,10809,
10812,10819,10827,10888,10908,10922,10935,10946,
10972,10988,11009,11013,11015,11032,11035,11052,
11054,11058,11067,11076,11080,11092,11093,11098,
11099,11107,11111,11119,11126,11137,11138,11148,
11166,11187,11208,11234,11240,11243,11268,11278,
11295,11326,11328,11343,11400,11438,11442,11449,
11461,11465,11486,11489,11532,11543,11571,11574,
11603,11616,11620,11630,11636,11643,11648,11661,
11673,11675,11698,11723,11729,11758,11784,11786,
11789,11790,11814,11817,11818,11819,11831,11832,
11833,11874,11877,11889,11899,11906,11914,11925,
11927,11929,11936,11939,11946,11955,11958,11960,
11965,11969,11975,11979,12002,12013,12020,12021,
12022,12042,12071,12086,12093,12097,12111,12112,
12135,12152,12167,12172,12181,12187,12189,12192,
12198,12199,12217,12224,12229,12244,12276,12288,
12295,12296,12305,12307,12320,12324,12328,12337,
12340,12368,12384,12390,12398,12403,12404,12405,
12418,12428,12429,12431,12438,12448,12507,12536,
12547,12557,12563,12565,12592,12611,12618,12619,
12623,12624,12643,12667,12672,12680,12684,12709,
12711,12719,12725,12750,12764,12766,12781,12785,
12793,12802,12813,12838,12852,12855,12858,12888,
12891,12896,12920,12929,12936,12938,12942,12943,
12954,12970,12982,12983,12985,12999,13000,13010,
13014,13071,13073,13074,13076,13079,13082,13088,
13113,13129,13130,13135,13139,13142,13158,13162,
13184,13185,13204,13215,13219,13221,13222,13226,
13228,13243,13262,13284,13285,13287,13312,13314,
13316,13334,13341,13358,13361,13373,13377,13393,
13403,13422,13427,13432,13435,13444,13463,13467,
13470,13524,13530,13538,13553,13554,13557,13562,
13567,13599,13607,13608,13629,13651,13677,13694,
13696,13718,13727,13731,13735,13740,13741,13767,
13772,13779,13796,13817,13832,13838,13863,13866,
13877,13898,13907,13919,13935,13949,13952,13953,
13957,13980,14000,14003,14071,14084,14092,14112,
14163,14216,14225,14273,14286,14290,14298,14324,
14334,14336,14349,14366,14381,14382,14386,14391,
14396,14413,14419,14477,14479,14501,14508,14513,
14542,14554,14566,14567,14568,14593,14640,14657,
14663,14664,14667,14683,14686,14687,14691,14710,
14725,14753,14754,14760,14766,14775,14782,14789,
14797,14802,14814,14843,14861,14867,14868,14870,
14898,14903,14905,14906,14914,14919,14927,14944,
14954,14973,14974,14979,14998,15000,15003,15005,
15011,15060,15065,15068,15077,15082,15085,15098,
15100,15104,15111,15118,15131,15157,15179,15180,
15192,15212,15217,15222,15236,15239,15256,15261,
15285,15292,15295,15308,15326,15330,15336,15345,
15358,15366,15384,15398,15436,15443,15446,15459,
15476,15478,15489,15494,15497,15501,15555,15556,
15561,15574,15584,15597,15624,15626,15647,15656,
15657,15685,15692,15694,15703,15723,15736,15753,
15759,15760,15766,15771,15775,15807,15818,15819,
15823,15826,15832,15846,15848,15856,15876,15894,
15898,15900,15913,15931,15932,15933,15938,15939,
15945,15947,15955,15975,15981,15984,16025,16028,
16031,16046,16051,16067,16068,16075,16122,16129,
16139,16152,16163,16225,16235,16242,16267,16283,
16289,16338,16349,16359,16396,16397,16403,16406,
16421,16430,16433,16450,16451,16452,16458,16462,
16491,16545,16550,16583,16590,16604,16619,16651,
16653,16657,16658,16659,16717,16729,16733,16739,
16749,16764,16767,16778,16833,16834,16837,16839,
16842,16854,16857,16866,16869,16882,16905,16909,
16912,16915,16933,16935,16936,16951,16958,16988,
16994,17009,17019,17032,17033,17063,17069,17083,
17101,17104,17109,17110,17114,17152,17161,17168,
17180,17184,17191,17193,17194,17219,17243,17249,
17258,17276,17299,17300,17319,17367,17372,17374,
17378,17394,17434,17443,17444,17447,17451,17452,
17461,17463,17476,17480,17491,17493,17515,17522,
17538,17554,17565,17571,17577,17588,17590,17594,
17609,17611,17620,17625,17627,17630,17640,17642,
17651,17661,17663,17664,17668,17671,17674,17702,
17709,17732,17756,17765,17780,17783,17797,17798,
17810,17828,17832,17839,17849,17879,17883,17886,
17904,17909,17912,17920,17955,17961,17984,17985,
17993,18015,18078,18122,18128,18134,18193,18270,
18271,18277,18304,18321,18326,18340,18341,18346,
18365,18368,18385,18405,18406,18408,18410,18411,
18413,18416,18417,18418,18419,18420,18421,18422,
18426,18428,18429,18430,18431,18432,18433,18434,
18477,18478,18479,18487,18563,18564,18577,18605,
18606,18614,18624,18689,18692,18694,18704,18710,
18714,18730,18733,18763,18818,18822,18826,18836,
18837,18869,18882,18898,18905,18908,18923,18944,
18946,18950,18956,18967,18971,18978,18979,18996,
19011,19014,19015,19022,19032,19034,19064,19066,
19067,19135,19138,19139,19142,19148,19159,19175,
19217,19244,19245,19247,19290,19291,19306,19319,
19403,19423,19428,19439,19464,19501,19509,19583,
19593,19594,19596,19598,19602,19608,19619,19623,
19625,19637,19638,19642,19643,19645,19646,19648,
19707,19712,19721,19724,19726,19729,19741,19742,
19743,19744,19770,19796,19807,19809,19810,19811,
19813,19827,19828,19830,19831,19835,19836,19837,
19843,19844,19846,19850,19851,19893,19894,19910,
19914,19928,19936,19939,19961,19964,19967,19973,
19977,19982,19983,20003,20016,20031,20032,20034,
20050,20052,20065,20070,20123,20145,20153,20154,
20155,20166,20182