8,30,33,35,38,42,47,55,
56,60,65,69,81,83,86,110,
139,149,166,168,174,179,181,199,
212,213,220,241,264,309,314,331,
332,339,340,372,373,374,388,396,
398,405,412,430,436,438,440,447,
465,469,470,473,475,481,485,494,
500,512,520,527,544,558,578,585,
596,629,632,642,644,654,662,676,
677,706,711,717,726,743,746,751,
752,756,759,780,795,799,821,839,
846,849,853,874,883,886,887,904,
906,920,939,940,962,967,971,981,
982,991,1003,1023,1043,1064,1071,1073,
1122,1123,1124,1133,1141,1143,1158,1190,
1196,1197,1201,1203,1212,1216,1219,1221,
1233,1241,1244,1254,1259,1263,1270,1276,
1277,1281,1282,1284,1289,1305,1310,1317,
1356,1376,1377,1380,1387,1388,1391,1397,
1407,1424,1425,1436,1440,1480,1487,1496,
1501,1504,1519,1523,1526,1552,1569,1583,
1588,1599,1602,1604,1609,1612,1614,1619,
1622,1634,1653,1654,1659,1665,1666,1679,
1680,1691,1696,1708,1722,1724,1737,1743,
1751,1756,1777,1779,1794,1830,1850,1851,
1891,1893,1916,1919,1921,1941,1955,1966,
1970,1996,2000,2004,2006,2028,2030,2037,
2069,2080,2106,2123,2128,2138,2144,2146,
2155,2165,2175,2186,2188,2192,2193,2212,
2215,2236,2253,2255,2256,2257,2275,2283,
2290,2294,2305,2306,2311,2331,2343,2351,
2352,2390,2393,2394,2396,2399,2402,2404,
2411,2413,2430,2444,2445,2473,2476,2482,
2509,2510,2511,2523,2525,2529,2533,2534,
2535,2536,2539,2549,2567,2575,2579,2595,
2626,2635,2636,2641,2657,2677,2681,2709,
2711,2737,2768,2772,2774,2778,2788,2790,
2793,2809,2810,2817,2847,2848,2875,2880,
2900,2908,2913,2914,2932,2933,2956,2963,
2970,2973,2980,2985,3004,3020,3027,3038,
3041,3067,3069,3072,3074,3085,3092,3093,
3097,3098,3100,3112,3116,3121,3134,3159,
3170,3172,3178,3185,3187,3195,3202,3206,
3207,3216,3217,3231,3232,3234,3237,3238,
3255,3268,3269,3270,3275,3282,3311,3315,
3351,3361,3374,3375,3376,3388,3395,3411,
3416,3429,3452,3453,3464,3521,3524,3565,
3576,3589,3602,3612,3622,3642,3648,3663,
3677,3699,3708,3716,3724,3738,3749,3752,
3760,3763,3770,3788,3810,3813,3846,3850,
3856,3867,3873,3880,3882,3883,3893,3913,
3929,3937,3944,3960,3965,3967,3984,3988,
3993,3995,4001,4007,4013,4033,4035,4042,
4057,4059,4064,4065,4066,4067,4086,4090,
4091,4106,4109,4134,4146,4148,4183,4187,
4201,4210,4245,4251,4277,4278,4280,4292,
4297,4303,4312,4322,4325,4326,4329,4336,
4337,4343,4347,4352,4362,4369,4374,4380,
4384,4386,4401,4403,4419,4435,4437,4438,
4442,4445,4454,4461,4464,4471,4482,4483,
4491,4500,4506,4507,4515,4521,4546,4568,
4585,4588,4614,4620,4628,4633,4646,4693,
4695,4706,4714,4715,4733,4734,4737,4740,
4764,4766,4776,4800,4805,4806,4848,4858,
4859,4887,4928,4933,4950,4966,4974,4976,
4978,4980,4990,4994,4998,5003,5008,5012,
5021,5027,5029,5041,5042,5047,5051,5056,
5062,5063,5070,5077,5087,5100,5110,5113,
5124,5139,5145,5152,5153,5156,5171,5177,
5182,5191,5192,5201,5210,5211,5224,5235,
5245,5257,5260,5308,5345,5354,5358,5370,
5372,5389,5391,5455,5460,5461,5462,5480,
5482,5486,5487,5488,5489,5490,5496,5502,
5503,5504,5510,5513,5516,5519,5526,5529,
5532,5535,5538,5539,5542,5543,5560,5564,
5565,5572,5591,5596,5626,5631,5641,5654,
5665,5668,5681,5696,5711,5731,5732,5760,
5766,5770,5792,5795,5804,5807,5812,5828,
5838,5839,5841,5848,5853,5866,5876,5886,
5898,5903,5904,5905,5910,5911,5917,5934,
5941,5955,5963,5967,5972,5976,5979,5980,
5982,5985,5987,5989,6002,6006,6008,6011,
6016,6021,6040,6051,6075,6097,6117,6119,
6124,6127,6134,6146,6153,6154,6183,6188,
6196,6200,6216,6247,6270,6272,6277,6307,
6315,6319,6337,6347,6348,6349,6352,6366,
6371,6372,6374,6395,6396,6431,6433,6448,
6450,6452,6455,6457,6464,6487,6490,6496,
6508,6528,6562,6581,6598,6601,6603,6607,
6608,6623,6652,6664,6669,6674,6680,6684,
6686,6687,6691,6713,6720,6739,6749,6766,
6780,6781,6806,6812,6817,6820,6825,6829,
6845,6853,6858,6873,6875,6876,6883,6918,
6920,6955,6956,6964,6965,6969,6975,6977,
6982,7004,7022,7042,7043,7050,7051,7052,
7062,7066,7068,7077,7089,7094,7107,7116,
7117,7121,7155,7165,7174,7197,7202,7215,
7223,7233,7239,7240,7257,7286,7293,7318,
7324,7327,7328,7337,7359,7363,7365,7370,
7411,7421,7424,7437,7451,7453,7456,7458,
7466,7473,7487,7502,7511,7513,7518,7525,
7526,7529,7539,7542,7543,7544,7549,7551,
7553,7572,7576,7584,7602,7606,7607,7609,
7610,7634,7643,7645,7651,7652,7656,7666,
7667,7668,7687,7690,7713,7729,7733,7754,
7757,7773,7798,7806,7835,7836,7838,7848,
7864,7867,7874,7896,7919,7928,7931,7936,
7942,7943,7960,7970,7988,7991,7998,7999,
8002,8050,8066,8082,8086,8090,8091,8094,
8095,8097,8107,8112,8127,8145,8147,8148,
8163,8184,8196,8224,8251,8255,8259,8263,
8267,8275,8284,8295,8298,8310,8314,8350,
8369,8371,8386,8389,8390,8397,8409,8416,
8421,8423,8428,8443,8446,8453,8464,8466,
8487,8516,8519,8520,8530,8532,8562,8567,
8578,8579,8604,8606,8627,8634,8648,8656,
8658,8671,8678,8682,8694,8699,8703,8720,
8726,8736,8739,8745,8755,8781,8804,8806,
8827,8838,8850,8863,8872,8881,8882,8897,
8922,8927,8931,8947,8953,8957,8974,8978,
8990,9001,9008,9010,9018,9020,9023,9066,
9081,9087,9089,9105,9108,9110,9113,9122,
9123,9125,9130,9148,9151,9155,9163,9177,
9188,9191,9192,9207,9208,9214,9215,9217,
9234,9236,9237,9239,9251,9252,9258,9261,
9262,9274,9275,9300,9302,9303,9308,9319,
9324,9326,9327,9332,9333,9343,9345,9346,
9356,9402,9408,9416,9423,9459,9475,9478,
9492,9498,9500,9504,9517,9526,9556,9564,
9602,9607,9610,9616,9630,9636,9644,9649,
9662,9663,9664,9671,9672,9680,9691,9699,
9714,9717,9731,9772,9798,9804,9827,9829,
9831,9853,9866,9869,9872,9889,9890,9902,
9903,9910,9912,9934,9955,9960,9973,9997,
10007,10032,10035,10039,10058,10079,10080,10084,
10091,10092,10093,10095,10101,10106,10107,10111,
10112,10149,10156,10160,10163,10170,10177,10182,
10192,10207,10217,10220,10248,10268,10270,10272,
10281,10292,10299,10302,10355,10359,10361,10368,
10369,10381,10382,10383,10386,10399,10425,10427,
10449,10485,10507,10509,10517,10532,10537,10544,
10547,10556,10560,10567,10579,10586,10589,10590,
10591,10592,10605,10607,10621,10631,10634,10635,
10643,10648,10657,10661,10663,10672,10675,10678,
10683,10695,10699,10705,10730,10732,10733,10734,
10758,10774,10779,10790,10799,10807,10830,10839,
10855,10864,10867,10875,10885,10889,10901,10906,
10918,10931,10933,10953,10957,10962,10964,10978,
10994,11001,11012,11029,11034,11038,11049,11055,
11066,11069,11074,11084,11085,11089,11112,11121,
11125,11128,11141,11149,11158,11172,11173,11193,
11214,11222,11224,11236,11245,11253,11262,11267,
11308,11317,11322,11347,11362,11384,11402,11417,
11421,11428,11447,11450,11453,11455,11456,11460,
11470,11476,11479,11492,11497,11500,11503,11512,
11513,11522,11527,11531,11551,11562,11567,11595,
11605,11625,11626,11628,11638,11663,11665,11671,
11681,11686,11688,11689,11702,11716,11718,11724,
11727,11728,11734,11738,11740,11750,11752,11754,
11773,11776,11777,11781,11795,11796,11798,11821,
11823,11834,11835,11885,11893,11896,11901,11904,
11905,11918,11919,11930,11950,11962,11972,11978,
11985,11987,11997,12004,12008,12014,12019,12024,
12057,12078,12083,12103,12142,12144,12150,12169,
12179,12188,12194,12204,12209,12218,12220,12226,
12248,12261,12262,12264,12266,12268,12272,12278,
12283,12290,12292,12308,12315,12316,12321,12326,
12346,12349,12350,12352,12361,12371,12374,12391,
12399,12406,12409,12437,12441,12442,12451,12469,
12486,12495,12497,12504,12506,12529,12531,12533,
12546,12548,12550,12555,12564,12576,12587,12591,
12599,12651,12659,12660,12692,12706,12726,12740,
12746,12753,12756,12788,12790,12796,12805,12816,
12820,12829,12830,12834,12835,12836,12839,12845,
12860,12862,12876,12879,12881,12884,12895,12899,
12900,12906,12910,12918,12922,12946,12955,13018,
13035,13043,13044,13050,13091,13096,13106,13109,
13116,13125,13144,13150,13156,13165,13173,13180,
13196,13213,13235,13249,13250,13254,13257,13260,
13270,13271,13329,13349,13382,13386,13388,13390,
13395,13404,13412,13414,13418,13474,13480,13483,
13494,13500,13501,13536,13545,13559,13563,13577,
13589,13603,13614,13642,13645,13648,13660,13664,
13668,13675,13679,13683,13692,13699,13712,13715,
13721,13725,13757,13773,13777,13784,13814,13822,
13842,13852,13854,13870,13871,13896,13899,13903,
13904,13913,13916,13917,13922,13925,13938,13940,
13956,13959,13972,13984,13993,13994,13996,14025,
14032,14051,14063,14064,14066,14072,14075,14097,
14130,14137,14142,14143,14176,14181,14203,14205,
14215,14219,14220,14229,14248,14259,14265,14269,
14276,14277,14295,14299,14327,14338,14358,14360,
14363,14376,14377,14379,14380,14404,14406,14407,
14408,14412,14421,14425,14429,14430,14431,14447,
14449,14461,14465,14468,14474,14478,14480,14484,
14486,14493,14494,14498,14516,14517,14527,14552,
14581,14597,14619,14622,14624,14648,14669,14678,
14688,14711,14716,14719,14726,14747,14752,14756,
14764,14765,14767,14771,14790,14791,14794,14795,
14815,14822,14824,14833,14835,14854,14863,14864,
14866,14897,14950,14959,14962,14977,14988,14990,
14992,14994,15017,15032,15041,15051,15054,15062,
15087,15094,15096,15113,15119,15164,15167,15177,
15182,15186,15202,15203,15205,15223,15227,15231,
15234,15243,15246,15257,15270,15271,15286,15291,
15297,15310,15312,15313,15314,15320,15347,15348,
15352,15375,15399,15406,15408,15413,15417,15429,
15471,15477,15491,15492,15508,15526,15531,15545,
15562,15569,15577,15579,15592,15609,15635,15638,
15677,15682,15686,15693,15698,15708,15709,15733,
15742,15752,15763,15767,15778,15780,15788,15792,
15822,15824,15827,15831,15843,15844,15845,15863,
15874,15875,15878,15879,15885,15886,15917,15950,
15959,15965,15983,15997,16004,16018,16040,16044,
16045,16049,16062,16080,16082,16098,16106,16108,
16117,16121,16133,16137,16144,16168,16176,16183,
16191,16196,16203,16226,16248,16255,16256,16258,
16282,16299,16308,16309,16310,16362,16373,16374,
16389,16391,16411,16415,16417,16420,16436,16459,
16461,16473,16474,16475,16485,16501,16508,16511,
16560,16561,16564,16569,16571,16572,16573,16576,
16580,16584,16586,16597,16598,16621,16623,16647,
16650,16652,16660,16676,16678,16681,16682,16714,
16736,16741,16748,16765,16790,16817,16823,16841,
16846,16852,16870,16892,16896,16903,16923,16928,
16934,16938,16942,16946,16961,16965,16970,16971,
16979,16991,16993,17001,17006,17026,17057,17059,
17066,17095,17107,17115,17120,17151,17153,17160,
17164,17173,17179,17181,17205,17214,17234,17252,
17257,17259,17261,17263,17292,17307,17316,17322,
17323,17340,17380,17387,17401,17415,17429,17438,
17459,17473,17479,17502,17518,17526,17584,17602,
17612,17649,17667,17676,17679,17683,17685,17687,
17691,17697,17705,17706,17715,17719,17777,17784,
17786,17799,17800,17804,17817,17821,17843,17848,
17856,17861,17873,17874,17878,17880,17891,17896,
17917,17941,17946,17951,17953,17957,17971,17986,
17999,18010,18020,18030,18033,18040,18042,18049,
18052,18067,18072,18073,18096,18109,18114,18117,
18125,18140,18153,18170,18174,18232,18235,18245,
18252,18272,18274,18283,18287,18288,18291,18298,
18314,18343,18351,18366,18372,18377,18412,18427,
18439,18441,18449,18451,18462,18501,18506,18512,
18520,18540,18551,18552,18557,18570,18572,18581,
18589,18597,18599,18631,18638,18641,18644,18648,
18653,18656,18658,18660,18662,18663,18669,18678,
18695,18702,18703,18705,18706,18712,18713,18779,
18790,18791,18792,18796,18802,18819,18827,18834,
18839,18847,18857,18874,18875,18886,18890,18897,
18899,18901,18930,18933,18962,18976,18984,19001,
19008,19019,19020,19029,19047,19058,19062,19065,
19097,19099,19113,19128,19129,19144,19146,19177,
19179,19180,19188,19198,19202,19204,19220,19239,
19246,19249,19250,19257,19259,19262,19303,19308,
19342,19343,19350,19353,19355,19361,19365,19376,
19379,19380,19399,19409,19421,19424,19442,19443,
19453,19480,19481,19486,19488,19495,19497,19500,
19507,19510,19514,19523,19528,19537,19540,19545,
19548,19556,19562,19580,19581,19587,19620,19629,
19647,19650,19655,19668,19669,19674,19675,19685,
19693,19694,19699,19722,19738,19739,19749,19771,
19773,19778,19779,19783,19806,19808,19848,19849,
19862,19867,19870,19879,19896,19899,19902,19911,
19917,19933,19942,19946,19957,19985,19987,19993,
19996,19998,20001,20004,20021,20023,20027,20033,
20035,20045,20059,20067,20075,20080,20088,20097,
20113,20147,20149,20158,20161,20162,20163,20173,
20176,20179,20186,20187,20190,20193,20194,20197
