17,25,37,39,45,54,78,82,
85,97,101,103,104,107,118,138,
145,172,185,186,206,214,219,236,
247,258,279,290,292,297,306,322,
323,325,341,343,346,350,367,387,
390,399,400,406,407,410,420,422,
448,460,466,483,484,516,518,529,
535,549,556,566,573,590,607,627,
631,636,638,639,649,653,655,665,
669,674,675,682,689,698,700,708,
709,727,735,741,753,764,772,774,
778,800,801,807,816,843,847,867,
922,926,933,938,948,956,960,966,
972,974,979,987,1033,1038,1075,1087,
1094,1105,1110,1120,1127,1135,1136,1147,
1159,1165,1177,1193,1195,1200,1206,1225,
1252,1261,1268,1335,1348,1353,1362,1364,
1378,1384,1395,1422,1426,1430,1439,1453,
1454,1457,1458,1461,1495,1509,1510,1514,
1516,1522,1528,1532,1568,1571,1572,1580,
1643,1668,1694,1695,1701,1704,1713,1731,
1733,1734,1741,1748,1750,1754,1778,1785,
1786,1787,1793,1801,1823,1831,1841,1846,
1856,1868,1869,1918,1928,1935,1945,1946,
1950,1962,1973,1979,1980,1981,1994,2026,
2027,2041,2060,2089,2099,2110,2141,2156,
2158,2164,2166,2168,2200,2205,2208,2218,
2222,2226,2233,2235,2238,2241,2245,2252,
2267,2277,2281,2282,2285,2291,2293,2317,
2319,2326,2334,2337,2344,2345,2347,2357,
2358,2359,2373,2378,2392,2412,2414,2435,
2438,2439,2440,2442,2443,2446,2447,2448,
2449,2452,2462,2463,2484,2486,2489,2507,
2531,2541,2547,2553,2555,2558,2562,2578,
2583,2605,2611,2615,2616,2631,2637,2642,
2647,2649,2653,2663,2664,2678,2682,2689,
2697,2703,2708,2710,2716,2723,2727,2743,
2744,2754,2759,2761,2779,2785,2797,2811,
2818,2820,2823,2869,2881,2884,2891,2893,
2895,2921,2923,2927,2939,2949,2964,2968,
2987,2993,3000,3010,3036,3046,3061,3066,
3076,3079,3088,3107,3125,3126,3127,3135,
3142,3151,3156,3157,3162,3169,3177,3180,
3182,3183,3191,3193,3198,3201,3225,3242,
3246,3250,3260,3277,3286,3292,3294,3304,
3314,3321,3324,3350,3352,3353,3356,3360,
3368,3379,3380,3381,3383,3386,3396,3402,
3403,3420,3437,3447,3469,3471,3475,3476,
3486,3493,3496,3507,3512,3526,3533,3544,
3549,3570,3582,3591,3600,3606,3609,3619,
3627,3628,3639,3646,3657,3707,3713,3721,
3729,3753,3759,3766,3782,3785,3792,3797,
3809,3819,3832,3836,3851,3853,3854,3855,
3890,3900,3918,3950,3953,3956,3962,3963,
3969,3976,3981,3990,3991,3992,4004,4010,
4025,4036,4048,4049,4054,4056,4072,4081,
4088,4095,4100,4103,4135,4140,4156,4165,
4181,4186,4189,4196,4204,4209,4221,4223,
4230,4231,4234,4235,4236,4237,4238,4239,
4248,4249,4261,4264,4272,4276,4283,4285,
4300,4304,4317,4328,4331,4338,4355,4357,
4361,4363,4367,4368,4370,4371,4383,4387,
4389,4391,4398,4404,4407,4411,4412,4424,
4444,4462,4466,4473,4477,4485,4488,4490,
4492,4497,4498,4499,4509,4512,4514,4523,
4525,4529,4533,4550,4561,4570,4573,4599,
4607,4637,4642,4643,4644,4656,4659,4687,
4699,4703,4713,4717,4723,4736,4743,4752,
4753,4754,4759,4762,4774,4782,4786,4788,
4802,4820,4826,4840,4876,4877,4888,4894,
4898,4899,4914,4915,4918,4921,4922,4925,
4935,4938,4943,4946,4947,4962,4964,4970,
4975,4984,4989,5006,5010,5016,5025,5034,
5039,5043,5045,5084,5085,5088,5091,5111,
5115,5119,5122,5129,5136,5165,5187,5188,
5197,5202,5213,5216,5218,5229,5232,5244,
5246,5251,5258,5264,5266,5268,5269,5277,
5278,5280,5290,5305,5310,5312,5330,5332,
5336,5337,5342,5351,5357,5369,5373,5376,
5390,5400,5406,5414,5419,5423,5429,5435,
5437,5440,5441,5449,5454,5463,5476,5497,
5518,5523,5525,5536,5568,5581,5583,5592,
5606,5611,5616,5623,5636,5637,5639,5644,
5648,5680,5682,5697,5713,5736,5751,5762,
5790,5820,5822,5840,5847,5859,5872,5878,
5892,5907,5914,5918,5930,5932,5933,5935,
5944,5948,5964,5969,6009,6013,6019,6025,
6027,6028,6030,6071,6072,6074,6081,6092,
6096,6101,6126,6148,6160,6167,6172,6177,
6189,6195,6209,6230,6255,6263,6276,6279,
6282,6294,6303,6304,6310,6321,6325,6330,
6331,6370,6382,6388,6394,6397,6400,6404,
6406,6426,6451,6459,6460,6461,6462,6472,
6481,6484,6500,6523,6537,6540,6542,6547,
6557,6567,6571,6585,6590,6596,6599,6602,
6604,6605,6614,6617,6624,6626,6628,6642,
6646,6651,6654,6657,6659,6666,6670,6671,
6700,6701,6716,6738,6758,6793,6800,6801,
6805,6811,6830,6857,6863,6864,6868,6869,
6878,6879,6881,6886,6894,6900,6901,6907,
6917,6921,6938,6946,6948,6950,6958,6967,
6973,6981,6983,6996,7023,7040,7044,7049,
7056,7069,7071,7076,7080,7086,7090,7109,
7124,7125,7134,7144,7190,7195,7198,7200,
7201,7209,7218,7219,7221,7230,7243,7245,
7247,7252,7263,7265,7299,7300,7307,7311,
7322,7333,7336,7357,7377,7399,7407,7416,
7419,7429,7433,7463,7470,7490,7491,7495,
7530,7554,7564,7590,7592,7595,7598,7612,
7613,7616,7637,7647,7660,7664,7671,7674,
7676,7679,7692,7723,7725,7728,7747,7752,
7755,7758,7762,7763,7764,7793,7794,7802,
7813,7821,7827,7840,7845,7857,7870,7889,
7891,7894,7897,7907,7915,7929,7945,7946,
7948,7963,7968,7994,8003,8019,8020,8025,
8040,8049,8051,8053,8062,8063,8067,8098,
8106,8108,8109,8111,8175,8176,8188,8193,
8209,8248,8260,8262,8273,8276,8289,8294,
8318,8327,8328,8332,8353,8393,8415,8433,
8441,8444,8457,8463,8479,8482,8517,8540,
8543,8546,8572,8577,8593,8601,8603,8613,
8616,8617,8626,8632,8663,8690,8691,8702,
8704,8705,8711,8740,8746,8762,8778,8791,
8802,8811,8823,8830,8837,8864,8867,8873,
8874,8878,8879,8905,8907,8913,8914,8938,
8951,8966,8981,8984,8986,8992,8997,9000,
9006,9015,9019,9021,9022,9028,9029,9035,
9053,9055,9065,9069,9086,9096,9099,9100,
9121,9126,9136,9141,9160,9162,9172,9179,
9184,9199,9206,9211,9246,9250,9280,9291,
9292,9309,9320,9331,9342,9353,9378,9384,
9386,9401,9427,9435,9460,9482,9486,9519,
9537,9547,9551,9560,9575,9586,9588,9590,
9595,9605,9609,9620,9626,9628,9629,9631,
9635,9637,9642,9652,9654,9659,9686,9695,
9702,9712,9716,9739,9740,9759,9782,9787,
9792,9793,9796,9816,9820,9828,9836,9843,
9847,9851,9852,9856,9858,9862,9871,9877,
9878,9891,9898,9899,9920,9941,9943,9945,
9953,9959,9961,9964,9968,9969,9971,9972,
9976,9978,9980,9981,9982,9987,10002,10005,
10006,10009,10011,10012,10024,10030,10034,10074,
10083,10086,10128,10132,10136,10143,10154,10169,
10202,10205,10206,10230,10235,10237,10238,10240,
10241,10249,10250,10252,10259,10263,10271,10279,
10283,10287,10297,10301,10334,10341,10347,10354,
10363,10392,10397,10411,10419,10429,10436,10448,
10461,10465,10474,10477,10480,10505,10506,10515,
10516,10519,10523,10527,10541,10548,10575,10580,
10583,10600,10606,10609,10612,10629,10638,10640,
10644,10650,10659,10673,10674,10676,10679,10688,
10690,10692,10703,10728,10740,10748,10754,10757,
10768,10810,10813,10815,10818,10820,10821,10823,
10833,10842,10853,10861,10870,10887,10890,10891,
10905,10909,10916,10926,10944,10968,10973,10990,
11014,11021,11059,11060,11081,11088,11091,11095,
11100,11101,11113,11131,11134,11142,11146,11152,
11159,11176,11179,11190,11196,11202,11204,11207,
11211,11213,11217,11238,11241,11249,11258,11260,
11284,11287,11289,11291,11293,11299,11309,11311,
11320,11332,11335,11336,11350,11355,11360,11361,
11364,11366,11377,11389,11391,11399,11403,11405,
11406,11425,11426,11446,11457,11483,11498,11504,
11508,11520,11526,11537,11544,11545,11577,11582,
11591,11596,11597,11608,11621,11627,11660,11672,
11685,11704,11711,11714,11719,11720,11726,11735,
11736,11745,11760,11761,11764,11793,11797,11800,
11827,11852,11861,11862,11878,11888,11890,11932,
11937,11942,11977,11995,12001,12051,12059,12060,
12084,12120,12123,12133,12140,12143,12161,12165,
12168,12175,12190,12213,12238,12242,12258,12275,
12287,12293,12294,12302,12303,12314,12329,12333,
12335,12338,12363,12381,12382,12397,12408,12414,
12415,12426,12432,12436,12444,12472,12479,12483,
12517,12524,12535,12539,12566,12572,12580,12582,
12584,12614,12617,12622,12632,12639,12642,12644,
12646,12657,12661,12662,12663,12664,12669,12676,
12687,12696,12697,12703,12707,12731,12741,12765,
12777,12797,12808,12844,12869,12882,12889,12898,
12904,12908,12926,12934,12947,12957,12966,12973,
12974,12977,12979,12984,12986,12997,12998,13002,
13012,13013,13016,13020,13022,13034,13038,13041,
13048,13049,13052,13063,13066,13067,13080,13084,
13090,13099,13102,13107,13108,13117,13119,13121,
13122,13124,13157,13161,13176,13178,13205,13207,
13209,13216,13218,13229,13232,13244,13248,13265,
13282,13292,13301,13317,13319,13325,13326,13356,
13360,13383,13387,13389,13392,13394,13398,13400,
13408,13423,13429,13430,13458,13464,13465,13482,
13492,13512,13529,13531,13539,13544,13549,13560,
13571,13581,13595,13596,13604,13617,13619,13634,
13641,13652,13654,13657,13672,13690,13701,13732,
13747,13755,13823,13840,13845,13846,13850,13853,
13881,13887,13888,13891,13893,13909,13910,13918,
13924,13943,13948,13958,13973,13985,13990,14006,
14014,14023,14027,14034,14058,14076,14077,14078,
14079,14080,14102,14111,14126,14127,14134,14144,
14166,14169,14170,14185,14206,14210,14233,14243,
14251,14285,14291,14293,14294,14329,14342,14370,
14378,14384,14388,14398,14403,14414,14433,14440,
14444,14454,14457,14459,14491,14499,14500,14518,
14520,14524,14548,14592,14598,14609,14611,14616,
14631,14632,14641,14642,14654,14662,14694,14696,
14702,14713,14715,14720,14733,14736,14737,14742,
14750,14751,14757,14773,14777,14778,14812,14832,
14834,14840,14865,14879,14901,14918,14923,14936,
14942,14948,14970,14978,14985,14986,14987,15001,
15007,15015,15022,15023,15034,15039,15044,15055,
15090,15091,15120,15121,15130,15146,15153,15161,
15163,15168,15173,15189,15194,15198,15199,15201,
15204,15213,15240,15241,15242,15265,15276,15305,
15311,15318,15368,15369,15370,15385,15401,15410,
15415,15431,15435,15438,15439,15452,15460,15463,
15465,15467,15470,15483,15487,15504,15514,15533,
15548,15551,15557,15560,15585,15589,15595,15600,
15601,15627,15636,15643,15650,15658,15660,15661,
15662,15665,15681,15697,15701,15705,15716,15722,
15730,15732,15738,15754,15784,15791,15793,15803,
15805,15813,15816,15820,15842,15850,15860,15881,
15892,15897,15920,15930,15952,15960,15966,15978,
15986,15996,15999,16003,16017,16019,16024,16034,
16042,16054,16055,16058,16072,16073,16087,16091,
16107,16119,16126,16172,16175,16185,16189,16193,
16198,16208,16209,16212,16223,16237,16252,16277,
16278,16279,16281,16291,16296,16311,16324,16331,
16339,16343,16354,16361,16363,16371,16376,16387,
16395,16404,16422,16470,16488,16495,16504,16529,
16532,16555,16556,16558,16566,16610,16612,16618,
16622,16625,16630,16633,16645,16646,16649,16661,
16662,16691,16706,16712,16713,16715,16716,16723,
16735,16757,16758,16781,16782,16785,16821,16840,
16847,16858,16868,16874,16879,16880,16895,16898,
16901,16902,16906,16908,16949,16964,16986,17000,
17003,17007,17020,17022,17025,17028,17035,17037,
17045,17051,17058,17077,17084,17085,17087,17093,
17097,17099,17106,17126,17133,17135,17137,17142,
17167,17169,17175,17197,17199,17201,17223,17224,
17226,17237,17242,17245,17256,17260,17269,17288,
17295,17312,17313,17327,17338,17339,17346,17348,
17352,17370,17376,17383,17384,17385,17405,17406,
17409,17430,17431,17445,17454,17455,17466,17475,
17486,17503,17513,17525,17529,17536,17539,17541,
17547,17548,17549,17578,17583,17595,17597,17598,
17618,17634,17659,17665,17682,17696,17701,17712,
17713,17714,17731,17741,17747,17750,17764,17766,
17772,17773,17775,17776,17778,17793,17794,17830,
17831,17836,17845,17851,17870,17924,17944,17967,
17969,17972,17974,17977,17982,17983,17995,18003,
18008,18011,18013,18022,18031,18046,18087,18088,
18092,18093,18101,18110,18115,18126,18133,18183,
18233,18239,18243,18284,18295,18301,18309,18316,
18324,18327,18329,18363,18376,18381,18383,18393,
18399,18414,18442,18447,18453,18459,18465,18468,
18481,18486,18518,18522,18526,18531,18541,18546,
18562,18590,18591,18601,18607,18609,18613,18618,
18646,18665,18667,18670,18672,18691,18693,18700,
18711,18719,18731,18736,18794,18799,18804,18840,
18841,18848,18853,18855,18861,18864,18873,18902,
18915,18921,18940,18941,18973,18983,18992,18993,
18994,18997,18998,19017,19048,19053,19056,19057,
19069,19070,19071,19072,19100,19105,19111,19112,
19131,19134,19154,19160,19163,19176,19181,19201,
19215,19224,19225,19228,19235,19236,19248,19267,
19280,19296,19299,19304,19311,19315,19327,19331,
19338,19340,19344,19346,19347,19348,19397,19398,
19426,19447,19448,19449,19452,19465,19466,19467,
19477,19482,19485,19494,19496,19498,19499,19520,
19522,19525,19531,19543,19544,19549,19551,19561,
19571,19616,19641,19659,19660,19700,19702,19713,
19714,19740,19745,19748,19753,19762,19764,19774,
19777,19781,19782,19784,19788,19791,19801,19812,
19814,19819,19820,19823,19840,19841,19847,19852,
19853,19855,19860,19865,19871,19872,19891,19900,
19908,19919,19920,19923,19931,19937,19955,19971,
19980,19997,20005,20012,20015,20019,20024,20047,
20060,20061,20064,20069,20071,20076,20079,20085,
20087,20090,20093,20099,20104,20107,20131,20132,
20135,20165,20169,20170,20175,20181