1,2,3,4,5,7,10,11,
12,13,14,15,18,19,20,23,
24,26,28,29,32,34,36,40,
41,46,49,50,52,53,57,58,
61,63,64,67,68,71,73,74,
75,76,77,79,80,84,87,89,
90,91,93,95,96,98,99,100,
105,108,112,113,116,119,121,123,
124,125,126,128,129,131,133,135,
136,137,141,142,143,144,146,147,
148,150,151,152,153,155,156,157,
158,160,164,165,167,169,170,171,
175,176,177,178,182,183,184,187,
188,189,191,192,193,194,195,196,
198,200,201,202,203,207,208,210,
215,216,217,218,222,223,224,225,
226,227,229,231,234,235,237,239,
240,242,243,244,245,246,248,249,
250,251,254,260,262,263,265,266,
267,268,269,270,273,276,277,278,
280,281,282,283,284,285,286,287,
288,289,291,293,294,295,296,298,
300,302,303,304,305,307,308,311,
312,315,316,317,319,321,324,327,
328,329,333,334,335,336,337,338,
344,345,349,352,353,354,355,356,
357,358,359,360,361,362,363,364,
365,366,369,370,371,375,376,377,
378,379,380,382,383,385,386,389,
391,392,393,394,395,402,403,404,
408,411,413,415,416,417,418,419,
423,424,425,427,428,429,431,433,
434,435,437,439,441,442,443,444,
445,446,449,452,453,454,455,456,
457,458,461,463,464,467,472,474,
478,479,482,488,490,491,492,495,
496,497,498,499,502,503,504,505,
506,508,509,510,511,513,514,515,
517,519,521,523,524,525,528,530,
531,533,534,536,537,539,540,542,
543,545,546,547,550,551,552,553,
554,555,557,559,561,562,563,564,
567,568,569,570,571,572,574,575,
576,579,581,582,583,586,589,591,
592,593,594,597,598,599,600,602,
603,604,605,606,608,609,611,612,
613,614,615,617,618,620,621,622,
623,624,626,628,630,633,634,635,
637,640,641,643,645,646,647,648,
650,651,656,657,658,659,661,664,
666,667,670,671,672,673,678,679,
680,681,684,685,686,687,688,690,
692,693,695,696,697,699,701,702,
704,705,707,710,712,718,720,721,
722,724,725,728,729,730,731,732,
733,734,736,738,739,742,747,748,
749,755,757,758,760,761,765,766,
767,770,773,775,776,779,781,782,
783,784,786,787,788,789,790,791,
793,794,796,798,802,803,804,805,
806,809,810,812,813,814,815,818,
819,820,824,825,826,828,829,830,
831,834,835,836,837,840,841,842,
844,845,848,851,852,854,855,857,
859,860,861,863,864,865,868,869,
871,875,877,878,880,881,882,884,
889,891,893,894,897,898,899,900,
901,902,903,905,907,908,909,910,
911,913,914,915,916,918,919,921,
923,924,925,927,928,929,930,932,
934,935,936,937,941,942,943,944,
945,946,947,949,950,951,952,954,
955,957,959,961,965,968,969,970,
973,975,976,977,978,980,983,985,
989,990,992,993,995,996,1000,1002,
1004,1005,1006,1007,1008,1009,1011,1012,
1014,1015,1016,1017,1018,1019,1020,1022,
1024,1025,1026,1027,1028,1029,1030,1032,
1034,1035,1036,1037,1039,1040,1041,1042,
1044,1045,1046,1047,1048,1049,1050,1052,
1053,1054,1055,1056,1057,1059,1062,1063,
1065,1067,1068,1069,1070,1072,1076,1077,
1078,1080,1081,1082,1083,1084,1085,1086,
1088,1089,1090,1091,1092,1096,1097,1098,
1101,1102,1103,1104,1106,1107,1108,1109,
1111,1112,1113,1114,1115,1117,1118,1119,
1121,1125,1126,1128,1132,1134,1138,1139,
1140,1142,1144,1145,1146,1149,1150,1153,
1154,1155,1156,1157,1160,1161,1163,1167,
1169,1170,1171,1172,1173,1175,1176,1179,
1180,1182,1184,1185,1186,1187,1188,1189,
1191,1194,1198,1199,1202,1204,1205,1207,
1208,1210,1213,1214,1215,1218,1220,1222,
1223,1224,1226,1227,1228,1229,1230,1231,
1232,1235,1236,1238,1239,1242,1245,1246,
1248,1250,1251,1253,1255,1256,1257,1258,
1260,1262,1264,1265,1267,1269,1272,1278,
1279,1283,1286,1287,1288,1292,1293,1294,
1295,1298,1300,1301,1303,1304,1306,1307,
1308,1309,1311,1312,1316,1318,1319,1320,
1321,1322,1323,1326,1328,1329,1330,1331,
1332,1333,1334,1336,1338,1339,1340,1341,
1342,1343,1344,1345,1347,1350,1351,1354,
1355,1357,1358,1359,1361,1363,1365,1366,
1367,1368,1370,1371,1373,1374,1375,1379,
1381,1382,1386,1390,1392,1393,1396,1398,
1399,1400,1401,1402,1403,1404,1405,1406,
1408,1410,1411,1412,1414,1415,1418,1419,
1420,1421,1423,1427,1428,1434,1435,1437,
1438,1441,1442,1443,1444,1445,1449,1455,
1456,1459,1460,1463,1464,1465,1466,1468,
1469,1470,1471,1474,1475,1476,1477,1478,
1479,1482,1484,1486,1488,1489,1490,1491,
1492,1493,1494,1498,1499,1500,1502,1503,
1505,1506,1507,1508,1511,1512,1513,1515,
1518,1520,1521,1524,1529,1530,1531,1535,
1536,1539,1540,1541,1543,1544,1545,1546,
1547,1548,1550,1551,1553,1554,1555,1556,
1557,1558,1559,1561,1563,1564,1567,1570,
1573,1575,1577,1578,1579,1582,1585,1586,
1587,1589,1590,1591,1592,1594,1595,1597,
1598,1600,1601,1605,1606,1607,1608,1610,
1611,1613,1615,1618,1620,1621,1624,1626,
1627,1628,1630,1631,1632,1633,1635,1636,
1637,1638,1639,1640,1641,1642,1646,1648,
1649,1650,1651,1652,1655,1657,1658,1660,
1661,1662,1664,1667,1670,1671,1672,1673,
1674,1676,1677,1678,1681,1683,1684,1686,
1687,1688,1689,1690,1692,1693,1697,1699,
1702,1703,1705,1706,1707,1710,1711,1712,
1714,1715,1716,1717,1718,1719,1721,1723,
1725,1726,1727,1728,1729,1730,1735,1736,
1738,1739,1740,1742,1744,1745,1746,1747,
1749,1752,1755,1757,1759,1761,1762,1763,
1764,1765,1768,1769,1770,1771,1772,1773,
1774,1775,1776,1780,1781,1782,1783,1784,
1788,1791,1795,1796,1797,1798,1799,1803,
1804,1805,1806,1807,1808,1809,1810,1811,
1812,1813,1814,1815,1816,1817,1818,1819,
1820,1822,1824,1825,1826,1827,1828,1829,
1832,1834,1835,1836,1837,1842,1843,1844,
1845,1847,1848,1849,1852,1853,1854,1855,
1857,1858,1859,1861,1862,1863,1864,1865,
1867,1870,1872,1873,1874,1875,1876,1877,
1878,1879,1880,1881,1883,1884,1886,1887,
1888,1889,1890,1892,1895,1896,1897,1898,
1902,1905,1906,1907,1908,1909,1910,1911,
1912,1913,1915,1917,1920,1922,1923,1924,
1926,1929,1930,1931,1932,1934,1936,1939,
1940,1942,1943,1944,1948,1951,1954,1956,
1957,1958,1959,1960,1963,1964,1965,1967,
1969,1971,1974,1975,1976,1977,1978,1982,
1983,1984,1986,1988,1989,1990,1991,1992,
1993,1995,1997,1998,1999,2001,2002,2003,
2005,2007,2009,2010,2014,2015,2016,2017,
2019,2020,2021,2024,2029,2031,2032,2035,
2038,2039,2040,2045,2046,2047,2048,2049,
2050,2051,2052,2053,2054,2055,2056,2061,
2063,2064,2065,2066,2067,2068,2070,2071,
2073,2075,2076,2077,2078,2079,2082,2084,
2085,2086,2087,2088,2090,2091,2092,2093,
2094,2095,2096,2097,2098,2100,2101,2102,
2103,2104,2105,2107,2108,2109,2113,2114,
2115,2116,2117,2118,2119,2121,2122,2125,
2126,2129,2130,2131,2132,2133,2135,2136,
2137,2139,2140,2142,2143,2145,2149,2150,
2151,2152,2154,2159,2160,2161,2163,2167,
2169,2170,2171,2172,2173,2174,2176,2177,
2178,2179,2180,2182,2183,2184,2185,2189,
2190,2191,2195,2196,2198,2201,2202,2203,
2204,2206,2209,2210,2211,2214,2216,2217,
2219,2220,2221,2224,2227,2230,2231,2234,
2239,2242,2243,2244,2248,2249,2250,2251,
2254,2258,2259,2260,2262,2263,2265,2266,
2268,2270,2271,2272,2274,2276,2279,2280,
2284,2286,2287,2288,2289,2292,2295,2296,
2297,2298,2299,2300,2301,2302,2304,2307,
2308,2309,2312,2313,2314,2315,2316,2318,
2321,2322,2323,2324,2325,2327,2329,2330,
2332,2335,2336,2338,2340,2341,2342,2346,
2350,2353,2354,2356,2360,2361,2362,2363,
2364,2365,2366,2367,2368,2369,2371,2372,
2374,2375,2376,2379,2380,2381,2382,2383,
2386,2387,2388,2389,2391,2397,2398,2400,
2401,2405,2406,2407,2408,2409,2410,2415,
2416,2417,2418,2419,2420,2421,2423,2424,
2425,2426,2427,2428,2429,2431,2432,2436,
2437,2450,2451,2453,2455,2456,2457,2459,
2460,2464,2465,2466,2467,2469,2470,2475,
2477,2478,2480,2481,2483,2485,2487,2488,
2490,2492,2494,2495,2496,2497,2499,2500,
2501,2502,2503,2504,2506,2508,2514,2515,
2516,2517,2519,2520,2521,2522,2526,2528,
2530,2537,2538,2540,2542,2544,2546,2548,
2550,2554,2557,2559,2560,2561,2563,2565,
2566,2568,2569,2571,2573,2574,2576,2580,
2581,2582,2584,2586,2587,2588,2589,2590,
2591,2592,2594,2596,2597,2598,2599,2600,
2601,2602,2603,2604,2607,2608,2609,2610,
2613,2614,2617,2618,2619,2620,2622,2624,
2627,2628,2630,2633,2634,2638,2639,2640,
2643,2644,2645,2646,2648,2650,2651,2652,
2654,2655,2656,2658,2659,2660,2661,2662,
2665,2666,2669,2672,2674,2675,2676,2679,
2686,2687,2688,2690,2691,2692,2694,2695,
2700,2702,2704,2706,2707,2714,2717,2719,
2720,2722,2724,2728,2730,2731,2732,2733,
2735,2738,2739,2740,2741,2742,2747,2748,
2749,2750,2752,2753,2755,2756,2757,2758,
2760,2763,2764,2765,2766,2767,2769,2771,
2773,2775,2776,2777,2780,2781,2782,2784,
2786,2787,2789,2791,2794,2795,2796,2799,
2800,2801,2802,2803,2804,2806,2807,2808,
2812,2813,2814,2815,2816,2819,2821,2822,
2824,2826,2828,2829,2831,2832,2833,2835,
2836,2838,2839,2840,2841,2842,2843,2844,
2845,2849,2850,2852,2853,2854,2855,2856,
2858,2859,2860,2863,2864,2865,2866,2867,
2868,2871,2872,2873,2874,2876,2877,2878,
2879,2882,2883,2885,2887,2889,2892,2894,
2896,2897,2898,2899,2901,2902,2904,2905,
2906,2907,2909,2911,2912,2917,2918,2920,
2922,2924,2925,2926,2929,2930,2931,2934,
2935,2937,2938,2941,2942,2945,2946,2947,
2948,2951,2954,2955,2957,2960,2961,2962,
2965,2966,2967,2971,2972,2977,2978,2981,
2982,2989,2990,2991,2992,2994,2995,2996,
2999,3001,3002,3003,3005,3006,3007,3008,
3009,3011,3015,3018,3021,3022,3023,3026,
3028,3029,3030,3031,3032,3033,3034,3035,
3037,3040,3042,3043,3044,3045,3047,3050,
3051,3053,3054,3055,3056,3058,3060,3064,
3065,3068,3070,3071,3073,3075,3078,3080,
3081,3082,3083,3084,3086,3087,3089,3090,
3091,3094,3095,3099,3102,3104,3105,3106,
3109,3110,3111,3113,3114,3115,3118,3119,
3120,3122,3124,3128,3131,3132,3133,3137,
3138,3139,3141,3143,3144,3145,3146,3147,
3149,3152,3153,3154,3158,3160,3161,3163,
3165,3166,3167,3168,3171,3173,3174,3175,
3179,3181,3184,3186,3188,3189,3192,3194,
3196,3197,3199,3200,3203,3204,3208,3209,
3210,3211,3212,3214,3215,3218,3219,3220,
3224,3227,3228,3229,3230,3233,3235,3236,
3239,3240,3241,3243,3247,3248,3249,3251,
3253,3254,3257,3258,3261,3262,3263,3264,
3267,3271,3272,3273,3274,3276,3278,3279,
3281,3283,3284,3285,3288,3289,3290,3291,
3293,3295,3297,3298,3300,3301,3302,3303,
3305,3306,3307,3308,3309,3310,3312,3316,
3317,3318,3320,3322,3323,3325,3326,3327,
3330,3331,3332,3333,3334,3335,3337,3338,
3339,3340,3341,3342,3343,3344,3345,3346,
3347,3349,3357,3358,3359,3362,3364,3365,
3369,3370,3372,3373,3377,3378,3382,3389,
3390,3391,3392,3393,3394,3397,3398,3399,
3400,3401,3404,3406,3407,3410,3412,3413,
3414,3415,3417,3418,3425,3426,3428,3430,
3431,3434,3435,3436,3438,3439,3440,3441,
3443,3444,3445,3446,3449,3450,3451,3456,
3457,3458,3459,3460,3461,3462,3463,3465,
3466,3467,3468,3472,3473,3474,3478,3479,
3480,3481,3482,3483,3484,3485,3487,3490,
3491,3492,3494,3495,3497,3498,3499,3500,
3502,3503,3504,3505,3506,3508,3509,3510,
3511,3513,3514,3515,3516,3517,3518,3522,
3525,3527,3528,3529,3530,3531,3534,3535,
3536,3537,3538,3539,3540,3541,3542,3543,
3545,3546,3548,3550,3551,3552,3554,3555,
3556,3557,3559,3560,3564,3566,3567,3568,
3569,3571,3572,3573,3574,3575,3577,3578,
3579,3580,3581,3583,3584,3585,3586,3590,
3593,3594,3595,3596,3597,3598,3603,3604,
3605,3610,3611,3613,3614,3616,3617,3618,
3620,3621,3623,3624,3626,3629,3630,3631,
3632,3633,3634,3635,3636,3637,3638,3640,
3643,3644,3645,3647,3649,3650,3651,3654,
3655,3656,3658,3659,3660,3661,3662,3664,
3665,3666,3668,3672,3673,3674,3675,3676,
3678,3680,3681,3682,3683,3684,3685,3686,
3687,3688,3689,3692,3693,3694,3695,3696,
3697,3698,3700,3701,3703,3704,3706,3710,
3712,3714,3717,3718,3719,3720,3722,3723,
3725,3726,3730,3732,3734,3735,3736,3737,
3739,3740,3741,3742,3743,3744,3745,3746,
3747,3748,3750,3751,3754,3755,3756,3757,
3758,3762,3764,3767,3768,3769,3771,3772,
3774,3775,3776,3778,3779,3780,3781,3786,
3787,3789,3790,3791,3793,3794,3795,3796,
3800,3801,3802,3805,3806,3807,3808,3811,
3812,3814,3815,3816,3817,3820,3822,3823,
3824,3825,3826,3827,3831,3833,3835,3837,
3838,3839,3840,3841,3842,3843,3844,3847,
3848,3849,3857,3858,3860,3861,3862,3863,
3864,3866,3868,3869,3871,3874,3876,3877,
3878,3879,3881,3884,3886,3887,3889,3891,
3892,3894,3895,3896,3897,3898,3899,3901,
3902,3903,3904,3905,3906,3909,3911,3912,
3914,3915,3917,3919,3921,3922,3923,3924,
3925,3926,3927,3928,3930,3931,3932,3934,
3935,3936,3938,3939,3940,3942,3943,3945,
3946,3947,3948,3949,3951,3952,3955,3959,
3961,3964,3966,3968,3970,3971,3972,3973,
3974,3975,3979,3982,3985,3986,3987,3989,
3994,3997,3998,3999,4000,4002,4003,4005,
4008,4009,4011,4012,4014,4015,4016,4018,
4021,4022,4023,4024,4026,4027,4028,4029,
4030,4032,4037,4038,4039,4041,4043,4044,
4045,4046,4047,4050,4051,4052,4053,4055,
4058,4060,4062,4063,4068,4069,4070,4073,
4074,4075,4077,4078,4079,4080,4084,4085,
4087,4089,4093,4096,4097,4098,4099,4101,
4102,4104,4105,4107,4110,4111,4112,4114,
4115,4116,4117,4118,4119,4120,4121,4122,
4123,4124,4126,4127,4128,4129,4130,4131,
4132,4133,4136,4138,4141,4145,4149,4150,
4151,4152,4153,4154,4157,4158,4159,4161,
4162,4163,4164,4166,4167,4168,4169,4170,
4171,4172,4173,4174,4176,4177,4178,4179,
4180,4182,4184,4185,4188,4190,4191,4192,
4193,4194,4195,4197,4198,4200,4202,4203,
4205,4206,4207,4208,4212,4213,4214,4215,
4216,4218,4219,4222,4224,4225,4227,4228,
4229,4232,4233,4240,4241,4242,4243,4244,
4246,4247,4250,4253,4254,4255,4256,4257,
4258,4262,4263,4265,4266,4267,4268,4270,
4271,4273,4274,4275,4281,4286,4287,4289,
4291,4294,4295,4296,4298,4299,4301,4302,
4305,4306,4307,4308,4309,4310,4311,4314,
4316,4318,4319,4320,4323,4330,4332,4333,
4334,4335,4341,4342,4344,4345,4348,4350,
4351,4353,4356,4358,4359,4360,4364,4365,
4366,4372,4373,4375,4376,4377,4378,4381,
4382,4388,4390,4392,4395,4396,4397,4400,
4402,4405,4406,4409,4410,4413,4414,4415,
4416,4417,4418,4420,4421,4422,4423,4425,
4426,4428,4429,4431,4432,4433,4434,4436,
4439,4440,4441,4443,4446,4448,4449,4450,
4452,4453,4455,4456,4457,4458,4459,4460,
4465,4467,4469,4470,4474,4475,4476,4480,
4481,4484,4486,4493,4494,4495,4502,4503,
4504,4505,4508,4511,4513,4516,4517,4518,
4519,4520,4522,4524,4526,4527,4528,4530,
4531,4532,4535,4536,4537,4539,4540,4541,
4542,4543,4544,4545,4547,4548,4551,4552,
4553,4555,4556,4557,4558,4559,4562,4563,
4566,4567,4569,4571,4575,4577,4579,4581,
4582,4583,4584,4586,4589,4590,4591,4592,
4593,4595,4596,4597,4598,4601,4602,4604,
4605,4608,4611,4612,4613,4615,4617,4618,
4619,4622,4623,4630,4632,4636,4638,4639,
4640,4641,4647,4648,4649,4650,4651,4652,
4653,4654,4655,4657,4658,4660,4661,4662,
4665,4666,4667,4668,4669,4671,4672,4673,
4674,4675,4676,4677,4678,4679,4680,4681,
4683,4685,4686,4688,4689,4690,4691,4692,
4694,4696,4697,4698,4701,4702,4704,4705,
4708,4709,4710,4711,4712,4716,4719,4720,
4722,4724,4725,4726,4727,4728,4729,4731,
4732,4735,4738,4739,4741,4742,4744,4745,
4751,4755,4756,4758,4760,4761,4763,4765,
4767,4769,4770,4771,4772,4773,4775,4777,
4779,4780,4781,4783,4784,4787,4789,4790,
4791,4792,4793,4795,4796,4797,4798,4799,
4801,4803,4804,4807,4810,4811,4812,4813,
4814,4815,4816,4818,4819,4821,4823,4824,
4825,4828,4829,4830,4831,4832,4833,4834,
4835,4836,4837,4838,4842,4843,4844,4845,
4846,4847,4849,4850,4851,4853,4854,4855,
4856,4857,4860,4861,4862,4864,4865,4866,
4867,4868,4869,4870,4871,4873,4874,4875,
4878,4879,4880,4881,4883,4884,4885,4886,
4889,4890,4891,4892,4893,4895,4896,4897,
4901,4902,4903,4904,4905,4906,4908,4910,
4912,4913,4916,4917,4920,4923,4924,4926,
4927,4929,4930,4931,4932,4934,4936,4937,
4939,4941,4942,4944,4945,4949,4951,4952,
4953,4957,4958,4959,4960,4961,4963,4967,
4968,4969,4971,4972,4977,4979,4982,4985,
4987,4988,4992,4993,4995,4996,4997,4999,
5001,5002,5005,5007,5009,5011,5013,5014,
5015,5017,5018,5019,5020,5022,5023,5024,
5026,5028,5030,5031,5032,5033,5036,5037,
5038,5040,5044,5046,5048,5049,5050,5053,
5054,5055,5057,5058,5059,5064,5066,5067,
5068,5069,5072,5074,5076,5079,5080,5081,
5082,5083,5090,5092,5093,5095,5097,5098,
5101,5102,5103,5104,5105,5106,5107,5108,
5109,5114,5117,5120,5123,5128,5130,5131,
5133,5134,5137,5140,5141,5143,5144,5146,
5147,5149,5150,5151,5154,5155,5157,5158,
5159,5160,5161,5162,5163,5164,5166,5167,
5168,5169,5170,5172,5173,5175,5176,5178,
5179,5180,5181,5183,5184,5186,5189,5190,
5194,5196,5198,5199,5200,5203,5205,5206,
5207,5208,5212,5214,5215,5219,5220,5221,
5222,5223,5225,5226,5227,5228,5231,5233,
5234,5236,5237,5238,5239,5240,5242,5243,
5247,5248,5249,5250,5252,5253,5256,5259,
5262,5265,5270,5271,5272,5273,5274,5275,
5276,5279,5281,5282,5283,5284,5287,5288,
5289,5292,5293,5295,5296,5297,5298,5300,
5301,5302,5304,5309,5311,5313,5315,5316,
5317,5318,5319,5320,5322,5323,5325,5326,
5327,5328,5329,5331,5333,5334,5335,5341,
5343,5344,5346,5348,5349,5350,5352,5353,
5355,5356,5359,5360,5361,5362,5363,5364,
5366,5371,5374,5375,5377,5378,5379,5380,
5382,5383,5384,5385,5386,5387,5388,5393,
5396,5397,5398,5401,5403,5404,5405,5407,
5408,5409,5410,5411,5412,5413,5415,5416,
5420,5422,5425,5426,5428,5431,5432,5433,
5434,5436,5439,5443,5444,5445,5447,5448,
5450,5452,5453,5456,5464,5465,5466,5467,
5468,5470,5471,5473,5474,5475,5477,5479,
5481,5483,5484,5485,5491,5492,5493,5494,
5495,5498,5499,5500,5505,5506,5508,5509,
5511,5514,5515,5517,5520,5522,5524,5527,
5528,5530,5531,5533,5537,5541,5544,5545,
5546,5547,5548,5550,5551,5552,5553,5554,
5555,5556,5557,5558,5559,5561,5562,5563,
5566,5569,5571,5573,5575,5576,5577,5578,
5579,5582,5585,5586,5588,5589,5590,5593,
5594,5597,5598,5599,5602,5603,5604,5607,
5608,5610,5612,5613,5615,5617,5618,5620,
5622,5624,5627,5628,5629,5630,5633,5634,
5635,5640,5643,5646,5647,5649,5650,5652,
5653,5655,5656,5657,5658,5659,5660,5661,
5662,5663,5664,5666,5667,5669,5670,5671,
5672,5673,5674,5675,5677,5679,5683,5684,
5686,5687,5688,5689,5690,5692,5695,5698,
5699,5700,5701,5702,5703,5704,5705,5706,
5707,5708,5709,5710,5716,5717,5718,5719,
5722,5723,5724,5725,5726,5727,5729,5730,
5734,5735,5738,5739,5740,5741,5743,5746,
5747,5748,5752,5753,5754,5755,5756,5757,
5758,5759,5761,5763,5764,5765,5767,5768,
5769,5771,5772,5773,5774,5775,5776,5777,
5779,5780,5781,5782,5783,5784,5785,5787,
5788,5789,5791,5793,5794,5796,5798,5799,
5800,5801,5803,5805,5806,5808,5809,5810,
5813,5814,5815,5816,5817,5819,5821,5823,
5826,5829,5830,5831,5833,5834,5837,5842,
5843,5844,5845,5849,5850,5852,5854,5855,
5856,5857,5858,5860,5861,5862,5864,5865,
5867,5868,5869,5870,5871,5873,5874,5875,
5877,5879,5880,5881,5882,5883,5884,5887,
5888,5889,5890,5891,5893,5894,5895,5896,
5897,5899,5901,5902,5906,5908,5909,5915,
5916,5919,5920,5921,5922,5923,5924,5925,
5927,5928,5929,5936,5937,5938,5939,5940,
5942,5943,5945,5946,5947,5949,5951,5952,
5953,5956,5957,5959,5960,5961,5962,5965,
5966,5970,5971,5973,5977,5978,5981,5983,
5984,5986,5988,5990,5991,5992,5993,5994,
5995,5996,5997,5999,6000,6001,6004,6005,
6007,6010,6012,6014,6015,6017,6018,6020,
6023,6024,6026,6029,6031,6032,6034,6035,
6036,6038,6039,6042,6044,6045,6046,6047,
6048,6049,6050,6053,6054,6057,6058,6059,
6060,6061,6063,6064,6065,6067,6068,6069,
6070,6073,6076,6077,6078,6080,6082,6083,
6084,6085,6086,6089,6090,6091,6094,6095,
6098,6100,6102,6103,6104,6105,6106,6108,
6109,6110,6111,6112,6113,6116,6118,6120,
6123,6125,6128,6130,6131,6132,6133,6135,
6136,6137,6138,6139,6140,6141,6143,6144,
6147,6150,6151,6152,6155,6156,6157,6158,
6161,6162,6163,6165,6166,6168,6169,6170,
6171,6173,6174,6175,6176,6178,6179,6180,
6181,6182,6184,6185,6187,6190,6191,6192,
6193,6194,6197,6198,6201,6202,6203,6204,
6205,6206,6207,6208,6211,6212,6213,6214,
6215,6217,6218,6219,6221,6222,6223,6224,
6225,6227,6228,6229,6231,6232,6234,6236,
6238,6239,6240,6241,6242,6243,6244,6245,
6246,6248,6250,6251,6252,6254,6256,6257,
6258,6259,6261,6262,6264,6265,6266,6268,
6269,6273,6274,6275,6278,6281,6285,6286,
6288,6289,6290,6291,6293,6295,6296,6297,
6299,6300,6302,6305,6306,6308,6309,6311,
6312,6313,6314,6316,6317,6318,6320,6322,
6323,6324,6327,6328,6329,6332,6333,6335,
6338,6339,6340,6341,6343,6344,6345,6346,
6350,6353,6354,6355,6357,6358,6359,6360,
6361,6362,6363,6364,6367,6368,6369,6375,
6376,6377,6378,6379,6380,6381,6384,6386,
6389,6390,6391,6398,6401,6402,6403,6405,
6407,6410,6411,6412,6413,6414,6415,6416,
6417,6418,6419,6420,6422,6423,6424,6425,
6428,6430,6432,6434,6435,6437,6439,6440,
6441,6442,6443,6444,6445,6446,6447,6449,
6453,6454,6465,6466,6467,6468,6469,6473,
6474,6475,6476,6477,6479,6480,6483,6485,
6486,6489,6491,6492,6493,6494,6495,6497,
6498,6499,6501,6502,6503,6504,6505,6506,
6507,6509,6511,6513,6514,6515,6517,6518,
6519,6520,6521,6522,6524,6525,6526,6529,
6530,6531,6532,6534,6535,6536,6538,6539,
6541,6543,6544,6546,6549,6551,6552,6553,
6555,6558,6563,6564,6566,6568,6569,6570,
6573,6574,6576,6578,6579,6580,6582,6583,
6584,6586,6587,6588,6589,6593,6595,6597,
6600,6606,6610,6611,6612,6613,6616,6618,
6619,6620,6621,6622,6625,6627,6629,6630,
6631,6632,6633,6634,6635,6637,6638,6640,
6641,6643,6644,6645,6647,6648,6649,6650,
6653,6655,6656,6658,6660,6661,6663,6665,
6667,6668,6672,6673,6675,6676,6677,6678,
6679,6681,6682,6683,6689,6690,6692,6693,
6694,6695,6696,6697,6699,6703,6704,6706,
6707,6708,6709,6710,6711,6718,6719,6721,
6722,6724,6725,6726,6728,6729,6730,6732,
6733,6734,6735,6736,6737,6740,6741,6742,
6743,6744,6745,6747,6748,6750,6752,6753,
6754,6755,6756,6759,6760,6761,6762,6763,
6764,6768,6769,6770,6772,6774,6776,6777,
6778,6782,6784,6787,6788,6789,6790,6791,
6792,6794,6795,6796,6797,6799,6803,6804,
6807,6808,6809,6813,6815,6816,6819,6821,
6822,6823,6824,6826,6827,6831,6833,6834,
6835,6837,6838,6839,6840,6841,6842,6843,
6844,6847,6848,6849,6850,6851,6854,6859,
6860,6862,6865,6866,6867,6870,6871,6872,
6874,6880,6885,6887,6890,6891,6892,6895,
6896,6897,6898,6902,6903,6905,6906,6908,
6909,6910,6911,6912,6913,6914,6915,6916,
6922,6923,6924,6925,6926,6927,6928,6929,
6930,6931,6932,6933,6935,6937,6939,6942,
6943,6944,6945,6949,6951,6952,6953,6954,
6957,6959,6960,6961,6962,6963,6966,6968,
6971,6974,6976,6978,6979,6980,6984,6985,
6987,6988,6990,6991,6992,6994,6997,6998,
7000,7002,7003,7006,7007,7008,7009,7010,
7012,7013,7017,7018,7020,7021,7024,7025,
7026,7027,7028,7029,7031,7032,7033,7039,
7045,7046,7047,7048,7053,7055,7057,7058,
7059,7060,7063,7064,7065,7067,7070,7072,
7073,7074,7075,7079,7081,7082,7083,7084,
7085,7087,7091,7092,7093,7095,7096,7097,
7098,7099,7100,7101,7102,7105,7108,7110,
7111,7113,7114,7115,7118,7119,7120,7123,
7126,7127,7128,7129,7130,7131,7135,7137,
7138,7139,7140,7142,7143,7145,7146,7147,
7148,7149,7150,7151,7152,7153,7154,7156,
7157,7158,7159,7161,7162,7163,7164,7166,
7167,7169,7170,7171,7172,7173,7175,7176,
7178,7179,7180,7181,7182,7184,7185,7186,
7187,7188,7189,7191,7193,7194,7196,7199,
7204,7205,7207,7208,7210,7213,7214,7216,
7217,7220,7222,7224,7225,7226,7227,7231,
7232,7234,7235,7236,7237,7238,7241,7242,
7244,7246,7249,7250,7251,7254,7256,7258,
7259,7260,7261,7262,7266,7268,7271,7272,
7273,7274,7275,7276,7278,7279,7281,7282,
7283,7284,7285,7287,7288,7289,7290,7291,
7292,7294,7295,7296,7297,7298,7301,7303,
7304,7306,7309,7312,7313,7315,7316,7317,
7320,7321,7323,7325,7326,7330,7331,7332,
7334,7335,7338,7339,7340,7341,7342,7343,
7344,7345,7347,7348,7349,7350,7351,7352,
7353,7354,7356,7358,7360,7361,7362,7364,
7366,7367,7368,7369,7371,7373,7374,7376,
7378,7379,7380,7381,7382,7383,7385,7386,
7387,7388,7389,7390,7392,7393,7394,7395,
7396,7397,7398,7400,7401,7403,7404,7405,
7409,7410,7412,7413,7414,7415,7417,7423,
7425,7426,7428,7430,7431,7432,7435,7436,
7438,7440,7441,7442,7443,7446,7449,7450,
7452,7454,7455,7460,7464,7465,7467,7468,
7469,7471,7474,7477,7478,7479,7480,7481,
7482,7483,7484,7485,7486,7488,7489,7492,
7493,7494,7496,7497,7499,7501,7503,7504,
7505,7506,7508,7509,7510,7512,7514,7515,
7516,7517,7519,7520,7521,7523,7527,7528,
7531,7532,7533,7536,7545,7546,7547,7548,
7550,7552,7555,7557,7558,7560,7562,7563,
7565,7566,7567,7568,7569,7570,7573,7574,
7575,7577,7578,7579,7581,7583,7587,7588,
7589,7591,7593,7594,7596,7597,7599,7600,
7601,7603,7604,7605,7608,7614,7615,7617,
7618,7619,7620,7622,7623,7624,7625,7626,
7627,7628,7630,7632,7633,7635,7636,7638,
7639,7640,7642,7644,7646,7648,7649,7650,
7653,7654,7655,7659,7661,7662,7663,7665,
7669,7670,7672,7677,7678,7680,7681,7682,
7683,7685,7686,7688,7689,7691,7695,7696,
7698,7700,7701,7702,7703,7704,7705,7706,
7707,7708,7709,7711,7712,7715,7716,7720,
7721,7722,7724,7726,7727,7730,7731,7732,
7734,7735,7736,7737,7738,7740,7741,7742,
7743,7745,7746,7748,7749,7750,7753,7756,
7759,7761,7765,7766,7767,7768,7772,7774,
7775,7776,7777,7780,7781,7782,7783,7785,
7786,7788,7790,7792,7795,7796,7797,7799,
7800,7801,7803,7804,7805,7808,7809,7810,
7811,7812,7815,7816,7817,7818,7819,7820,
7822,7823,7824,7826,7828,7829,7830,7831,
7834,7837,7839,7841,7843,7844,7846,7849,
7850,7852,7853,7854,7855,7856,7858,7859,
7860,7861,7862,7865,7866,7868,7871,7872,
7873,7875,7876,7878,7879,7880,7882,7883,
7884,7885,7886,7887,7888,7892,7893,7895,
7898,7899,7900,7902,7903,7905,7906,7908,
7909,7910,7911,7912,7913,7914,7916,7917,
7918,7920,7921,7922,7924,7925,7926,7930,
7932,7933,7934,7935,7938,7939,7940,7941,
7944,7947,7949,7950,7951,7952,7953,7954,
7955,7956,7957,7958,7959,7961,7962,7965,
7966,7967,7971,7972,7973,7974,7975,7976,
7977,7978,7979,7980,7981,7982,7983,7984,
7985,7986,7987,7989,7990,7992,7993,7995,
7997,8000,8001,8005,8006,8007,8008,8009,
8010,8011,8012,8013,8014,8015,8016,8017,
8018,8021,8022,8023,8024,8026,8027,8029,
8030,8031,8032,8033,8034,8036,8038,8041,
8042,8043,8044,8046,8052,8054,8055,8057,
8059,8060,8061,8069,8070,8072,8073,8076,
8077,8078,8079,8080,8081,8084,8085,8088,
8089,8092,8093,8096,8099,8102,8103,8104,
8105,8110,8113,8114,8115,8117,8119,8120,
8121,8124,8128,8129,8130,8131,8132,8134,
8136,8138,8139,8141,8142,8143,8144,8146,
8149,8150,8152,8153,8154,8156,8158,8159,
8161,8162,8164,8166,8167,8168,8169,8170,
8172,8177,8179,8180,8181,8185,8187,8190,
8197,8198,8199,8200,8201,8202,8203,8204,
8205,8206,8207,8208,8210,8211,8212,8213,
8214,8215,8216,8217,8220,8222,8225,8227,
8228,8229,8230,8231,8232,8233,8234,8235,
8238,8239,8241,8242,8243,8245,8246,8247,
8254,8258,8261,8264,8265,8266,8268,8270,
8272,8274,8279,8280,8283,8285,8286,8287,
8288,8290,8291,8292,8296,8300,8301,8302,
8303,8304,8305,8308,8309,8313,8315,8316,
8317,8319,8321,8322,8323,8324,8325,8326,
8329,8331,8333,8334,8335,8336,8338,8339,
8341,8342,8343,8344,8345,8346,8347,8348,
8349,8351,8352,8354,8355,8356,8357,8358,
8359,8360,8361,8362,8363,8365,8366,8367,
8368,8370,8372,8374,8375,8377,8380,8381,
8382,8384,8391,8394,8395,8398,8399,8400,
8401,8402,8403,8404,8405,8406,8407,8408,
8410,8411,8412,8413,8414,8417,8419,8420,
8424,8426,8427,8429,8430,8432,8435,8436,
8437,8439,8440,8445,8447,8448,8449,8450,
8451,8452,8454,8455,8456,8458,8459,8460,
8462,8465,8467,8468,8469,8470,8471,8473,
8474,8475,8476,8477,8478,8480,8481,8483,
8485,8488,8489,8490,8491,8492,8493,8494,
8495,8496,8497,8498,8499,8500,8501,8502,
8503,8504,8505,8506,8507,8508,8509,8510,
8511,8513,8514,8515,8518,8521,8522,8523,
8524,8525,8526,8527,8528,8529,8531,8535,
8536,8538,8542,8544,8545,8547,8548,8549,
8551,8552,8553,8554,8555,8556,8557,8558,
8559,8560,8561,8563,8564,8565,8566,8568,
8569,8571,8573,8574,8575,8576,8580,8581,
8582,8584,8585,8586,8587,8588,8589,8590,
8591,8594,8595,8597,8598,8600,8602,8605,
8607,8608,8609,8610,8611,8615,8618,8619,
8620,8622,8623,8624,8625,8628,8629,8630,
8633,8637,8638,8639,8640,8641,8642,8643,
8644,8646,8649,8650,8652,8655,8657,8659,
8661,8662,8664,8665,8666,8667,8668,8669,
8670,8672,8673,8674,8675,8679,8680,8681,
8683,8685,8686,8687,8688,8689,8692,8693,
8695,8696,8698,8700,8701,8707,8709,8710,
8712,8713,8714,8715,8716,8717,8718,8719,
8721,8722,8723,8724,8725,8727,8728,8729,
8730,8731,8732,8733,8734,8735,8738,8741,
8744,8747,8748,8749,8750,8753,8754,8756,
8758,8759,8760,8761,8763,8765,8766,8769,
8770,8772,8773,8774,8775,8776,8777,8779,
8783,8784,8785,8786,8787,8788,8789,8790,
8792,8793,8794,8795,8797,8799,8800,8801,
8805,8807,8809,8810,8812,8813,8814,8815,
8816,8818,8819,8820,8821,8822,8824,8825,
8828,8829,8831,8832,8833,8834,8836,8841,
8842,8843,8844,8845,8846,8847,8848,8849,
8851,8852,8853,8855,8856,8859,8860,8861,
8862,8865,8866,8869,8871,8877,8880,8883,
8884,8885,8886,8887,8888,8889,8890,8891,
8892,8893,8894,8896,8898,8899,8901,8902,
8903,8904,8906,8908,8909,8910,8911,8912,
8915,8916,8917,8919,8920,8921,8923,8925,
8928,8929,8930,8933,8934,8936,8937,8940,
8941,8942,8943,8944,8945,8946,8948,8949,
8950,8952,8954,8955,8956,8959,8961,8962,
8963,8965,8968,8969,8970,8971,8972,8973,
8975,8976,8979,8980,8982,8983,8985,8987,
8988,8989,8991,8994,8995,8996,8999,9003,
9004,9005,9007,9009,9011,9012,9013,9014,
9016,9017,9024,9025,9026,9027,9031,9036,
9037,9038,9042,9045,9048,9050,9051,9052,
9054,9057,9058,9060,9067,9071,9072,9073,
9074,9076,9078,9079,9080,9083,9084,9085,
9090,9091,9092,9094,9098,9101,9102,9104,
9106,9107,9112,9114,9115,9116,9117,9118,
9120,9124,9127,9128,9131,9132,9133,9134,
9135,9137,9138,9139,9142,9143,9144,9145,
9146,9147,9150,9152,9153,9154,9156,9157,
9158,9159,9161,9164,9166,9167,9168,9169,
9173,9175,9176,9178,9180,9181,9182,9183,
9185,9186,9189,9193,9195,9196,9197,9198,
9200,9201,9202,9203,9204,9205,9209,9210,
9213,9216,9218,9219,9221,9223,9225,9226,
9227,9228,9230,9231,9232,9235,9238,9241,
9242,9243,9244,9245,9248,9249,9253,9254,
9255,9256,9260,9264,9265,9266,9267,9269,
9270,9271,9272,9273,9276,9277,9278,9279,
9281,9282,9284,9285,9286,9287,9293,9294,
9295,9297,9298,9299,9301,9304,9306,9307,
9310,9313,9314,9315,9316,9317,9318,9321,
9323,9325,9329,9330,9334,9336,9337,9339,
9340,9344,9347,9349,9350,9351,9352,9354,
9355,9357,9359,9360,9361,9362,9363,9364,
9365,9366,9367,9369,9370,9371,9372,9374,
9375,9376,9377,9379,9380,9381,9382,9383,
9385,9387,9388,9389,9393,9394,9395,9396,
9397,9398,9400,9403,9404,9405,9407,9409,
9410,9412,9414,9415,9417,9419,9420,9422,
9424,9425,9426,9429,9430,9431,9434,9439,
9440,9441,9443,9444,9445,9446,9447,9448,
9449,9450,9451,9452,9453,9454,9455,9458,
9461,9462,9463,9464,9465,9466,9467,9468,
9469,9470,9471,9472,9473,9474,9477,9479,
9480,9481,9483,9484,9485,9487,9488,9489,
9490,9491,9493,9495,9497,9499,9503,9505,
9506,9507,9508,9510,9511,9512,9513,9514,
9515,9516,9518,9520,9523,9524,9525,9527,
9528,9529,9530,9531,9532,9533,9534,9535,
9536,9538,9539,9540,9542,9543,9544,9545,
9548,9549,9552,9553,9554,9555,9557,9559,
9561,9562,9563,9565,9566,9567,9568,9569,
9570,9571,9572,9574,9576,9577,9578,9579,
9580,9583,9589,9591,9594,9596,9597,9598,
9599,9600,9601,9603,9604,9606,9608,9611,
9612,9613,9615,9618,9619,9622,9623,9624,
9625,9627,9632,9633,9634,9638,9639,9641,
9643,9645,9646,9648,9650,9651,9655,9657,
9665,9667,9668,9669,9670,9673,9674,9675,
9679,9683,9684,9685,9689,9692,9693,9694,
9697,9700,9704,9705,9707,9708,9709,9713,
9715,9718,9719,9720,9721,9722,9723,9724,
9725,9726,9727,9728,9729,9730,9732,9733,
9735,9736,9737,9738,9741,9742,9743,9744,
9745,9746,9747,9748,9749,9751,9752,9753,
9754,9755,9756,9757,9758,9760,9761,9762,
9763,9765,9766,9767,9768,9769,9770,9771,
9773,9774,9776,9777,9778,9779,9781,9783,
9784,9785,9786,9788,9791,9795,9797,9799,
9800,9801,9802,9803,9805,9806,9807,9808,
9809,9810,9811,9812,9814,9815,9817,9818,
9819,9821,9822,9824,9825,9826,9830,9832,
9834,9835,9837,9838,9839,9841,9845,9846,
9848,9849,9850,9854,9855,9857,9860,9861,
9864,9865,9867,9868,9870,9873,9874,9875,
9876,9879,9880,9881,9885,9886,9887,9888,
9892,9893,9894,9895,9896,9897,9900,9901,
9904,9905,9906,9908,9909,9911,9913,9914,
9915,9917,9918,9919,9921,9922,9923,9924,
9928,9929,9930,9931,9932,9935,9936,9937,
9938,9939,9942,9944,9946,9947,9948,9949,
9951,9952,9954,9956,9957,9962,9963,9965,
9966,9967,9970,9974,9977,9979,9983,9984,
9988,9991,9992,9993,9994,9996,9998,9999,
10003,10004,10008,10010,10013,10014,10015,10016,
10019,10020,10022,10023,10027,10028,10029,10031,
10033,10036,10037,10038,10040,10041,10042,10043,
10044,10045,10046,10048,10049,10050,10051,10052,
10053,10054,10055,10056,10059,10060,10061,10064,
10065,10067,10068,10069,10071,10075,10076,10077,
10078,10081,10082,10087,10089,10090,10094,10096,
10097,10098,10099,10100,10103,10104,10105,10108,
10109,10110,10113,10114,10115,10116,10117,10118,
10119,10120,10121,10122,10123,10125,10130,10131,
10134,10135,10137,10138,10139,10140,10142,10144,
10145,10146,10147,10148,10150,10151,10152,10153,
10155,10157,10158,10159,10161,10162,10165,10166,
10167,10168,10171,10173,10174,10175,10176,10179,
10180,10181,10183,10185,10186,10187,10188,10189,
10191,10193,10194,10196,10197,10198,10199,10200,
10201,10208,10209,10210,10211,10212,10213,10214,
10215,10216,10218,10219,10221,10222,10223,10224,
10225,10226,10227,10228,10229,10231,10232,10233,
10234,10236,10239,10242,10243,10244,10245,10246,
10247,10251,10253,10255,10256,10260,10261,10262,
10264,10266,10267,10269,10273,10275,10276,10278,
10280,10282,10284,10285,10286,10288,10289,10291,
10294,10298,10300,10303,10304,10306,10307,10311,
10312,10313,10315,10316,10317,10319,10321,10322,
10323,10324,10325,10326,10327,10328,10329,10330,
10331,10332,10335,10336,10337,10338,10339,10340,
10343,10345,10346,10348,10350,10351,10352,10353,
10356,10358,10360,10362,10365,10367,10370,10371,
10372,10373,10374,10376,10378,10379,10380,10384,
10385,10387,10388,10390,10391,10393,10394,10395,
10396,10398,10400,10401,10402,10404,10405,10407,
10408,10409,10410,10412,10413,10414,10416,10417,
10418,10420,10421,10422,10423,10424,10426,10428,
10430,10431,10432,10433,10434,10435,10437,10438,
10439,10441,10442,10443,10444,10446,10447,10450,
10451,10453,10454,10455,10456,10457,10458,10459,
10460,10462,10463,10466,10467,10469,10470,10471,
10472,10473,10475,10476,10478,10479,10481,10482,
10484,10486,10488,10489,10490,10492,10494,10495,
10497,10498,10500,10501,10502,10504,10508,10510,
10513,10514,10518,10520,10521,10522,10524,10525,
10526,10528,10529,10530,10531,10535,10536,10539,
10545,10549,10550,10552,10553,10554,10555,10557,
10558,10559,10561,10562,10563,10565,10566,10568,
10569,10570,10571,10572,10573,10574,10576,10577,
10578,10582,10584,10585,10587,10588,10593,10594,
10595,10596,10597,10598,10602,10603,10604,10608,
10610,10611,10614,10615,10616,10617,10618,10619,
10620,10622,10623,10624,10625,10628,10630,10633,
10636,10639,10641,10642,10646,10647,10649,10651,
10653,10654,10655,10658,10662,10664,10665,10666,
10668,10671,10677,10680,10681,10682,10684,10685,
10687,10689,10691,10694,10697,10698,10700,10701,
10702,10708,10709,10712,10713,10714,10715,10716,
10717,10718,10720,10721,10722,10723,10724,10725,
10726,10727,10729,10731,10735,10737,10738,10739,
10741,10742,10744,10745,10746,10747,10749,10752,
10753,10755,10756,10759,10761,10763,10764,10765,
10766,10769,10770,10771,10772,10773,10775,10776,
10780,10781,10783,10784,10785,10787,10791,10792,
10794,10795,10796,10797,10800,10801,10802,10803,
10804,10805,10806,10811,10814,10816,10817,10822,
10824,10825,10826,10828,10829,10831,10834,10835,
10836,10837,10838,10840,10843,10844,10845,10846,
10847,10848,10850,10851,10852,10854,10856,10858,
10859,10860,10862,10863,10865,10866,10868,10871,
10873,10877,10879,10880,10881,10883,10884,10886,
10892,10893,10894,10895,10896,10897,10898,10899,
10900,10902,10903,10907,10910,10912,10913,10914,
10915,10919,10920,10921,10923,10924,10925,10927,
10928,10929,10930,10932,10934,10936,10937,10938,
10939,10940,10941,10942,10943,10945,10947,10948,
10949,10950,10951,10952,10954,10955,10956,10958,
10959,10960,10961,10963,10965,10966,10967,10969,
10974,10975,10976,10977,10979,10980,10981,10982,
10983,10984,10985,10986,10987,10989,10992,10995,
10996,10997,10998,10999,11002,11003,11004,11005,
11006,11007,11008,11010,11011,11016,11017,11018,
11019,11020,11022,11023,11024,11025,11026,11027,
11028,11030,11031,11033,11036,11037,11039,11040,
11041,11042,11043,11044,11045,11046,11047,11048,
11053,11062,11063,11064,11065,11068,11070,11071,
11072,11073,11075,11077,11078,11079,11082,11083,
11086,11087,11090,11094,11097,11102,11103,11104,
11105,11108,11109,11110,11114,11115,11116,11117,
11118,11120,11122,11123,11124,11127,11129,11130,
11132,11133,11135,11136,11139,11140,11143,11144,
11145,11147,11150,11151,11153,11154,11155,11157,
11160,11162,11163,11164,11165,11167,11168,11169,
11170,11171,11174,11175,11177,11178,11181,11182,
11183,11184,11186,11189,11191,11192,11194,11195,
11197,11198,11199,11201,11203,11205,11206,11210,
11212,11215,11216,11218,11220,11221,11223,11226,
11227,11228,11229,11230,11231,11232,11233,11235,
11237,11239,11244,11246,11247,11248,11250,11251,
11252,11254,11255,11256,11257,11259,11261,11263,
11264,11265,11266,11269,11270,11271,11273,11276,
11277,11279,11280,11281,11282,11283,11285,11286,
11288,11292,11294,11296,11297,11298,11300,11302,
11303,11304,11305,11306,11307,11310,11312,11314,
11315,11316,11318,11319,11321,11323,11324,11325,
11327,11329,11330,11331,11333,11334,11337,11339,
11340,11341,11342,11344,11345,11346,11348,11349,
11351,11352,11353,11354,11356,11357,11358,11363,
11365,11369,11370,11371,11372,11373,11374,11375,
11378,11380,11381,11382,11385,11386,11388,11390,
11392,11393,11394,11395,11396,11397,11398,11401,
11404,11407,11408,11410,11411,11412,11413,11414,
11415,11416,11418,11419,11420,11422,11423,11424,
11427,11429,11431,11432,11433,11434,11435,11436,
11437,11439,11440,11441,11443,11444,11448,11451,
11454,11458,11462,11463,11464,11466,11467,11468,
11469,11471,11473,11474,11475,11477,11478,11480,
11481,11482,11484,11485,11488,11490,11491,11494,
11495,11496,11499,11501,11502,11505,11506,11507,
11509,11510,11511,11514,11515,11516,11517,11518,
11519,11521,11523,11524,11525,11528,11529,11530,
11533,11534,11535,11536,11538,11539,11540,11542,
11546,11548,11549,11550,11552,11553,11554,11555,
11556,11557,11558,11559,11560,11561,11563,11564,
11565,11566,11568,11569,11570,11572,11573,11575,
11576,11578,11579,11580,11583,11584,11585,11586,
11587,11588,11589,11590,11592,11593,11594,11598,
11600,11601,11602,11604,11606,11609,11610,11611,
11612,11613,11614,11617,11618,11619,11622,11623,
11624,11629,11631,11632,11633,11634,11635,11637,
11639,11640,11641,11642,11644,11645,11646,11647,
11649,11650,11651,11652,11653,11654,11655,11656,
11657,11658,11659,11662,11664,11666,11667,11668,
11669,11670,11674,11676,11677,11678,11679,11680,
11682,11683,11684,11687,11691,11693,11694,11695,
11696,11697,11699,11700,11701,11703,11705,11706,
11707,11709,11710,11712,11713,11715,11717,11721,
11722,11725,11730,11732,11733,11737,11739,11741,
11742,11743,11744,11746,11747,11748,11749,11751,
11753,11755,11756,11757,11759,11762,11763,11765,
11766,11767,11768,11769,11772,11774,11775,11778,
11779,11780,11782,11783,11787,11788,11791,11792,
11794,11801,11802,11803,11804,11807,11808,11809,
11810,11816,11820,11822,11824,11826,11828,11829,
11830,11836,11837,11839,11840,11841,11842,11843,
11844,11845,11846,11847,11848,11849,11850,11851,
11853,11854,11855,11856,11857,11858,11859,11860,
11863,11864,11865,11866,11867,11868,11869,11870,
11871,11872,11873,11875,11876,11879,11880,11881,
11882,11883,11884,11886,11887,11891,11892,11894,
11897,11898,11900,11902,11903,11907,11908,11910,
11911,11912,11913,11915,11916,11917,11920,11921,
11922,11923,11926,11928,11931,11933,11934,11935,
11941,11949,11951,11952,11953,11954,11956,11957,
11959,11961,11963,11964,11966,11967,11968,11970,
11971,11973,11976,11980,11981,11982,11983,11984,
11986,11988,11990,11991,11993,11996,11999,12000,
12005,12006,12010,12011,12012,12015,12016,12017,
12018,12023,12025,12027,12028,12029,12030,12032,
12033,12034,12036,12037,12038,12039,12040,12041,
12043,12044,12045,12046,12047,12048,12049,12050,
12052,12053,12054,12055,12058,12061,12062,12063,
12064,12065,12066,12067,12068,12069,12070,12072,
12073,12074,12075,12076,12077,12079,12080,12081,
12082,12087,12088,12089,12096,12098,12101,12104,
12105,12106,12108,12110,12113,12114,12115,12116,
12117,12118,12119,12121,12122,12124,12126,12127,
12128,12132,12134,12136,12137,12138,12139,12141,
12145,12146,12147,12148,12149,12151,12153,12154,
12159,12160,12162,12163,12166,12170,12171,12173,
12174,12176,12177,12178,12180,12182,12183,12184,
12185,12186,12191,12193,12196,12197,12200,12201,
12202,12203,12205,12207,12208,12210,12211,12212,
12214,12219,12221,12222,12223,12225,12227,12228,
12231,12232,12233,12234,12235,12237,12239,12240,
12241,12245,12246,12247,12249,12250,12251,12252,
12253,12254,12255,12256,12259,12260,12263,12265,
12267,12269,12270,12271,12273,12274,12277,12279,
12280,12281,12282,12284,12285,12286,12289,12291,
12297,12298,12299,12300,12301,12304,12306,12309,
12310,12311,12312,12313,12317,12318,12319,12322,
12323,12325,12327,12330,12332,12334,12336,12341,
12343,12344,12345,12347,12348,12353,12354,12355,
12356,12357,12358,12360,12364,12365,12366,12367,
12369,12370,12373,12376,12377,12378,12379,12380,
12383,12385,12386,12387,12389,12392,12393,12395,
12396,12400,12401,12402,12407,12410,12412,12413,
12417,12419,12420,12421,12422,12423,12424,12425,
12427,12430,12433,12434,12435,12439,12440,12443,
12445,12446,12447,12449,12450,12452,12453,12454,
12455,12456,12457,12461,12462,12463,12464,12465,
12466,12467,12468,12470,12471,12473,12474,12476,
12477,12478,12480,12481,12484,12485,12487,12488,
12489,12490,12491,12492,12493,12494,12496,12498,
12499,12500,12501,12502,12503,12505,12508,12509,
12510,12511,12512,12513,12514,12515,12516,12518,
12520,12521,12522,12523,12525,12526,12527,12528,
12530,12532,12534,12537,12538,12540,12541,12542,
12543,12544,12545,12549,12551,12552,12553,12554,
12556,12558,12559,12560,12562,12567,12568,12569,
12570,12571,12573,12575,12577,12578,12579,12581,
12585,12586,12588,12589,12590,12593,12594,12595,
12596,12597,12598,12600,12602,12603,12604,12605,
12606,12608,12609,12610,12612,12613,12615,12616,
12620,12621,12625,12626,12627,12628,12629,12630,
12631,12633,12634,12635,12636,12637,12640,12641,
12645,12647,12648,12649,12650,12652,12653,12654,
12655,12656,12658,12666,12668,12670,12671,12675,
12677,12678,12679,12681,12682,12683,12685,12686,
12688,12689,12690,12691,12693,12694,12695,12698,
12699,12700,12701,12702,12704,12705,12708,12710,
12712,12713,12714,12715,12716,12717,12718,12720,
12721,12722,12723,12724,12727,12728,12729,12730,
12732,12735,12736,12737,12738,12743,12744,12745,
12747,12748,12749,12751,12752,12754,12758,12759,
12760,12761,12762,12763,12767,12768,12769,12770,
12771,12772,12773,12775,12776,12778,12779,12780,
12782,12783,12784,12786,12787,12789,12791,12792,
12794,12795,12798,12799,12800,12801,12803,12804,
12807,12809,12810,12811,12812,12814,12815,12817,
12818,12821,12822,12823,12824,12825,12827,12832,
12833,12837,12840,12841,12842,12843,12847,12849,
12850,12851,12856,12857,12859,12863,12864,12865,
12866,12867,12868,12870,12871,12873,12874,12875,
12877,12878,12880,12883,12885,12886,12887,12890,
12892,12893,12897,12901,12902,12903,12905,12907,
12909,12911,12912,12913,12914,12915,12916,12917,
12919,12921,12923,12924,12925,12927,12928,12930,
12931,12933,12935,12937,12940,12941,12944,12945,
12948,12949,12950,12951,12952,12958,12959,12960,
12961,12962,12963,12964,12965,12967,12968,12969,
12971,12972,12975,12978,12980,12981,12987,12988,
12989,12991,12992,12994,12995,12996,13001,13003,
13004,13005,13006,13008,13009,13011,13015,13017,
13019,13021,13023,13024,13025,13026,13027,13028,
13030,13031,13032,13036,13037,13040,13042,13045,
13046,13047,13054,13055,13056,13057,13058,13059,
13060,13061,13062,13064,13065,13068,13069,13070,
13072,13075,13077,13078,13081,13083,13086,13089,
13092,13093,13094,13095,13097,13100,13101,13103,
13104,13105,13110,13111,13112,13114,13115,13118,
13120,13123,13126,13127,13128,13131,13132,13133,
13134,13136,13137,13138,13140,13141,13143,13146,
13148,13149,13151,13152,13154,13155,13159,13160,
13163,13164,13166,13167,13168,13169,13170,13171,
13174,13175,13177,13179,13181,13182,13183,13186,
13187,13189,13190,13192,13193,13194,13195,13197,
13198,13199,13200,13201,13202,13203,13208,13210,
13211,13212,13214,13217,13220,13223,13224,13225,
13227,13230,13231,13233,13236,13238,13239,13240,
13241,13242,13245,13246,13247,13251,13252,13253,
13255,13258,13259,13261,13263,13264,13266,13267,
13268,13269,13272,13274,13275,13276,13279,13280,
13281,13283,13289,13290,13291,13294,13295,13298,
13299,13300,13302,13306,13307,13309,13311,13313,
13315,13318,13320,13321,13323,13324,13327,13328,
13330,13331,13332,13333,13335,13336,13337,13339,
13340,13343,13344,13345,13346,13348,13350,13351,
13352,13353,13354,13363,13364,13365,13367,13369,
13370,13371,13372,13374,13375,13376,13379,13380,
13385,13396,13397,13399,13401,13402,13405,13406,
13407,13409,13410,13411,13413,13415,13417,13419,
13420,13421,13424,13425,13426,13428,13431,13433,
13434,13436,13437,13438,13440,13441,13442,13445,
13446,13447,13448,13449,13450,13451,13452,13453,
13454,13455,13456,13457,13459,13460,13461,13462,
13466,13468,13469,13471,13472,13473,13475,13476,
13477,13478,13479,13481,13484,13485,13486,13487,
13488,13489,13490,13493,13495,13496,13497,13498,
13499,13502,13503,13504,13505,13506,13507,13508,
13509,13510,13511,13513,13514,13515,13516,13517,
13518,13519,13520,13521,13523,13525,13526,13528,
13532,13535,13537,13540,13542,13546,13547,13548,
13550,13551,13552,13555,13556,13558,13564,13565,
13566,13568,13569,13572,13573,13574,13575,13576,
13578,13580,13582,13586,13588,13590,13593,13594,
13597,13598,13602,13605,13606,13609,13610,13612,
13613,13615,13616,13618,13620,13621,13622,13624,
13625,13626,13627,13628,13630,13631,13632,13633,
13635,13636,13637,13638,13639,13640,13643,13644,
13646,13647,13649,13650,13653,13655,13656,13658,
13659,13661,13662,13663,13665,13666,13669,13670,
13671,13673,13674,13676,13678,13680,13681,13682,
13684,13685,13687,13689,13693,13695,13697,13698,
13700,13702,13704,13705,13706,13707,13708,13709,
13710,13711,13713,13714,13716,13717,13719,13720,
13722,13723,13724,13726,13729,13730,13733,13734,
13736,13737,13738,13739,13742,13743,13744,13745,
13746,13748,13749,13750,13751,13753,13754,13756,
13758,13759,13760,13762,13763,13764,13765,13766,
13768,13769,13770,13771,13774,13775,13780,13781,
13782,13783,13786,13787,13788,13790,13792,13793,
13794,13795,13798,13799,13800,13801,13802,13804,
13805,13806,13807,13808,13809,13810,13811,13812,
13813,13815,13816,13818,13819,13820,13821,13824,
13825,13826,13827,13828,13830,13831,13833,13834,
13836,13837,13839,13841,13843,13844,13848,13849,
13856,13857,13858,13859,13861,13862,13867,13868,
13873,13874,13875,13876,13878,13879,13880,13882,
13883,13885,13886,13890,13892,13894,13895,13897,
13900,13902,13905,13908,13911,13912,13914,13915,
13920,13921,13923,13926,13928,13929,13930,13931,
13932,13933,13934,13936,13937,13939,13941,13942,
13944,13945,13947,13950,13951,13954,13960,13962,
13963,13965,13966,13967,13968,13969,13970,13971,
13974,13975,13976,13977,13978,13979,13981,13982,
13983,13986,13987,13988,13989,13991,13992,13995,
13998,13999,14001,14002,14004,14005,14008,14009,
14010,14011,14012,14013,14015,14016,14017,14018,
14019,14020,14022,14024,14026,14028,14030,14033,
14035,14036,14037,14038,14040,14041,14042,14043,
14044,14045,14046,14047,14048,14049,14050,14052,
14053,14054,14055,14056,14057,14059,14060,14061,
14062,14065,14067,14068,14069,14070,14073,14074,
14082,14083,14085,14086,14087,14088,14089,14090,
14091,14093,14094,14095,14096,14098,14099,14101,
14103,14104,14105,14106,14107,14108,14109,14110,
14113,14114,14116,14117,14118,14119,14121,14122,
14123,14124,14125,14128,14129,14131,14132,14133,
14135,14136,14138,14139,14140,14141,14145,14146,
14147,14148,14149,14150,14151,14152,14153,14155,
14156,14157,14158,14159,14160,14161,14162,14164,
14165,14167,14168,14171,14172,14173,14174,14175,
14177,14178,14179,14180,14182,14183,14184,14186,
14187,14188,14189,14190,14191,14192,14193,14195,
14196,14197,14198,14199,14200,14201,14202,14204,
14207,14208,14209,14211,14212,14214,14217,14221,
14222,14223,14224,14226,14227,14228,14230,14231,
14232,14234,14236,14237,14238,14239,14240,14241,
14242,14244,14245,14247,14249,14250,14252,14253,
14254,14255,14256,14257,14260,14261,14263,14264,
14266,14267,14268,14270,14271,14272,14274,14275,
14278,14279,14280,14281,14282,14283,14284,14287,
14288,14289,14292,14296,14300,14301,14302,14303,
14304,14305,14306,14307,14308,14309,14310,14311,
14312,14313,14314,14315,14316,14317,14318,14319,
14320,14321,14322,14323,14325,14326,14330,14331,
14332,14333,14335,14337,14339,14341,14343,14344,
14345,14346,14347,14348,14350,14351,14353,14355,
14356,14357,14359,14362,14364,14365,14367,14368,
14369,14371,14372,14373,14374,14385,14387,14389,
14392,14393,14394,14395,14397,14399,14400,14402,
14405,14409,14410,14411,14416,14417,14418,14420,
14422,14423,14426,14427,14428,14432,14434,14435,
14436,14437,14438,14441,14442,14443,14445,14446,
14448,14450,14451,14452,14453,14455,14462,14463,
14467,14475,14476,14481,14482,14483,14485,14487,
14489,14490,14492,14495,14496,14497,14502,14503,
14504,14505,14506,14507,14509,14510,14511,14512,
14514,14519,14521,14522,14523,14525,14528,14529,
14531,14532,14533,14534,14535,14536,14537,14538,
14539,14541,14544,14545,14546,14547,14549,14550,
14557,14558,14559,14560,14563,14565,14569,14570,
14571,14572,14573,14574,14576,14577,14578,14579,
14580,14583,14584,14585,14586,14587,14588,14589,
14590,14591,14594,14595,14596,14599,14600,14602,
14604,14605,14606,14607,14608,14610,14612,14613,
14615,14617,14618,14620,14621,14623,14625,14626,
14627,14628,14630,14633,14637,14638,14646,14649,
14650,14651,14652,14655,14656,14660,14661,14665,
14670,14671,14672,14674,14675,14676,14677,14679,
14680,14681,14682,14684,14685,14689,14690,14692,
14693,14695,14698,14699,14700,14701,14703,14704,
14705,14706,14708,14709,14712,14714,14717,14718,
14722,14723,14724,14728,14729,14730,14731,14732,
14738,14739,14740,14741,14743,14744,14745,14746,
14748,14749,14755,14758,14759,14761,14762,14763,
14769,14770,14772,14774,14776,14779,14780,14781,
14784,14785,14786,14787,14792,14793,14798,14799,
14800,14803,14805,14806,14807,14808,14809,14810,
14813,14816,14817,14818,14819,14820,14821,14823,
14825,14826,14827,14828,14829,14830,14831,14836,
14837,14838,14839,14841,14842,14844,14845,14846,
14847,14848,14849,14850,14851,14853,14855,14856,
14857,14858,14859,14862,14869,14871,14872,14873,
14875,14876,14877,14878,14880,14881,14882,14883,
14884,14885,14886,14887,14888,14890,14892,14893,
14894,14896,14900,14902,14904,14907,14908,14909,
14910,14911,14912,14913,14915,14916,14917,14920,
14921,14922,14925,14926,14928,14929,14930,14932,
14933,14934,14935,14937,14938,14939,14943,14946,
14947,14949,14951,14952,14953,14955,14956,14957,
14958,14960,14963,14964,14965,14967,14968,14969,
14971,14972,14975,14976,14980,14981,14982,14984,
14989,14991,14993,14995,14996,14997,14999,15002,
15004,15006,15008,15010,15012,15013,15014,15016,
15018,15019,15020,15021,15024,15025,15026,15027,
15028,15029,15030,15031,15033,15035,15036,15037,
15038,15042,15045,15046,15047,15048,15050,15052,
15053,15056,15057,15058,15059,15061,15063,15064,
15066,15067,15069,15071,15072,15073,15075,15078,
15079,15080,15081,15083,15084,15086,15089,15092,
15093,15095,15097,15099,15101,15102,15103,15105,
15106,15107,15108,15109,15110,15112,15114,15116,
15117,15122,15123,15125,15126,15129,15132,15133,
15134,15135,15136,15137,15138,15141,15142,15143,
15144,15145,15147,15148,15149,15150,15151,15152,
15154,15155,15156,15158,15159,15160,15162,15165,
15166,15169,15170,15171,15172,15174,15175,15176,
15178,15181,15183,15184,15185,15190,15191,15193,
15195,15196,15197,15200,15206,15207,15208,15209,
15210,15211,15214,15215,15216,15218,15219,15220,
15221,15224,15225,15226,15228,15229,15230,15232,
15233,15235,15237,15238,15244,15245,15247,15248,
15249,15250,15251,15252,15253,15254,15255,15258,
15259,15260,15262,15263,15264,15267,15268,15269,
15272,15273,15274,15275,15277,15278,15279,15280,
15282,15283,15284,15287,15288,15290,15293,15294,
15296,15298,15299,15300,15301,15302,15303,15304,
15306,15309,15315,15316,15317,15319,15321,15322,
15323,15325,15328,15329,15331,15332,15333,15334,
15335,15337,15338,15339,15340,15341,15342,15343,
15344,15346,15349,15350,15351,15353,15354,15355,
15356,15357,15359,15360,15361,15362,15363,15364,
15365,15367,15371,15372,15373,15374,15376,15378,
15379,15380,15381,15382,15383,15386,15387,15388,
15389,15390,15391,15392,15393,15394,15395,15396,
15397,15400,15402,15403,15404,15405,15407,15409,
15411,15412,15414,15416,15418,15419,15420,15421,
15422,15423,15424,15425,15426,15427,15428,15430,
15433,15434,15437,15440,15441,15442,15444,15445,
15447,15448,15449,15450,15451,15453,15454,15455,
15456,15458,15461,15462,15464,15466,15469,15472,
15473,15474,15475,15481,15482,15484,15485,15486,
15488,15490,15493,15495,15496,15498,15499,15500,
15502,15503,15505,15506,15510,15511,15512,15513,
15515,15516,15517,15518,15519,15520,15521,15522,
15523,15524,15525,15527,15528,15529,15530,15532,
15534,15535,15536,15537,15538,15539,15540,15541,
15542,15543,15544,15546,15547,15549,15550,15553,
15554,15558,15563,15564,15565,15566,15567,15568,
15570,15571,15572,15573,15575,15576,15578,15580,
15581,15582,15583,15586,15587,15588,15590,15591,
15593,15594,15598,15602,15603,15604,15605,15606,
15607,15608,15611,15612,15613,15614,15615,15616,
15617,15618,15619,15620,15621,15622,15623,15628,
15629,15630,15631,15632,15633,15634,15637,15639,
15640,15641,15642,15644,15645,15646,15648,15649,
15651,15652,15653,15654,15655,15659,15664,15667,
15668,15669,15670,15671,15672,15673,15674,15676,
15679,15680,15683,15687,15688,15689,15690,15691,
15695,15696,15699,15700,15702,15704,15706,15707,
15711,15714,15715,15717,15718,15719,15720,15721,
15724,15727,15728,15729,15731,15734,15735,15737,
15740,15741,15743,15744,15745,15747,15748,15755,
15756,15758,15761,15762,15764,15765,15768,15769,
15770,15773,15774,15776,15777,15779,15781,15782,
15783,15787,15789,15790,15794,15795,15797,15798,
15799,15800,15801,15802,15804,15806,15809,15810,
15812,15814,15815,15821,15825,15828,15829,15830,
15833,15834,15835,15836,15837,15838,15839,15840,
15841,15847,15851,15852,15853,15854,15855,15857,
15858,15861,15862,15864,15865,15866,15867,15868,
15869,15870,15871,15872,15873,15877,15880,15882,
15883,15884,15887,15888,15891,15893,15899,15901,
15902,15903,15905,15906,15907,15908,15910,15911,
15912,15914,15915,15916,15918,15919,15921,15923,
15924,15925,15926,15927,15928,15929,15935,15936,
15937,15940,15941,15942,15943,15944,15946,15948,
15949,15953,15954,15957,15958,15961,15962,15963,
15964,15967,15969,15970,15971,15972,15973,15974,
15976,15977,15979,15980,15982,15985,15987,15988,
15989,15990,15991,15992,15993,15994,15998,16000,
16001,16005,16007,16008,16009,16010,16011,16012,
16013,16014,16015,16016,16020,16021,16022,16023,
16026,16027,16029,16030,16032,16033,16035,16036,
16038,16039,16041,16047,16048,16050,16052,16056,
16057,16060,16061,16063,16064,16065,16066,16069,
16070,16074,16076,16077,16078,16079,16081,16083,
16084,16085,16086,16088,16089,16090,16092,16093,
16094,16095,16096,16097,16099,16100,16102,16103,
16104,16109,16110,16113,16120,16123,16124,16125,
16127,16128,16130,16131,16132,16134,16135,16136,
16138,16140,16141,16142,16143,16145,16146,16147,
16148,16149,16150,16151,16153,16154,16155,16156,
16157,16158,16159,16161,16162,16164,16166,16167,
16169,16170,16171,16173,16174,16177,16178,16180,
16182,16184,16186,16187,16190,16192,16194,16195,
16199,16200,16201,16202,16204,16205,16206,16207,
16210,16211,16213,16215,16216,16217,16218,16219,
16220,16222,16224,16227,16229,16230,16231,16232,
16233,16236,16238,16239,16240,16241,16243,16244,
16245,16246,16247,16249,16250,16251,16253,16254,
16257,16259,16260,16261,16262,16263,16264,16265,
16266,16269,16270,16271,16272,16273,16274,16275,
16280,16284,16285,16286,16287,16288,16290,16292,
16293,16294,16295,16297,16298,16300,16301,16302,
16303,16304,16305,16306,16307,16312,16313,16315,
16316,16317,16318,16320,16321,16322,16323,16325,
16326,16327,16329,16330,16332,16333,16334,16335,
16336,16337,16340,16341,16344,16345,16346,16347,
16348,16350,16351,16352,16353,16355,16356,16357,
16358,16360,16364,16365,16366,16367,16370,16372,
16375,16377,16378,16379,16380,16381,16382,16383,
16384,16385,16386,16388,16390,16393,16394,16398,
16400,16401,16402,16405,16407,16408,16409,16410,
16412,16413,16414,16416,16418,16419,16423,16424,
16425,16427,16428,16431,16432,16434,16435,16437,
16440,16441,16442,16443,16444,16445,16446,16447,
16448,16449,16454,16455,16456,16457,16463,16464,
16465,16466,16467,16468,16469,16471,16472,16476,
16477,16478,16479,16480,16481,16482,16483,16484,
16486,16487,16489,16490,16492,16493,16494,16496,
16497,16499,16500,16502,16505,16507,16509,16510,
16512,16513,16515,16516,16517,16518,16519,16523,
16524,16525,16526,16528,16530,16531,16533,16534,
16535,16536,16537,16538,16540,16541,16542,16543,
16544,16547,16548,16549,16551,16552,16553,16554,
16557,16559,16562,16565,16567,16568,16570,16574,
16575,16577,16578,16579,16581,16582,16585,16587,
16588,16589,16591,16592,16593,16594,16595,16596,
16599,16600,16601,16602,16603,16605,16606,16608,
16609,16611,16613,16614,16615,16616,16620,16624,
16626,16627,16628,16631,16632,16634,16635,16636,
16638,16639,16640,16641,16642,16643,16644,16648,
16654,16655,16656,16665,16666,16667,16668,16670,
16671,16672,16673,16674,16677,16679,16680,16683,
16684,16685,16687,16688,16689,16690,16692,16693,
16694,16695,16696,16698,16699,16700,16701,16702,
16703,16704,16705,16707,16710,16718,16719,16720,
16721,16722,16724,16725,16726,16727,16728,16730,
16731,16738,16740,16742,16743,16745,16746,16747,
16750,16751,16752,16753,16754,16755,16759,16760,
16761,16762,16763,16766,16768,16769,16770,16771,
16772,16773,16774,16775,16776,16777,16779,16780,
16783,16784,16786,16787,16788,16789,16792,16793,
16794,16795,16796,16797,16798,16799,16800,16801,
16802,16803,16804,16807,16808,16809,16810,16811,
16812,16813,16814,16815,16816,16818,16819,16820,
16822,16824,16825,16826,16827,16829,16830,16831,
16832,16835,16836,16838,16843,16844,16845,16848,
16849,16850,16851,16853,16855,16856,16859,16860,
16861,16862,16863,16864,16867,16872,16875,16876,
16878,16881,16883,16885,16886,16887,16888,16889,
16890,16891,16894,16897,16899,16900,16907,16911,
16914,16916,16917,16918,16919,16920,16921,16922,
16924,16925,16926,16927,16929,16930,16931,16932,
16937,16939,16940,16941,16943,16944,16945,16948,
16950,16952,16954,16955,16956,16957,16959,16960,
16962,16963,16966,16967,16968,16969,16972,16973,
16974,16975,16978,16981,16983,16984,16985,16987,
16989,16990,16992,16996,16997,16998,16999,17002,
17004,17005,17008,17010,17011,17013,17014,17015,
17016,17017,17018,17021,17023,17027,17029,17030,
17031,17034,17036,17038,17039,17040,17041,17042,
17043,17044,17047,17048,17049,17050,17052,17053,
17054,17055,17056,17060,17061,17062,17064,17065,
17067,17068,17071,17072,17074,17075,17078,17079,
17080,17081,17082,17086,17088,17089,17090,17091,
17094,17096,17098,17100,17102,17103,17105,17108,
17111,17112,17113,17116,17117,17118,17119,17121,
17122,17123,17124,17125,17127,17128,17129,17131,
17132,17134,17136,17138,17139,17140,17141,17143,
17144,17145,17146,17147,17148,17149,17150,17154,
17155,17156,17157,17158,17165,17166,17170,17171,
17172,17174,17176,17177,17182,17183,17185,17186,
17187,17188,17189,17190,17192,17195,17196,17198,
17200,17202,17203,17204,17206,17207,17208,17209,
17210,17211,17213,17216,17217,17218,17220,17221,
17222,17228,17230,17231,17233,17235,17236,17238,
17239,17240,17241,17244,17246,17247,17248,17250,
17251,17253,17254,17255,17262,17264,17265,17266,
17267,17268,17270,17271,17272,17273,17275,17277,
17278,17279,17280,17281,17282,17283,17285,17286,
17287,17289,17290,17291,17293,17294,17296,17298,
17301,17302,17303,17304,17305,17306,17308,17309,
17310,17311,17314,17315,17317,17318,17320,17321,
17324,17325,17326,17328,17329,17330,17331,17332,
17333,17334,17335,17336,17337,17341,17342,17343,
17344,17345,17347,17350,17351,17353,17354,17355,
17356,17357,17358,17359,17360,17361,17362,17363,
17365,17366,17368,17369,17371,17373,17375,17377,
17379,17381,17382,17386,17388,17389,17390,17392,
17393,17395,17396,17397,17398,17399,17400,17402,
17403,17404,17407,17408,17411,17412,17413,17414,
17416,17417,17418,17419,17420,17421,17422,17423,
17424,17425,17426,17427,17428,17432,17435,17436,
17437,17439,17440,17441,17442,17446,17448,17449,
17450,17453,17456,17457,17458,17460,17462,17464,
17465,17467,17468,17469,17470,17472,17474,17477,
17478,17482,17484,17485,17487,17488,17489,17490,
17492,17494,17495,17496,17497,17498,17499,17500,
17501,17504,17505,17506,17507,17508,17509,17510,
17511,17512,17514,17516,17517,17519,17520,17521,
17524,17528,17530,17531,17532,17533,17534,17535,
17537,17540,17542,17543,17544,17545,17546,17550,
17551,17552,17553,17555,17556,17557,17558,17559,
17560,17566,17569,17570,17572,17573,17574,17576,
17580,17581,17585,17587,17589,17591,17592,17599,
17600,17601,17603,17604,17605,17606,17607,17608,
17610,17613,17614,17615,17616,17617,17619,17621,
17623,17626,17629,17631,17632,17635,17636,17637,
17638,17639,17641,17643,17644,17646,17647,17650,
17652,17653,17654,17655,17656,17657,17658,17660,
17662,17666,17669,17670,17672,17673,17675,17678,
17680,17681,17686,17688,17689,17690,17692,17693,
17694,17695,17698,17699,17700,17703,17704,17707,
17710,17711,17716,17717,17720,17722,17723,17724,
17725,17726,17727,17728,17729,17733,17734,17735,
17736,17737,17738,17739,17740,17742,17743,17744,
17745,17746,17748,17749,17751,17752,17753,17754,
17755,17757,17758,17759,17760,17761,17762,17763,
17767,17768,17769,17770,17771,17774,17781,17785,
17787,17788,17789,17790,17791,17792,17795,17796,
17801,17802,17803,17806,17807,17808,17809,17811,
17812,17814,17815,17816,17818,17819,17820,17822,
17823,17824,17825,17826,17827,17829,17833,17834,
17835,17837,17838,17840,17841,17842,17844,17846,
17847,17850,17852,17853,17854,17855,17857,17858,
17859,17860,17862,17863,17864,17865,17867,17868,
17869,17871,17872,17875,17876,17877,17881,17882,
17884,17885,17887,17890,17892,17893,17894,17895,
17898,17899,17900,17901,17902,17903,17905,17906,
17907,17910,17911,17913,17914,17915,17916,17918,
17919,17921,17922,17923,17925,17926,17927,17928,
17929,17930,17931,17932,17933,17934,17935,17936,
17938,17939,17940,17942,17943,17945,17947,17948,
17949,17950,17952,17954,17958,17959,17960,17962,
17963,17964,17965,17966,17968,17970,17973,17975,
17976,17978,17979,17980,17981,17987,17988,17989,
17991,17992,17994,17996,17997,17998,18000,18002,
18004,18005,18006,18007,18009,18012,18014,18016,
18017,18018,18019,18021,18023,18024,18025,18026,
18027,18028,18032,18034,18035,18036,18037,18038,
18039,18043,18045,18047,18048,18050,18051,18053,
18054,18055,18056,18057,18058,18059,18060,18061,
18062,18063,18064,18065,18066,18068,18069,18070,
18071,18074,18075,18076,18077,18079,18080,18081,
18082,18083,18084,18085,18086,18089,18090,18091,
18095,18098,18100,18102,18103,18106,18107,18111,
18112,18113,18116,18118,18119,18120,18121,18123,
18124,18127,18129,18130,18131,18132,18135,18137,
18138,18139,18142,18143,18144,18145,18146,18147,
18148,18149,18150,18151,18152,18154,18156,18157,
18159,18160,18162,18163,18164,18168,18169,18172,
18173,18175,18176,18177,18178,18179,18180,18181,
18182,18185,18187,18188,18190,18191,18194,18195,
18196,18199,18200,18203,18204,18205,18206,18207,
18208,18209,18210,18211,18212,18213,18214,18215,
18216,18218,18219,18220,18221,18222,18223,18224,
18225,18226,18227,18228,18230,18231,18234,18236,
18237,18238,18240,18241,18242,18244,18246,18247,
18248,18249,18250,18251,18253,18254,18258,18259,
18261,18262,18263,18264,18265,18266,18267,18268,
18269,18273,18275,18278,18279,18280,18281,18282,
18285,18286,18289,18290,18292,18293,18294,18296,
18297,18299,18302,18305,18307,18308,18310,18311,
18313,18315,18317,18320,18322,18323,18325,18328,
18330,18331,18332,18333,18334,18335,18336,18337,
18338,18339,18342,18345,18347,18348,18349,18350,
18352,18353,18354,18355,18356,18357,18358,18359,
18360,18361,18362,18364,18367,18369,18370,18371,
18373,18374,18375,18379,18380,18382,18387,18388,
18390,18392,18394,18395,18396,18397,18398,18400,
18401,18402,18403,18404,18409,18415,18423,18424,
18425,18437,18438,18440,18443,18444,18445,18446,
18448,18450,18454,18456,18457,18458,18460,18463,
18464,18467,18469,18470,18471,18472,18473,18474,
18475,18480,18482,18483,18484,18485,18488,18489,
18490,18491,18492,18493,18494,18495,18496,18497,
18498,18499,18500,18502,18503,18504,18505,18507,
18508,18509,18510,18511,18513,18514,18515,18516,
18517,18519,18523,18524,18525,18527,18528,18529,
18530,18532,18533,18534,18535,18537,18538,18539,
18542,18544,18545,18547,18548,18549,18550,18553,
18554,18556,18558,18559,18560,18561,18565,18566,
18567,18568,18569,18571,18573,18575,18576,18580,
18582,18583,18584,18585,18586,18587,18588,18592,
18594,18596,18598,18600,18602,18604,18608,18610,
18611,18612,18615,18617,18619,18620,18622,18623,
18625,18626,18627,18628,18629,18630,18632,18633,
18634,18635,18636,18639,18640,18642,18643,18647,
18650,18651,18652,18654,18655,18657,18659,18661,
18664,18666,18668,18671,18673,18674,18675,18676,
18677,18679,18680,18681,18682,18683,18684,18686,
18688,18690,18696,18697,18698,18701,18707,18709,
18715,18716,18717,18718,18720,18721,18722,18724,
18725,18726,18728,18729,18732,18734,18735,18737,
18738,18739,18740,18741,18742,18743,18744,18745,
18746,18747,18748,18749,18750,18751,18752,18753,
18754,18755,18756,18757,18758,18760,18761,18762,
18764,18765,18766,18767,18768,18769,18770,18771,
18772,18773,18775,18776,18777,18778,18780,18781,
18782,18783,18784,18785,18786,18787,18789,18793,
18795,18797,18798,18801,18803,18805,18806,18807,
18808,18809,18810,18811,18812,18813,18814,18815,
18816,18817,18821,18823,18824,18825,18828,18829,
18830,18831,18832,18833,18835,18838,18842,18843,
18844,18845,18846,18849,18850,18851,18852,18854,
18856,18858,18859,18860,18862,18863,18865,18866,
18867,18868,18870,18871,18872,18876,18877,18878,
18880,18881,18883,18885,18887,18889,18891,18893,
18894,18895,18896,18900,18903,18906,18909,18911,
18912,18913,18916,18917,18918,18919,18920,18922,
18924,18925,18926,18927,18928,18931,18932,18934,
18935,18936,18937,18938,18939,18942,18943,18945,
18947,18948,18949,18951,18952,18953,18954,18955,
18957,18958,18960,18961,18963,18964,18965,18966,
18968,18969,18970,18972,18975,18977,18980,18981,
18982,18985,18986,18987,18988,18989,18990,18991,
18995,18999,19000,19002,19003,19004,19005,19006,
19007,19009,19010,19012,19013,19016,19018,19021,
19023,19025,19026,19027,19028,19030,19031,19033,
19035,19036,19038,19039,19040,19041,19042,19043,
19044,19045,19046,19049,19050,19051,19052,19059,
19060,19061,19063,19074,19075,19076,19077,19078,
19079,19080,19082,19083,19084,19085,19086,19087,
19088,19089,19090,19091,19092,19093,19094,19096,
19098,19101,19102,19103,19104,19106,19108,19109,
19110,19114,19115,19117,19118,19119,19120,19121,
19122,19123,19124,19126,19127,19130,19132,19133,
19136,19137,19141,19143,19145,19147,19149,19150,
19151,19152,19153,19155,19156,19157,19158,19161,
19162,19164,19165,19166,19168,19169,19170,19172,
19174,19178,19182,19183,19184,19185,19186,19187,
19189,19190,19191,19192,19193,19194,19195,19196,
19197,19199,19200,19205,19206,19208,19209,19210,
19211,19212,19214,19216,19218,19219,19221,19222,
19226,19227,19229,19230,19231,19232,19234,19238,
19240,19241,19242,19243,19251,19252,19253,19254,
19255,19258,19260,19261,19263,19264,19265,19266,
19268,19269,19270,19271,19272,19273,19274,19275,
19276,19277,19278,19279,19281,19282,19283,19284,
19285,19286,19287,19288,19289,19292,19293,19294,
19298,19300,19301,19302,19309,19310,19312,19313,
19314,19316,19318,19320,19321,19322,19323,19324,
19325,19326,19328,19329,19330,19332,19333,19335,
19336,19337,19341,19345,19349,19351,19352,19357,
19358,19359,19360,19362,19363,19364,19366,19367,
19368,19369,19370,19371,19372,19373,19374,19375,
19377,19378,19381,19382,19383,19384,19385,19386,
19387,19388,19389,19390,19391,19392,19393,19394,
19395,19396,19400,19401,19402,19404,19405,19406,
19407,19408,19410,19411,19412,19413,19414,19415,
19416,19417,19418,19419,19420,19422,19425,19427,
19429,19430,19431,19432,19434,19435,19436,19437,
19438,19440,19441,19444,19445,19446,19450,19451,
19454,19455,19456,19457,19458,19459,19460,19461,
19462,19463,19469,19470,19471,19472,19473,19474,
19475,19478,19479,19483,19484,19487,19489,19490,
19491,19492,19493,19502,19503,19504,19505,19508,
19511,19512,19513,19516,19517,19518,19519,19521,
19524,19526,19527,19529,19532,19533,19534,19535,
19536,19538,19541,19542,19546,19547,19550,19552,
19553,19554,19555,19558,19559,19560,19563,19564,
19565,19566,19567,19569,19570,19572,19573,19574,
19575,19576,19577,19578,19579,19582,19584,19586,
19588,19589,19590,19591,19592,19595,19597,19599,
19600,19601,19603,19604,19605,19606,19607,19609,
19610,19611,19612,19613,19615,19617,19618,19621,
19622,19624,19626,19627,19630,19631,19632,19633,
19634,19635,19636,19639,19640,19644,19649,19652,
19654,19656,19657,19661,19662,19663,19664,19665,
19666,19667,19671,19672,19673,19676,19677,19679,
19680,19681,19682,19684,19687,19688,19692,19695,
19696,19698,19701,19703,19704,19705,19706,19708,
19709,19710,19711,19715,19716,19717,19718,19719,
19720,19723,19725,19727,19728,19730,19731,19732,
19733,19734,19735,19736,19737,19746,19747,19750,
19751,19752,19754,19755,19756,19757,19758,19759,
19760,19761,19763,19765,19766,19767,19768,19772,
19775,19776,19780,19789,19792,19794,19795,19797,
19798,19799,19800,19802,19803,19804,19805,19816,
19821,19822,19824,19825,19826,19829,19832,19833,
19834,19838,19839,19842,19845,19854,19856,19857,
19858,19859,19861,19863,19864,19866,19868,19869,
19873,19874,19875,19877,19878,19880,19881,19882,
19883,19884,19885,19886,19887,19888,19889,19890,
19892,19895,19897,19898,19901,19903,19904,19905,
19907,19909,19912,19913,19915,19916,19918,19921,
19922,19924,19925,19926,19927,19929,19930,19932,
19934,19935,19938,19941,19943,19944,19945,19947,
19948,19949,19950,19951,19952,19953,19956,19959,
19960,19962,19965,19966,19968,19969,19970,19972,
19975,19976,19978,19979,19981,19984,19986,19988,
19989,19990,19992,19994,19995,19999,20000,20002,
20006,20007,20008,20010,20011,20013,20014,20017,
20018,20020,20022,20025,20026,20028,20029,20030,
20036,20037,20038,20039,20040,20041,20042,20043,
20044,20046,20049,20051,20054,20055,20056,20057,
20058,20062,20063,20066,20068,20072,20073,20074,
20077,20078,20081,20082,20083,20084,20086,20089,
20091,20092,20095,20096,20098,20100,20101,20102,
20103,20105,20106,20108,20109,20110,20111,20112,
20114,20115,20116,20117,20118,20119,20120,20121,
20122,20124,20125,20126,20127,20128,20129,20130,
20133,20134,20136,20137,20139,20140,20141,20143,
20144,20146,20148,20150,20151,20152,20156,20157,
20159,20160,20164,20167,20168,20171,20172,20174,
20177,20178,20180,20183,20184,20185,20189,20191,
20192,20195,20196,20198,20199