5e+006 5e+006 500000 5e+006 500000 5e+006 500000 5e+006 
500000 5e+006 5e+006 5e+006 5e+006 500000 5e+006 5e+006 
5e+006 5e+006 5e+006 5e+006 5e+006 5e+006 5e+006 5e+006 
5e+006 5e+006 500000 500000 5e+006 500000 5e+006 5e+006 
5e+006 5e+006 500000 5e+006 500000 5e+006 500000 500000 
5e+006 500000 5e+006 500000 500000 5e+006 5e+006 5e+006 
500000 5e+006 500000 500000 5e+006 5e+006 500000 5e+006 
5e+006 500000 5e+006 5e+006 5e+006 5e+006 500000 500000 
5e+006 500000 5e+006 5e+006 5e+006 5e+006 500000 5e+006 
500000 500000 500000 5e+006 5e+006 5e+006 500000 5e+006 
500000 500000 5e+006 5e+006 500000 500000 500000 5e+006 
5e+006 500000 500000 500000 5e+006 5e+006 5e+006 5e+006 
5e+006 500000 500000 5e+006 500000 5e+006 500000 5e+006 
5e+006 5e+006 5e+006 5e+006 5e+006 5e+006 500000 500000 
5e+006 5e+006 500000 5e+006 5e+006 500000 5e+006 5e+006 
500000 5e+006 5e+006 5e+006 5e+006 500000 5e+006 500000 
5e+006 500000 500000 5e+006 500000 5e+006 5e+006 5e+006 
5e+006 500000 500000 500000 5e+006 5e+006 5e+006 5e+006 
500000 5e+006 500000 5e+006 5e+006 5e+006 500000 5e+006 
5e+006 5e+006 5e+006 5e+006 5e+006 5e+006 5e+006 5e+006 
500000 500000 5e+006 500000 5e+006 5e+006 500000 5e+006 
5e+006 5e+006 500000 5e+006 500000 5e+006 500000 5e+006 
5e+006 5e+006 5e+006 5e+006 5e+006 5e+006 5e+006 5e+006 
500000 5e+006 500000 5e+006 500000 5e+006 5e+006 5e+006 
5e+006 5e+006 5e+006 5e+006 5e+006 5e+006 5e+006 5e+006 
5e+006 5e+006 5e+006 5e+006 500000 500000 5e+006 500000 
5e+006 5e+006 500000 500000 500000 5e+006 5e+006 5e+006 
5e+006 5e+006 5e+006 500000 5e+006 5e+006 5e+006 5e+006 
5e+006 5e+006 5e+006 5e+006 5e+006 5e+006 5e+006 500000 
5e+006 5e+006 500000 5e+006 500000 5e+006 500000 5e+006 
5e+006 500000 5e+006 500000 5e+006 5e+006 5e+006 5e+006 
500000 5e+006 5e+006 5e+006 5e+006 5e+006 5e+006 500000 
5e+006 5e+006 5e+006 5e+006 5e+006 500000 5e+006 500000 
5e+006 5e+006 500000 5e+006 500000 5e+006 5e+006 500000 
500000 5e+006 5e+006 500000 5e+006 5e+006 500000 5e+006 
5e+006 5e+006 500000 5e+006 5e+006 500000 5e+006 5e+006 
500000 5e+006 5e+006 5e+006 5e+006 5e+006 5e+006 500000 
5e+006 5e+006 5e+006 500000 5e+006 500000 5e+006 5e+006 
5e+006 5e+006 500000 5e+006 5e+006 5e+006 5e+006 500000 
5e+006 500000 5e+006 500000 500000 500000 500000 5e+006 
5e+006 5e+006 5e+006 5e+006 5e+006 5e+006 500000 5e+006 
5e+006 5e+006 5e+006 5e+006 5e+006 500000 5e+006 5e+006 
5e+006 5e+006 5e+006 500000 5e+006 5e+006 5e+006 500000 
5e+006 5e+006 500000 5e+006 5e+006 500000 5e+006 5e+006 
5e+006 5e+006 5e+006 5e+006 500000 5e+006 5e+006 5e+006 
5e+006 500000 5e+006 5e+006 5e+006 5e+006 5e+006 500000 
500000 5e+006 5e+006 5e+006 5e+006 5e+006 5e+006 5e+006 
5e+006 5e+006 5e+006 5e+006 5e+006 5e+006 500000 5e+006 
500000 5e+006 5e+006 5e+006 500000 5e+006 500000 5e+006 
5e+006 5e+006 5e+006 5e+006 5e+006 500000 5e+006 500000 
500000 5e+006 500000 500000 5e+006 500000 5e+006 5e+006 
5e+006 5e+006 5e+006 500000 500000 5e+006 5e+006 500000 
5e+006 5e+006 5e+006 5e+006 5e+006 5e+006 5e+006 5e+006 
500000 5e+006 500000 5e+006 5e+006 5e+006 5e+006 500000 
5e+006 5e+006 5e+006 500000 5e+006 5e+006 5e+006 5e+006 
5e+006 5e+006 5e+006 5e+006 500000 5e+006 500000 500000 
500000 5e+006 5e+006 5e+006 5e+006 5e+006 500000 5e+006 
5e+006 5e+006 5e+006 5e+006 5e+006 5e+006 500000 5e+006 
5e+006 5e+006 5e+006 500000 500000 5e+006 5e+006 5e+006 
5e+006 5e+006 500000 500000 5e+006 5e+006 5e+006 5e+006 
5e+006 5e+006 5e+006 5e+006 5e+006 5e+006 5e+006 5e+006 
5e+006 5e+006 5e+006 5e+006 5e+006 500000 5e+006 5e+006 
5e+006 5e+006 5e+006 500000 5e+006 5e+006 5e+006 5e+006 
5e+006 5e+006 500000 500000 5e+006 500000 5e+006 5e+006 
5e+006 5e+006 5e+006 5e+006 5e+006 5e+006 5e+006 500000 
500000 5e+006 5e+006 500000 500000 5e+006 500000 5e+006 
5e+006 500000 5e+006 5e+006 5e+006 5e+006 5e+006 500000 
5e+006 5e+006 5e+006 5e+006 5e+006 5e+006 500000 5e+006 
500000 5e+006 5e+006 5e+006 5e+006 5e+006 500000 5e+006 
5e+006 5e+006 5e+006 5e+006 5e+006 500000 5e+006 5e+006 
5e+006 5e+006 5e+006 5e+006 5e+006 5e+006 5e+006 500000 
5e+006 5e+006 500000 5e+006 5e+006 500000 500000 500000 
5e+006 500000 5e+006 500000 500000 5e+006 5e+006 5e+006 
500000 5e+006 500000 5e+006 500000 500000 500000 500000 
5e+006 5e+006 5e+006 5e+006 5e+006 5e+006 500000 5e+006 
5e+006 500000 500000 5e+006 500000 5e+006 500000 5e+006 
500000 5e+006 500000 5e+006 5e+006 500000 500000 500000 
5e+006 5e+006 500000 5e+006 500000 500000 500000 5e+006 
500000 500000 5e+006 5e+006 5e+006 5e+006 5e+006 5e+006 
500000 5e+006 500000 500000 5e+006 500000 5e+006 5e+006 
5e+006 500000 5e+006 500000 5e+006 5e+006 500000 5e+006 
500000 500000 5e+006 5e+006 500000 500000 5e+006 500000 
500000 500000 500000 500000 5e+006 500000 5e+006 5e+006 
500000 500000 5e+006 5e+006 5e+006 5e+006 500000 5e+006 
5e+006 500000 500000 5e+006 5e+006 5e+006 500000 5e+006 
500000 500000 500000 5e+006 500000 5e+006 5e+006 500000 
500000 500000 5e+006 5e+006 500000 500000 500000 5e+006 
500000 5e+006 500000 5e+006 500000 500000 500000 500000 
5e+006 500000 5e+006 5e+006 5e+006 5e+006 500000 500000 
5e+006 500000 500000 5e+006 500000 5e+006 500000 500000 
500000 500000 5e+006 5e+006 500000 500000 5e+006 500000 
5e+006 5e+006 500000 5e+006 5e+006 500000 5e+006 5e+006 
5e+006 500000 5e+006 5e+006 5e+006 5e+006 500000 5e+006 
5e+006 5e+006 5e+006 500000 5e+006 5e+006 5e+006 5e+006 
5e+006 5e+006 5e+006 500000 5e+006 500000 5e+006 500000 
5e+006 500000 500000 500000 5e+006 500000 5e+006 5e+006 
500000 500000 5e+006 500000 500000 5e+006 500000 500000 
500000 500000 500000 5e+006 500000 5e+006 5e+006 5e+006 
5e+006 500000 5e+006 5e+006 5e+006 5e+006 5e+006 5e+006 
5e+006 5e+006 500000 5e+006 5e+006 5e+006 5e+006 5e+006 
5e+006 500000 5e+006 5e+006 5e+006 5e+006 500000 5e+006 
5e+006 5e+006 5e+006 5e+006 5e+006 5e+006 5e+006 5e+006 
5e+006 500000 5e+006 5e+006 500000 5e+006 5e+006 5e+006 
500000 5e+006 5e+006 5e+006 5e+006 5e+006 500000 5e+006 
5e+006 5e+006 5e+006 5e+006 5e+006 5e+006 5e+006 5e+006 
5e+006 5e+006 500000 5e+006 500000 5e+006 5e+006 5e+006 
5e+006 5e+006 5e+006 5e+006 5e+006 5e+006 5e+006 500000 
5e+006 5e+006 5e+006 5e+006 5e+006 5e+006 5e+006 500000 
5e+006 500000 5e+006 500000 500000 500000 500000 5e+006 
500000 500000 500000 500000 500000 500000 500000 500000 
500000 500000 500000 500000 500000 500000 500000 500000 
5e+006 5e+006 5e+006 5e+006 5e+006 5e+006 5e+006 500000 
5e+006 5e+006 500000 5e+006 5e+006 5e+006 5e+006 5e+006 
5e+006 5e+006 500000 5e+006 5e+006 500000 5e+006 500000 
500000 500000 5e+006 500000 5e+006 500000 5e+006 5e+006 
5e+006 5e+006 500000 5e+006 5e+006 5e+006 5e+006 500000 
500000 5e+006 5e+006 500000 500000 500000 500000 5e+006 
5e+006 5e+006 5e+006 5e+006 500000 500000 5e+006 500000 
5e+006 500000 5e+006 5e+006 5e+006 5e+006 5e+006 5e+006 
500000 500000 5e+006 5e+006 5e+006 5e+006 5e+006 5e+006 
5e+006 5e+006 5e+006 5e+006 5e+006 500000 5e+006 5e+006 
500000 5e+006 5e+006 5e+006 5e+006 500000 500000 500000 
5e+006 5e+006 5e+006 5e+006 500000 500000 5e+006 500000 
5e+006 5e+006 500000 5e+006 5e+006 5e+006 5e+006 5e+006 
5e+006 5e+006 500000 500000 5e+006 500000 5e+006 5e+006 
5e+006 5e+006 5e+006 500000 5e+006 5e+006 5e+006 5e+006 
5e+006 5e+006 5e+006 500000 5e+006 5e+006 5e+006 5e+006 
500000 5e+006 500000 5e+006 5e+006 500000 5e+006 5e+006 
500000 500000 5e+006 500000 500000 500000 5e+006 5e+006 
5e+006 5e+006 5e+006 5e+006 5e+006 500000 5e+006 5e+006 
5e+006 5e+006 5e+006 5e+006 5e+006 5e+006 500000 5e+006 
5e+006 500000 5e+006 5e+006 5e+006 5e+006 5e+006 5e+006 
5e+006 5e+006 5e+006 5e+006 5e+006 500000 5e+006 5e+006 
5e+006 5e+006 5e+006 5e+006 5e+006 500000 5e+006 500000 
5e+006 5e+006 5e+006 500000 5e+006 500000 5e+006 5e+006 
5e+006 5e+006 5e+006 5e+006 5e+006 5e+006 5e+006 5e+006 
500000 5e+006 5e+006 5e+006 5e+006 500000 5e+006 500000 
500000 500000 500000 5e+006 5e+006 500000 5e+006 5e+006 
5e+006 5e+006 5e+006 5e+006 5e+006 5e+006 5e+006 5e+006 
5e+006 5e+006 5e+006 5e+006 5e+006 5e+006 500000 5e+006 
5e+006 5e+006 5e+006 500000 500000 5e+006 5e+006 5e+006 
5e+006 5e+006 5e+006 5e+006 5e+006 5e+006 500000 5e+006 
500000 500000 5e+006 500000 5e+006 5e+006 5e+006 500000 
5e+006 500000 500000 500000 5e+006 5e+006 5e+006 5e+006 
5e+006 5e+006 5e+006 5e+006 5e+006 5e+006 5e+006 5e+006 
5e+006 5e+006 5e+006 5e+006 500000 5e+006 5e+006 5e+006 
5e+006 5e+006 5e+006 5e+006 500000 5e+006 5e+006 5e+006 
5e+006 5e+006 500000 5e+006 5e+006 500000 500000 5e+006 
5e+006 5e+006 500000 5e+006 500000 5e+006 5e+006 5e+006 
500000 5e+006 5e+006 5e+006 5e+006 5e+006 5e+006 5e+006 
5e+006 5e+006 5e+006 5e+006 5e+006 5e+006 5e+006 5e+006 
5e+006 5e+006 500000 5e+006 5e+006 5e+006 5e+006 5e+006 
5e+006 5e+006 5e+006 5e+006 500000 5e+006 5e+006 500000 
500000 500000 500000 5e+006 5e+006 500000 5e+006 5e+006 
5e+006 5e+006 5e+006 5e+006 5e+006 5e+006 500000 5e+006 
5e+006 5e+006 5e+006 500000 500000 5e+006 5e+006 5e+006 
5e+006 5e+006 500000 500000 500000 5e+006 5e+006 500000 
500000 5e+006 5e+006 500000 5e+006 500000 500000 500000 
5e+006 5e+006 500000 5e+006 500000 5e+006 500000 500000 
5e+006 500000 5e+006 500000 500000 500000 500000 5e+006 
5e+006 500000 500000 500000 500000 500000 5e+006 500000 
500000 500000 500000 5e+006 500000 500000 500000 5e+006 
500000 500000 500000 500000 5e+006 5e+006 5e+006 5e+006 
5e+006 500000 500000 5e+006 5e+006 500000 500000 5e+006 
5e+006 5e+006 5e+006 500000 5e+006 500000 5e+006 5e+006 
5e+006 5e+006 5e+006 5e+006 5e+006 5e+006 5e+006 5e+006 
500000 500000 500000 5e+006 5e+006 5e+006 5e+006 5e+006 
5e+006 5e+006 500000 5e+006 5e+006 5e+006 500000 5e+006 
500000 5e+006 500000 500000 5e+006 500000 5e+006 500000 
5e+006 500000 5e+006 500000 500000 500000 5e+006 5e+006 
5e+006 5e+006 5e+006 500000 5e+006 500000 5e+006 500000 
5e+006 500000 5e+006 5e+006 5e+006 5e+006 5e+006 5e+006 
5e+006 5e+006 500000 5e+006 500000 5e+006 5e+006 5e+006 
5e+006 5e+006 5e+006 500000 5e+006 5e+006 5e+006 500000 
5e+006 5e+006 5e+006 500000 5e+006 5e+006 500000 500000 
5e+006 5e+006 500000 5e+006 500000 500000 5e+006 5e+006 
5e+006 5e+006 5e+006 5e+006 500000 5e+006 500000 5e+006 
5e+006 500000 5e+006 5e+006 5e+006 5e+006 5e+006 5e+006 
5e+006 5e+006 5e+006 5e+006 5e+006 5e+006 5e+006 5e+006 
5e+006 500000 5e+006 500000 5e+006 500000 500000 5e+006 
5e+006 5e+006 5e+006 5e+006 500000 5e+006 5e+006 500000 
500000 5e+006 500000 5e+006 5e+006 500000 5e+006 5e+006 
5e+006 5e+006 5e+006 500000 5e+006 5e+006 500000 500000 
5e+006 500000 500000 5e+006 500000 5e+006 500000 5e+006 
5e+006 5e+006 5e+006 500000 5e+006 5e+006 5e+006 5e+006 
500000 5e+006 5e+006 5e+006 500000 5e+006 500000 5e+006 
500000 5e+006 5e+006 5e+006 500000 500000 500000 5e+006 
5e+006 5e+006 500000 5e+006 500000 5e+006 500000 500000 
5e+006 5e+006 5e+006 5e+006 5e+006 5e+006 5e+006 5e+006 
500000 5e+006 500000 5e+006 500000 5e+006 5e+006 5e+006 
5e+006 5e+006 5e+006 5e+006 5e+006 5e+006 5e+006 5e+006 
5e+006 500000 5e+006 5e+006 5e+006 5e+006 5e+006 500000 
5e+006 5e+006 500000 5e+006 500000 500000 5e+006 5e+006 
500000 5e+006 5e+006 5e+006 5e+006 5e+006 5e+006 500000 
5e+006 5e+006 5e+006 5e+006 5e+006 5e+006 5e+006 500000 
5e+006 500000 5e+006 500000 500000 5e+006 500000 5e+006 
5e+006 500000 5e+006 5e+006 5e+006 5e+006 5e+006 5e+006 
5e+006 500000 5e+006 5e+006 5e+006 500000 5e+006 5e+006 
5e+006 5e+006 500000 5e+006 500000 5e+006 5e+006 5e+006 
5e+006 500000 500000 5e+006 5e+006 5e+006 5e+006 5e+006 
500000 5e+006 5e+006 5e+006 5e+006 5e+006 5e+006 500000 
500000 5e+006 500000 5e+006 500000 5e+006 5e+006 5e+006 
5e+006 5e+006 500000 500000 5e+006 5e+006 5e+006 5e+006 
500000 5e+006 5e+006 5e+006 5e+006 500000 5e+006 5e+006 
5e+006 5e+006 500000 5e+006 5e+006 5e+006 5e+006 500000 
5e+006 500000 5e+006 5e+006 5e+006 5e+006 5e+006 5e+006 
500000 5e+006 5e+006 5e+006 5e+006 5e+006 5e+006 5e+006 
5e+006 5e+006 5e+006 5e+006 5e+006 5e+006 5e+006 5e+006 
5e+006 5e+006 500000 500000 5e+006 5e+006 5e+006 5e+006 
5e+006 5e+006 5e+006 5e+006 500000 5e+006 5e+006 5e+006 
5e+006 5e+006 5e+006 5e+006 5e+006 5e+006 5e+006 5e+006 
5e+006 5e+006 500000 5e+006 500000 5e+006 5e+006 5e+006 
5e+006 500000 500000 5e+006 5e+006 5e+006 500000 5e+006 
5e+006 500000 5e+006 500000 500000 500000 500000 500000 
5e+006 5e+006 5e+006 5e+006 5e+006 5e+006 5e+006 5e+006 
5e+006 5e+006 5e+006 5e+006 500000 5e+006 5e+006 500000 
5e+006 500000 500000 5e+006 5e+006 5e+006 5e+006 5e+006 
5e+006 500000 500000 5e+006 500000 500000 5e+006 5e+006 
5e+006 500000 5e+006 5e+006 500000 500000 5e+006 5e+006 
5e+006 5e+006 500000 5e+006 5e+006 5e+006 5e+006 500000 
5e+006 5e+006 5e+006 5e+006 500000 500000 5e+006 500000 
5e+006 5e+006 5e+006 500000 5e+006 500000 5e+006 5e+006 
5e+006 5e+006 5e+006 500000 5e+006 500000 5e+006 5e+006 
500000 500000 5e+006 500000 500000 500000 500000 5e+006 
5e+006 5e+006 5e+006 5e+006 5e+006 5e+006 500000 5e+006 
5e+006 5e+006 5e+006 500000 500000 5e+006 5e+006 5e+006 
5e+006 500000 5e+006 5e+006 5e+006 500000 500000 5e+006 
5e+006 500000 5e+006 5e+006 5e+006 5e+006 5e+006 500000 
5e+006 500000 5e+006 500000 5e+006 5e+006 5e+006 5e+006 
5e+006 5e+006 5e+006 5e+006 500000 5e+006 5e+006 5e+006 
5e+006 5e+006 5e+006 5e+006 500000 500000 500000 5e+006 
5e+006 5e+006 5e+006 5e+006 500000 5e+006 5e+006 5e+006 
500000 500000 5e+006 5e+006 5e+006 5e+006 500000 5e+006 
500000 5e+006 5e+006 5e+006 5e+006 5e+006 500000 5e+006 
5e+006 5e+006 5e+006 5e+006 5e+006 5e+006 500000 500000 
5e+006 500000 5e+006 5e+006 5e+006 5e+006 5e+006 500000 
5e+006 5e+006 5e+006 5e+006 5e+006 5e+006 5e+006 500000 
500000 5e+006 5e+006 5e+006 500000 5e+006 5e+006 5e+006 
500000 5e+006 5e+006 500000 5e+006 500000 5e+006 500000 
5e+006 5e+006 5e+006 500000 5e+006 500000 5e+006 5e+006 
500000 500000 500000 5e+006 5e+006 5e+006 5e+006 5e+006 
500000 5e+006 5e+006 5e+006 500000 5e+006 5e+006 5e+006 
5e+006 5e+006 500000 500000 5e+006 5e+006 5e+006 5e+006 
500000 5e+006 5e+006 5e+006 5e+006 5e+006 5e+006 5e+006 
500000 5e+006 5e+006 5e+006 5e+006 5e+006 5e+006 500000 
5e+006 5e+006 5e+006 5e+006 5e+006 500000 5e+006 5e+006 
5e+006 5e+006 5e+006 5e+006 5e+006 5e+006 5e+006 500000 
5e+006 5e+006 5e+006 5e+006 500000 5e+006 5e+006 5e+006 
5e+006 5e+006 5e+006 5e+006 5e+006 500000 5e+006 5e+006 
500000 5e+006 500000 500000 500000 5e+006 500000 5e+006 
5e+006 5e+006 5e+006 5e+006 5e+006 5e+006 5e+006 500000 
500000 500000 500000 5e+006 5e+006 5e+006 5e+006 5e+006 
5e+006 5e+006 5e+006 5e+006 5e+006 5e+006 500000 5e+006 
5e+006 5e+006 5e+006 5e+006 5e+006 5e+006 500000 5e+006 
5e+006 5e+006 500000 5e+006 500000 5e+006 500000 500000 
500000 500000 5e+006 5e+006 500000 5e+006 5e+006 5e+006 
500000 5e+006 5e+006 500000 500000 5e+006 5e+006 5e+006 
5e+006 5e+006 5e+006 5e+006 500000 5e+006 5e+006 500000 
500000 500000 5e+006 500000 500000 5e+006 500000 500000 
500000 500000 500000 500000 5e+006 5e+006 500000 5e+006 
500000 5e+006 5e+006 5e+006 5e+006 5e+006 500000 500000 
500000 500000 500000 5e+006 5e+006 5e+006 5e+006 5e+006 
5e+006 500000 5e+006 500000 500000 500000 5e+006 500000 
500000 500000 5e+006 500000 500000 5e+006 5e+006 5e+006 
5e+006 5e+006 500000 5e+006 5e+006 5e+006 5e+006 5e+006 
500000 5e+006 5e+006 5e+006 500000 500000 5e+006 500000 
5e+006 500000 500000 5e+006 5e+006 500000 5e+006 5e+006 
5e+006 5e+006 5e+006 5e+006 5e+006 5e+006 5e+006 500000 
500000 5e+006 5e+006 500000 5e+006 500000 5e+006 500000 
5e+006 500000 5e+006 5e+006 5e+006 500000 500000 5e+006 
500000 5e+006 500000 5e+006 5e+006 5e+006 500000 5e+006 
5e+006 5e+006 5e+006 5e+006 500000 500000 5e+006 500000 
500000 5e+006 500000 5e+006 5e+006 5e+006 5e+006 5e+006 
5e+006 500000 500000 500000 5e+006 5e+006 5e+006 5e+006 
5e+006 5e+006 5e+006 5e+006 500000 5e+006 5e+006 5e+006 
5e+006 500000 500000 5e+006 5e+006 500000 5e+006 5e+006 
5e+006 5e+006 5e+006 5e+006 5e+006 500000 5e+006 5e+006 
5e+006 5e+006 5e+006 5e+006 500000 5e+006 500000 5e+006 
500000 5e+006 5e+006 500000 5e+006 5e+006 500000 5e+006 
500000 5e+006 5e+006 5e+006 5e+006 5e+006 5e+006 5e+006 
5e+006 5e+006 5e+006 5e+006 500000 5e+006 5e+006 500000 
5e+006 5e+006 5e+006 5e+006 5e+006 500000 500000 5e+006 
5e+006 500000 5e+006 5e+006 500000 500000 5e+006 500000 
500000 500000 500000 500000 500000 5e+006 5e+006 5e+006 
5e+006 5e+006 500000 500000 500000 500000 5e+006 5e+006 
5e+006 500000 5e+006 5e+006 500000 500000 500000 5e+006 
500000 5e+006 5e+006 5e+006 5e+006 5e+006 5e+006 5e+006 
5e+006 5e+006 5e+006 5e+006 500000 5e+006 5e+006 5e+006 
5e+006 500000 5e+006 500000 5e+006 5e+006 5e+006 500000 
500000 5e+006 500000 5e+006 5e+006 5e+006 500000 500000 
500000 5e+006 5e+006 5e+006 5e+006 5e+006 5e+006 5e+006 
5e+006 5e+006 500000 500000 500000 5e+006 500000 500000 
500000 500000 5e+006 5e+006 5e+006 5e+006 5e+006 5e+006 
500000 500000 500000 500000 5e+006 5e+006 5e+006 5e+006 
500000 5e+006 500000 500000 5e+006 5e+006 5e+006 5e+006 
5e+006 5e+006 500000 500000 500000 500000 5e+006 500000 
5e+006 5e+006 500000 5e+006 5e+006 5e+006 5e+006 5e+006 
5e+006 5e+006 5e+006 5e+006 500000 500000 500000 500000 
500000 500000 5e+006 5e+006 500000 500000 500000 500000 
500000 500000 500000 500000 500000 500000 500000 500000 
500000 500000 500000 500000 500000 5e+006 500000 500000 
5e+006 5e+006 500000 5e+006 5e+006 5e+006 5e+006 5e+006 
5e+006 5e+006 5e+006 5e+006 500000 5e+006 5e+006 5e+006 
5e+006 5e+006 500000 5e+006 5e+006 5e+006 5e+006 500000 
5e+006 5e+006 5e+006 500000 5e+006 5e+006 500000 5e+006 
5e+006 5e+006 5e+006 5e+006 5e+006 500000 5e+006 5e+006 
5e+006 5e+006 5e+006 5e+006 5e+006 500000 500000 5e+006 
5e+006 5e+006 5e+006 5e+006 5e+006 5e+006 5e+006 5e+006 
5e+006 5e+006 5e+006 5e+006 5e+006 5e+006 5e+006 5e+006 
5e+006 5e+006 5e+006 5e+006 500000 500000 500000 5e+006 
500000 500000 5e+006 5e+006 5e+006 5e+006 5e+006 5e+006 
500000 5e+006 500000 5e+006 5e+006 500000 5e+006 5e+006 
5e+006 5e+006 5e+006 5e+006 5e+006 500000 500000 5e+006 
500000 5e+006 500000 5e+006 5e+006 500000 500000 500000 
500000 5e+006 500000 5e+006 500000 5e+006 5e+006 5e+006 
5e+006 500000 5e+006 500000 5e+006 5e+006 5e+006 5e+006 
500000 500000 5e+006 5e+006 5e+006 5e+006 500000 5e+006 
5e+006 5e+006 5e+006 5e+006 5e+006 500000 5e+006 5e+006 
5e+006 500000 500000 5e+006 5e+006 5e+006 5e+006 5e+006 
500000 5e+006 5e+006 5e+006 5e+006 500000 5e+006 5e+006 
5e+006 5e+006 5e+006 5e+006 5e+006 500000 5e+006 500000 
500000 500000 5e+006 5e+006 5e+006 500000 5e+006 5e+006 
5e+006 5e+006 5e+006 500000 500000 500000 500000 5e+006 
500000 5e+006 500000 5e+006 5e+006 5e+006 5e+006 5e+006 
5e+006 5e+006 5e+006 5e+006 5e+006 500000 5e+006 5e+006 
500000 5e+006 5e+006 5e+006 500000 5e+006 5e+006 500000 
5e+006 5e+006 5e+006 5e+006 500000 5e+006 5e+006 5e+006 
500000 5e+006 500000 5e+006 5e+006 5e+006 5e+006 500000 
5e+006 5e+006 5e+006 500000 500000 500000 5e+006 5e+006 
5e+006 5e+006 5e+006 5e+006 5e+006 5e+006 5e+006 5e+006 
5e+006 5e+006 500000 5e+006 5e+006 5e+006 5e+006 5e+006 
5e+006 5e+006 5e+006 5e+006 5e+006 500000 5e+006 500000 
5e+006 500000 500000 500000 500000 500000 500000 500000 
500000 5e+006 5e+006 500000 5e+006 5e+006 500000 5e+006 
5e+006 500000 500000 5e+006 5e+006 5e+006 5e+006 500000 
500000 500000 500000 500000 500000 5e+006 5e+006 500000 
500000 5e+006 5e+006 500000 500000 5e+006 5e+006 5e+006 
5e+006 5e+006 500000 500000 500000 500000 500000 5e+006 
5e+006 5e+006 5e+006 5e+006 5e+006 500000 5e+006 5e+006 
5e+006 5e+006 5e+006 500000 500000 500000 5e+006 5e+006 
500000 5e+006 5e+006 5e+006 5e+006 500000 5e+006 500000 
5e+006 5e+006 5e+006 5e+006 5e+006 5e+006 5e+006 5e+006 
5e+006 5e+006 500000 5e+006 5e+006 5e+006 5e+006 5e+006 
5e+006 5e+006 500000 500000 500000 500000 500000 5e+006 
5e+006 5e+006 5e+006 5e+006 5e+006 5e+006 5e+006 5e+006 
5e+006 5e+006 500000 5e+006 5e+006 5e+006 500000 500000 
500000 5e+006 5e+006 500000 5e+006 500000 5e+006 500000 
5e+006 5e+006 5e+006 5e+006 5e+006 5e+006 5e+006 500000 
5e+006 5e+006 5e+006 5e+006 5e+006 5e+006 5e+006 5e+006 
5e+006 5e+006 5e+006 5e+006 5e+006 5e+006 500000 5e+006 
5e+006 500000 5e+006 5e+006 5e+006 5e+006 5e+006 5e+006 
5e+006 5e+006 500000 5e+006 500000 5e+006 5e+006 5e+006 
500000 500000 5e+006 500000 5e+006 5e+006 5e+006 5e+006 
500000 5e+006 500000 500000 500000 5e+006 5e+006 5e+006 
500000 5e+006 5e+006 5e+006 500000 500000 5e+006 5e+006 
5e+006 5e+006 500000 5e+006 5e+006 500000 5e+006 5e+006 
5e+006 5e+006 500000 5e+006 500000 5e+006 500000 500000 
5e+006 5e+006 5e+006 500000 500000 5e+006 5e+006 5e+006 
500000 5e+006 500000 5e+006 5e+006 5e+006 5e+006 5e+006 
500000 500000 5e+006 500000 5e+006 500000 5e+006 5e+006 
500000 5e+006 5e+006 5e+006 5e+006 5e+006 500000 5e+006 
500000 5e+006 5e+006 5e+006 5e+006 5e+006 500000 5e+006 
5e+006 500000 5e+006 5e+006 5e+006 500000 5e+006 5e+006 
500000 5e+006 5e+006 5e+006 5e+006 500000 500000 5e+006 
500000 5e+006 5e+006 5e+006 5e+006 5e+006 5e+006 500000 
5e+006 500000 500000 500000 500000 500000 5e+006 5e+006 
5e+006 5e+006 5e+006 5e+006 5e+006 5e+006 5e+006 500000 
5e+006 5e+006 500000 5e+006 5e+006 500000 500000 5e+006 
5e+006 500000 5e+006 5e+006 500000 500000 500000 500000 
5e+006 500000 5e+006 5e+006 5e+006 500000 500000 500000 
5e+006 500000 500000 5e+006 5e+006 5e+006 500000 5e+006 
500000 5e+006 5e+006 500000 5e+006 500000 5e+006 5e+006 
500000 500000 5e+006 5e+006 5e+006 5e+006 5e+006 5e+006 
5e+006 5e+006 5e+006 500000 5e+006 5e+006 500000 5e+006 
500000 5e+006 5e+006 500000 500000 500000 500000 5e+006 
5e+006 5e+006 5e+006 5e+006 5e+006 5e+006 5e+006 500000 
500000 500000 5e+006 5e+006 5e+006 5e+006 5e+006 5e+006 
5e+006 5e+006 5e+006 500000 500000 5e+006 5e+006 500000 
5e+006 5e+006 5e+006 5e+006 500000 5e+006 5e+006 500000 
5e+006 5e+006 500000 5e+006 5e+006 5e+006 500000 500000 
500000 5e+006 5e+006 5e+006 500000 5e+006 500000 5e+006 
5e+006 500000 500000 500000 5e+006 500000 5e+006 5e+006 
5e+006 5e+006 5e+006 500000 500000 500000 500000 500000 
5e+006 5e+006 5e+006 5e+006 500000 500000 5e+006 5e+006 
500000 500000 5e+006 500000 5e+006 5e+006 5e+006 5e+006 
5e+006 500000 5e+006 5e+006 5e+006 5e+006 5e+006 500000 
500000 5e+006 5e+006 5e+006 500000 500000 5e+006 5e+006 
5e+006 5e+006 5e+006 5e+006 5e+006 5e+006 5e+006 500000 
500000 5e+006 5e+006 5e+006 5e+006 5e+006 5e+006 5e+006 
5e+006 500000 500000 5e+006 500000 5e+006 5e+006 5e+006 
500000 5e+006 5e+006 500000 5e+006 500000 500000 500000 
500000 500000 500000 500000 500000 500000 500000 5e+006 
500000 500000 500000 500000 5e+006 5e+006 500000 500000 
500000 500000 500000 500000 500000 500000 5e+006 500000 
5e+006 5e+006 5e+006 5e+006 5e+006 500000 5e+006 500000 
5e+006 5e+006 500000 5e+006 5e+006 5e+006 500000 500000 
5e+006 5e+006 5e+006 5e+006 500000 5e+006 500000 5e+006 
5e+006 500000 5e+006 5e+006 5e+006 5e+006 5e+006 5e+006 
5e+006 5e+006 500000 5e+006 5e+006 500000 500000 5e+006 
5e+006 500000 5e+006 5e+006 500000 5e+006 5e+006 500000 
5e+006 5e+006 5e+006 5e+006 5e+006 5e+006 5e+006 5e+006 
5e+006 5e+006 5e+006 5e+006 5e+006 5e+006 5e+006 5e+006 
5e+006 5e+006 5e+006 5e+006 5e+006 5e+006 5e+006 500000 
5e+006 5e+006 5e+006 5e+006 5e+006 5e+006 5e+006 5e+006 
500000 5e+006 5e+006 5e+006 5e+006 5e+006 5e+006 5e+006 
5e+006 5e+006 500000 5e+006 5e+006 500000 5e+006 5e+006 
5e+006 5e+006 5e+006 500000 5e+006 5e+006 500000 5e+006 
500000 5e+006 5e+006 5e+006 5e+006 5e+006 5e+006 5e+006 
5e+006 500000 500000 5e+006 5e+006 500000 5e+006 5e+006 
5e+006 5e+006 5e+006 500000 5e+006 500000 5e+006 5e+006 
5e+006 5e+006 500000 5e+006 5e+006 5e+006 500000 5e+006 
5e+006 5e+006 5e+006 5e+006 5e+006 5e+006 500000 5e+006 
5e+006 500000 5e+006 500000 5e+006 500000 5e+006 5e+006 
5e+006 5e+006 500000 5e+006 5e+006 5e+006 5e+006 500000 
5e+006 5e+006 5e+006 5e+006 500000 500000 500000 500000 
5e+006 500000 5e+006 500000 5e+006 5e+006 5e+006 5e+006 
5e+006 5e+006 5e+006 5e+006 5e+006 5e+006 5e+006 5e+006 
500000 5e+006 500000 500000 5e+006 5e+006 500000 5e+006 
5e+006 5e+006 5e+006 5e+006 5e+006 5e+006 500000 500000 
5e+006 5e+006 500000 5e+006 500000 500000 5e+006 5e+006 
500000 500000 5e+006 500000 500000 500000 5e+006 500000 
500000 500000 500000 500000 500000 500000 5e+006 500000 
5e+006 500000 5e+006 5e+006 5e+006 500000 5e+006 5e+006 
5e+006 5e+006 500000 5e+006 500000 5e+006 5e+006 500000 
5e+006 5e+006 5e+006 500000 5e+006 5e+006 500000 500000 
5e+006 5e+006 5e+006 5e+006 500000 500000 5e+006 500000 
5e+006 500000 500000 5e+006 500000 5e+006 5e+006 5e+006 
5e+006 5e+006 5e+006 5e+006 5e+006 5e+006 5e+006 5e+006 
5e+006 5e+006 500000 500000 500000 500000 500000 5e+006 
500000 5e+006 5e+006 5e+006 5e+006 5e+006 5e+006 5e+006 
500000 500000 5e+006 500000 5e+006 5e+006 5e+006 5e+006 
5e+006 5e+006 5e+006 5e+006 500000 5e+006 5e+006 5e+006 
5e+006 500000 5e+006 500000 5e+006 500000 500000 500000 
500000 500000 500000 500000 500000 500000 500000 500000 
500000 500000 500000 5e+006 5e+006 500000 5e+006 5e+006 
5e+006 5e+006 5e+006 500000 5e+006 5e+006 5e+006 5e+006 
5e+006 5e+006 5e+006 5e+006 5e+006 5e+006 5e+006 500000 
500000 5e+006 5e+006 5e+006 5e+006 5e+006 5e+006 5e+006 
5e+006 500000 5e+006 5e+006 5e+006 500000 500000 500000 
500000 5e+006 5e+006 5e+006 500000 5e+006 5e+006 500000 
5e+006 5e+006 5e+006 5e+006 5e+006 5e+006 5e+006 5e+006 
5e+006 5e+006 500000 500000 5e+006 5e+006 5e+006 5e+006 
5e+006 5e+006 5e+006 5e+006 5e+006 5e+006 5e+006 500000 
5e+006 5e+006 5e+006 5e+006 5e+006 500000 5e+006 5e+006 
5e+006 500000 500000 5e+006 5e+006 500000 500000 5e+006 
500000 5e+006 5e+006 5e+006 5e+006 5e+006 5e+006 5e+006 
500000 5e+006 5e+006 500000 5e+006 500000 5e+006 5e+006 
5e+006 5e+006