529,530,531,532,533,534,535,536,
537,538,539,540,541,542,543,544,
545,546,547,548,549,550,551,552,
553,554,555,556,557,558,559,560,
561,562,563,564,565,566,567,568,
569,570,571,572,573,574,575,576,
577,578,579,580,581,582,583,584,
585,586,587,588,589,590,591,592,
593,594,595,596,597,598,599,600,
601,602,603,604,605,606,607,608,
609,610,611,612,613,614,615,616,
617,618,619,620,621,622,623,624,
625,626,627,628,629,630,631,632,
633,634,635,636,637,638,639,640,
641,642,643,644,645,646,647,648,
649,650,651,652,653,654,655,656,
657,658,659,660,661,662,663,664,
665,666,667,668,669,670,671,672,
673,674,675,676,677,678,679,680,
681,682,683,684,685,686,687,688,
689,690,691,692,693,694,695,696,
697,698,699,700,701,702,703,704,
705,706,707,708,709,710,711,712,
713,714,715,716,717,718,719,720,
721,722,723,724,725,726,727,728,
729,730,731,732,733,734,735,736,
737,738,739,740,741,742,743,744,
745,746,747,748,749,750,751,752,
753,754,755,756,757,758,759,760,
761,762,763,764,765,766,767,768,
769,770,771,772,773,774,775,776,
777,778,779,780,781,782,783,784,
785,786,787,788,789,790,791,792,
793,794,795,796,797,798,799,800,
801,802,803,804,805,806,807,808,
809,810,811,812,813,814,815,816,
817,818,819,820,821,822,823,824,
825,826,827,828,829,830,831,832,
833,834,835,836,837,838,839,840,
841,842,843,844,845,846,847,848,
849,850,851,852,853,854,855,856,
857,858,859,860,861,862,863,864,
865,866,867,868,869,870,871,872,
873,874,875,876,877,878,879,880,
881,882,883,884,885,886,887,888,
889,890,891,892,893,894,895,896,
897,898,899,900,901,902,903,904,
905,906,907,908,909,910,911,912,
913,914,915,916,917,918,919,920,
921,922,923,924,925,926,927,928,
929,930,931,932,933,934,935,936,
937,938,939,940,941,942,943,944,
945,946,947,948,949,950,951,952,
953,954,955,956,957,958,959,960,
961,962,963,964,965,966,967,968,
969,970,971,972,973,974,975,976,
977,978,979,980,981,982,983,984,
985,986,987,988,989,990,991,992,
993,994,995,996,997,998,999,1000,
1001,1002,1003,1004,1005,1006,1007,1008,
1009,1010,1011,1012,1013,1014,1015,1016,
1017,1018,1019,1020,1021,1022,1023,1024,
1025,1026,1027,1028,1029,1030,1031,1032,
1033,1034,1035,1036,1037,1038,1039,1040,
1041,1042,1043,1044,1045,1046,1047,1048,
1049,1050,1051,1052,1053,1054,1055,1056,
1057,1058,1059,1060,1061,1062,1063,1064,
1065,1066,1067,1068,1069,1070,1071,1072,
1073,1074,1075,1076,1077,1078,1079,1080,
1081,1082,1083,1084,1085,1086,1087,1088,
1089,1090,1091,1092,1093,1094,1095,1096,
1097,1098,1099,1100,1101,1102,1103,1104,
2161,2162,2163,2164,2165,2166,2167,2168,
2169,2170,2171,2172,2173,2174,2175,2176,
2177,2178,2179,2180,2181,2182,2183,2184,
2185,2186,2187,2188,2189,2190,2191,2192,
2193,2194,2195,2196,2197,2198,2199,2200,
2201,2202,2203,2204,2205,2206,2207,2208,
2209,2210,2211,2212,2213,2214,2215,2216,
2217,2218,2219,2220,2221,2222,2223,2224,
2225,2226,2227,2228,2229,2230,2231,2232,
2233,2234,2235,2236,2237,2238,2239,2240,
2241,2242,2243,2244,2245,2246,2247,2248,
2249,2250,2251,2252,2253,2254,2255,2256,
2257,2258,2259,2260,2261,2262,2263,2264,
2265,2266,2267,2268,2269,2270,2271,2272,
2273,2274,2275,2276,2277,2278,2279,2280,
2281,2282,2283,2284,2285,2286,2287,2288,
2289,2290,2291,2292,2293,2294,2295,2296,
2297,2298,2299,2300,2301,2302,2303,2304,
2305,2306,2307,2308,2309,2310,2311,2312,
2313,2314,2315,2316,2317,2318,2319,2320,
2321,2322,2323,2324,2325,2326,2327,2328,
2329,2330,2331,2332,2333,2334,2335,2336,
2337,2338,2339,2340,2341,2342,2343,2344,
2345,2346,2347,2348,2349,2350,2351,2352,
2353,2354,2355,2356,2357,2358,2359,2360,
2361,2362,2363,2364,2365,2366,2367,2368,
2369,2370,2371,2372,2373,2374,2375,2376,
2377,2378,2379,2380,2381,2382,2383,2384,
2385,2386,2387,2388,2389,2390,2391,2392,
2393,2394,2395,2396,2397,2398,2399,2400,
2401,2402,2403,2404,2405,2406,2407,2408,
2409,2410,2411,2412,2413,2414,2415,2416,
2417,2418,2419,2420,2421,2422,2423,2424,
2425,2426,2427,2428,2429,2430,2431,2432,
2433,2434,2435,2436,2437,2438,2439,2440,
2441,2442,2443,2444,2445,2446,2447,2448,
2449,2450,2451,2452,2453,2454,2455,2456,
2457,2458,2459,2460,2461,2462,2463,2464,
2465,2466,2467,2468,2469,2470,2471,2472,
2473,2474,2475,2476,2477,2478,2479,2480,
2481,2482,2483,2484,2485,2486,2487,2488,
2489,2490,2491,2492,2493,2494,2495,2496,
2497,2498,2499,2500,2501,2502,2503,2504,
2505,2506,2507,2508,2509,2510,2511,2512,
2513,2514,2515,2516,2517,2518,2519,2520,
2521,2522,2523,2524,2525,2526,2527,2528,
2529,2530,2531,2532,2533,2534,2535,2536,
2537,2538,2539,2540,2541,2542,2543,2544,
2545,2546,2547,2548,2549,2550,2551,2552,
2553,2554,2555,2556,2557,2558,2559,2560,
2561,2562,2563,2564,2565,2566,2567,2568,
2569,2570,2571,2572,2573,2574,2575,2576,
2577,2578,2579,2580,2581,2582,2583,2584,
2585,2586,2587,2588,2589,2590,2591,2592,
2593,2594,2595,2596,2597,2598,2599,2600,
2601,2602,2603,2604,2605,2606,2607,2608,
2609,2610,2611,2612,2613,2614,2615,2616,
2617,2618,2619,2620,2621,2622,2623,2624,
2625,2626,2627,2628,2629,2630,2631,2632,
2633,2634,2635,2636,2637,2638,2639,2640,
2641,2642,2643,2644,2645,2646,2647,2648,
2649,2650,2651,2652,2653,2654,2655,2656,
2657,2658,2659,2660,2661,2662,2663,2664,
2665,2666,2667,2668,2669,2670,2671,2672,
2673,2674,2675,2676,2677,2678,2679,2680,
2681,2682,2683,2684,2685,2686,2687,2688,
2689,2690,2691,2692,2693,2694,2695,2696,
2697,2698,2699,2700,2701,2702,2703,2704,
2705,2706,2707,2708,2709,2710,2711,2712,
2713,2714,2715,2716,2717,2718,2719,2720,
2721,2722,2723,2724,2725,2726,2727,2728,
2729,2730,2731,2732,2733,2734,2735,2736,
3793,3794,3795,3796,3797,3798,3799,3800,
3801,3802,3803,3804,3805,3806,3807,3808,
3809,3810,3811,3812,3813,3814,3815,3816,
3817,3818,3819,3820,3821,3822,3823,3824,
3825,3826,3827,3828,3829,3830,3831,3832,
3833,3834,3835,3836,3837,3838,3839,3840,
3841,3842,3843,3844,3845,3846,3847,3848,
3849,3850,3851,3852,3853,3854,3855,3856,
3857,3858,3859,3860,3861,3862,3863,3864,
3865,3866,3867,3868,3869,3870,3871,3872,
3873,3874,3875,3876,3877,3878,3879,3880,
3881,3882,3883,3884,3885,3886,3887,3888,
3889,3890,3891,3892,3893,3894,3895,3896,
3897,3898,3899,3900,3901,3902,3903,3904,
3905,3906,3907,3908,3909,3910,3911,3912,
3913,3914,3915,3916,3917,3918,3919,3920,
3921,3922,3923,3924,3925,3926,3927,3928,
3929,3930,3931,3932,3933,3934,3935,3936,
3937,3938,3939,3940,3941,3942,3943,3944,
3945,3946,3947,3948,3949,3950,3951,3952,
3953,3954,3955,3956,3957,3958,3959,3960,
3961,3962,3963,3964,3965,3966,3967,3968,
3969,3970,3971,3972,3973,3974,3975,3976,
3977,3978,3979,3980,3981,3982,3983,3984,
3985,3986,3987,3988,3989,3990,3991,3992,
3993,3994,3995,3996,3997,3998,3999,4000,
4001,4002,4003,4004,4005,4006,4007,4008,
4009,4010,4011,4012,4013,4014,4015,4016,
4017,4018,4019,4020,4021,4022,4023,4024,
4025,4026,4027,4028,4029,4030,4031,4032,
4033,4034,4035,4036,4037,4038,4039,4040,
4041,4042,4043,4044,4045,4046,4047,4048,
4049,4050,4051,4052,4053,4054,4055,4056,
4057,4058,4059,4060,4061,4062,4063,4064,
4065,4066,4067,4068,4069,4070,4071,4072,
4073,4074,4075,4076,4077,4078,4079,4080,
4081,4082,4083,4084,4085,4086,4087,4088,
4089,4090,4091,4092,4093,4094,4095,4096,
4097,4098,4099,4100,4101,4102,4103,4104,
4105,4106,4107,4108,4109,4110,4111,4112,
4113,4114,4115,4116,4117,4118,4119,4120,
4121,4122,4123,4124,4125,4126,4127,4128,
4129,4130,4131,4132,4133,4134,4135,4136,
4137,4138,4139,4140,4141,4142,4143,4144,
4145,4146,4147,4148,4149,4150,4151,4152,
4153,4154,4155,4156,4157,4158,4159,4160,
4161,4162,4163,4164,4165,4166,4167,4168,
4169,4170,4171,4172,4173,4174,4175,4176,
4177,4178,4179,4180,4181,4182,4183,4184,
4185,4186,4187,4188,4189,4190,4191,4192,
4193,4194,4195,4196,4197,4198,4199,4200,
4201,4202,4203,4204,4205,4206,4207,4208,
4209,4210,4211,4212,4213,4214,4215,4216,
4217,4218,4219,4220,4221,4222,4223,4224,
4225,4226,4227,4228,4229,4230,4231,4232,
4233,4234,4235,4236,4237,4238,4239,4240,
4241,4242,4243,4244,4245,4246,4247,4248,
4249,4250,4251,4252,4253,4254,4255,4256,
4257,4258,4259,4260,4261,4262,4263,4264,
4265,4266,4267,4268,4269,4270,4271,4272,
4273,4274,4275,4276,4277,4278,4279,4280,
4281,4282,4283,4284,4285,4286,4287,4288,
4289,4290,4291,4292,4293,4294,4295,4296,
4297,4298,4299,4300,4301,4302,4303,4304,
4305,4306,4307,4308,4309,4310,4311,4312,
4313,4314,4315,4316,4317,4318,4319,4320,
4321,4322,4323,4324,4325,4326,4327,4328,
4329,4330,4331,4332,4333,4334,4335,4336,
4337,4338,4339,4340,4341,4342,4343,4344,
4345,4346,4347,4348,4349,4350,4351,4352,
4353,4354,4355,4356,4357,4358,4359,4360,
4361,4362,4363,4364,4365,4366,4367,4368,
5425,5426,5427,5428,5429,5430,5431,5432,
5433,5434,5435,5436,5437,5438,5439,5440,
5441,5442,5443,5444,5445,5446,5447,5448,
5449,5450,5451,5452,5453,5454,5455,5456,
5457,5458,5459,5460,5461,5462,5463,5464,
5465,5466,5467,5468,5469,5470,5471,5472,
5473,5474,5475,5476,5477,5478,5479,5480,
5481,5482,5483,5484,5485,5486,5487,5488,
5489,5490,5491,5492,5493,5494,5495,5496,
5497,5498,5499,5500,5501,5502,5503,5504,
5505,5506,5507,5508,5509,5510,5511,5512,
5513,5514,5515,5516,5517,5518,5519,5520,
5521,5522,5523,5524,5525,5526,5527,5528,
5529,5530,5531,5532,5533,5534,5535,5536,
5537,5538,5539,5540,5541,5542,5543,5544,
5545,5546,5547,5548,5549,5550,5551,5552,
5553,5554,5555,5556,5557,5558,5559,5560,
5561,5562,5563,5564,5565,5566,5567,5568,
5569,5570,5571,5572,5573,5574,5575,5576,
5577,5578,5579,5580,5581,5582,5583,5584,
5585,5586,5587,5588,5589,5590,5591,5592,
5593,5594,5595,5596,5597,5598,5599,5600,
5601,5602,5603,5604,5605,5606,5607,5608,
5609,5610,5611,5612,5613,5614,5615,5616,
5617,5618,5619,5620,5621,5622,5623,5624,
5625,5626,5627,5628,5629,5630,5631,5632,
5633,5634,5635,5636,5637,5638,5639,5640,
5641,5642,5643,5644,5645,5646,5647,5648,
5649,5650,5651,5652,5653,5654,5655,5656,
5657,5658,5659,5660,5661,5662,5663,5664,
5665,5666,5667,5668,5669,5670,5671,5672,
5673,5674,5675,5676,5677,5678,5679,5680,
5681,5682,5683,5684,5685,5686,5687,5688,
5689,5690,5691,5692,5693,5694,5695,5696,
5697,5698,5699,5700,5701,5702,5703,5704,
5705,5706,5707,5708,5709,5710,5711,5712,
5713,5714,5715,5716,5717,5718,5719,5720,
5721,5722,5723,5724,5725,5726,5727,5728,
5729,5730,5731,5732,5733,5734,5735,5736,
5737,5738,5739,5740,5741,5742,5743,5744,
5745,5746,5747,5748,5749,5750,5751,5752,
5753,5754,5755,5756,5757,5758,5759,5760,
5761,5762,5763,5764,5765,5766,5767,5768,
5769,5770,5771,5772,5773,5774,5775,5776,
5777,5778,5779,5780,5781,5782,5783,5784,
5785,5786,5787,5788,5789,5790,5791,5792,
5793,5794,5795,5796,5797,5798,5799,5800,
5801,5802,5803,5804,5805,5806,5807,5808,
5809,5810,5811,5812,5813,5814,5815,5816,
5817,5818,5819,5820,5821,5822,5823,5824,
5825,5826,5827,5828,5829,5830,5831,5832,
5833,5834,5835,5836,5837,5838,5839,5840,
5841,5842,5843,5844,5845,5846,5847,5848,
5849,5850,5851,5852,5853,5854,5855,5856,
5857,5858,5859,5860,5861,5862,5863,5864,
5865,5866,5867,5868,5869,5870,5871,5872,
5873,5874,5875,5876,5877,5878,5879,5880,
5881,5882,5883,5884,5885,5886,5887,5888,
5889,5890,5891,5892,5893,5894,5895,5896,
5897,5898,5899,5900,5901,5902,5903,5904,
5905,5906,5907,5908,5909,5910,5911,5912,
5913,5914,5915,5916,5917,5918,5919,5920,
5921,5922,5923,5924,5925,5926,5927,5928,
5929,5930,5931,5932,5933,5934,5935,5936,
5937,5938,5939,5940,5941,5942,5943,5944,
5945,5946,5947,5948,5949,5950,5951,5952,
5953,5954,5955,5956,5957,5958,5959,5960,
5961,5962,5963,5964,5965,5966,5967,5968,
5969,5970,5971,5972,5973,5974,5975,5976,
5977,5978,5979,5980,5981,5982,5983,5984,
5985,5986,5987,5988,5989,5990,5991,5992,
5993,5994,5995,5996,5997,5998,5999,6000,
7057,7058,7059,7060,7061,7062,7063,7064,
7065,7066,7067,7068,7069,7070,7071,7072,
7073,7074,7075,7076,7077,7078,7079,7080,
7081,7082,7083,7084,7085,7086,7087,7088,
7089,7090,7091,7092,7093,7094,7095,7096,
7097,7098,7099,7100,7101,7102,7103,7104,
7105,7106,7107,7108,7109,7110,7111,7112,
7113,7114,7115,7116,7117,7118,7119,7120,
7121,7122,7123,7124,7125,7126,7127,7128,
7129,7130,7131,7132,7133,7134,7135,7136,
7137,7138,7139,7140,7141,7142,7143,7144,
7145,7146,7147,7148,7149,7150,7151,7152,
7153,7154,7155,7156,7157,7158,7159,7160,
7161,7162,7163,7164,7165,7166,7167,7168,
7169,7170,7171,7172,7173,7174,7175,7176,
7177,7178,7179,7180,7181,7182,7183,7184,
7185,7186,7187,7188,7189,7190,7191,7192,
7193,7194,7195,7196,7197,7198,7199,7200,
7201,7202,7203,7204,7205,7206,7207,7208,
7209,7210,7211,7212,7213,7214,7215,7216,
7217,7218,7219,7220,7221,7222,7223,7224,
7225,7226,7227,7228,7229,7230,7231,7232,
7233,7234,7235,7236,7237,7238,7239,7240,
7241,7242,7243,7244,7245,7246,7247,7248,
7249,7250,7251,7252,7253,7254,7255,7256,
7257,7258,7259,7260,7261,7262,7263,7264,
7265,7266,7267,7268,7269,7270,7271,7272,
7273,7274,7275,7276,7277,7278,7279,7280,
7281,7282,7283,7284,7285,7286,7287,7288,
7289,7290,7291,7292,7293,7294,7295,7296,
7297,7298,7299,7300,7301,7302,7303,7304,
7305,7306,7307,7308,7309,7310,7311,7312,
7313,7314,7315,7316,7317,7318,7319,7320,
7321,7322,7323,7324,7325,7326,7327,7328,
7329,7330,7331,7332,7333,7334,7335,7336,
7337,7338,7339,7340,7341,7342,7343,7344,
7345,7346,7347,7348,7349,7350,7351,7352,
7353,7354,7355,7356,7357,7358,7359,7360,
7361,7362,7363,7364,7365,7366,7367,7368,
7369,7370,7371,7372,7373,7374,7375,7376,
7377,7378,7379,7380,7381,7382,7383,7384,
7385,7386,7387,7388,7389,7390,7391,7392,
7393,7394,7395,7396,7397,7398,7399,7400,
7401,7402,7403,7404,7405,7406,7407,7408,
7409,7410,7411,7412,7413,7414,7415,7416,
7417,7418,7419,7420,7421,7422,7423,7424,
7425,7426,7427,7428,7429,7430,7431,7432,
7433,7434,7435,7436,7437,7438,7439,7440,
7441,7442,7443,7444,7445,7446,7447,7448,
7449,7450,7451,7452,7453,7454,7455,7456,
7457,7458,7459,7460,7461,7462,7463,7464,
7465,7466,7467,7468,7469,7470,7471,7472,
7473,7474,7475,7476,7477,7478,7479,7480,
7481,7482,7483,7484,7485,7486,7487,7488,
7489,7490,7491,7492,7493,7494,7495,7496,
7497,7498,7499,7500,7501,7502,7503,7504,
7505,7506,7507,7508,7509,7510,7511,7512,
7513,7514,7515,7516,7517,7518,7519,7520,
7521,7522,7523,7524,7525,7526,7527,7528,
7529,7530,7531,7532,7533,7534,7535,7536,
7537,7538,7539,7540,7541,7542,7543,7544,
7545,7546,7547,7548,7549,7550,7551,7552,
7553,7554,7555,7556,7557,7558,7559,7560,
7561,7562,7563,7564,7565,7566,7567,7568,
7569,7570,7571,7572,7573,7574,7575,7576,
7577,7578,7579,7580,7581,7582,7583,7584,
7585,7586,7587,7588,7589,7590,7591,7592,
7593,7594,7595,7596,7597,7598,7599,7600,
7601,7602,7603,7604,7605,7606,7607,7608,
7609,7610,7611,7612,7613,7614,7615,7616,
7617,7618,7619,7620,7621,7622,7623,7624,
7625,7626,7627,7628,7629,7630,7631,7632,
8689,8690,8691,8692,8693,8694,8695,8696,
8697,8698,8699,8700,8701,8702,8703,8704,
8705,8706,8707,8708,8709,8710,8711,8712,
8713,8714,8715,8716,8717,8718,8719,8720,
8721,8722,8723,8724,8725,8726,8727,8728,
8729,8730,8731,8732,8733,8734,8735,8736,
8737,8738,8739,8740,8741,8742,8743,8744,
8745,8746,8747,8748,8749,8750,8751,8752,
8753,8754,8755,8756,8757,8758,8759,8760,
8761,8762,8763,8764,8765,8766,8767,8768,
8769,8770,8771,8772,8773,8774,8775,8776,
8777,8778,8779,8780,8781,8782,8783,8784,
8785,8786,8787,8788,8789,8790,8791,8792,
8793,8794,8795,8796,8797,8798,8799,8800,
8801,8802,8803,8804,8805,8806,8807,8808,
8809,8810,8811,8812,8813,8814,8815,8816,
8817,8818,8819,8820,8821,8822,8823,8824,
8825,8826,8827,8828,8829,8830,8831,8832,
8833,8834,8835,8836,8837,8838,8839,8840,
8841,8842,8843,8844,8845,8846,8847,8848,
8849,8850,8851,8852,8853,8854,8855,8856,
8857,8858,8859,8860,8861,8862,8863,8864,
8865,8866,8867,8868,8869,8870,8871,8872,
8873,8874,8875,8876,8877,8878,8879,8880,
8881,8882,8883,8884,8885,8886,8887,8888,
8889,8890,8891,8892,8893,8894,8895,8896,
8897,8898,8899,8900,8901,8902,8903,8904,
8905,8906,8907,8908,8909,8910,8911,8912,
8913,8914,8915,8916,8917,8918,8919,8920,
8921,8922,8923,8924,8925,8926,8927,8928,
8929,8930,8931,8932,8933,8934,8935,8936,
8937,8938,8939,8940,8941,8942,8943,8944,
8945,8946,8947,8948,8949,8950,8951,8952,
8953,8954,8955,8956,8957,8958,8959,8960,
8961,8962,8963,8964,8965,8966,8967,8968,
8969,8970,8971,8972,8973,8974,8975,8976,
8977,8978,8979,8980,8981,8982,8983,8984,
8985,8986,8987,8988,8989,8990,8991,8992,
8993,8994,8995,8996,8997,8998,8999,9000,
9001,9002,9003,9004,9005,9006,9007,9008,
9009,9010,9011,9012,9013,9014,9015,9016,
9017,9018,9019,9020,9021,9022,9023,9024,
9025,9026,9027,9028,9029,9030,9031,9032,
9033,9034,9035,9036,9037,9038,9039,9040,
9041,9042,9043,9044,9045,9046,9047,9048,
9049,9050,9051,9052,9053,9054,9055,9056,
9057,9058,9059,9060,9061,9062,9063,9064,
9065,9066,9067,9068,9069,9070,9071,9072,
9073,9074,9075,9076,9077,9078,9079,9080,
9081,9082,9083,9084,9085,9086,9087,9088,
9089,9090,9091,9092,9093,9094,9095,9096,
9097,9098,9099,9100,9101,9102,9103,9104,
9105,9106,9107,9108,9109,9110,9111,9112,
9113,9114,9115,9116,9117,9118,9119,9120,
9121,9122,9123,9124,9125,9126,9127,9128,
9129,9130,9131,9132,9133,9134,9135,9136,
9137,9138,9139,9140,9141,9142,9143,9144,
9145,9146,9147,9148,9149,9150,9151,9152,
9153,9154,9155,9156,9157,9158,9159,9160,
9161,9162,9163,9164,9165,9166,9167,9168,
9169,9170,9171,9172,9173,9174,9175,9176,
9177,9178,9179,9180,9181,9182,9183,9184,
9185,9186,9187,9188,9189,9190,9191,9192,
9193,9194,9195,9196,9197,9198,9199,9200,
9201,9202,9203,9204,9205,9206,9207,9208,
9209,9210,9211,9212,9213,9214,9215,9216,
9217,9218,9219,9220,9221,9222,9223,9224,
9225,9226,9227,9228,9229,9230,9231,9232,
9233,9234,9235,9236,9237,9238,9239,9240,
9241,9242,9243,9244,9245,9246,9247,9248,
9249,9250,9251,9252,9253,9254,9255,9256,
9257,9258,9259,9260,9261,9262,9263,9264,
10321,10322,10323,10324,10325,10326,10327,10328,
10329,10330,10331,10332,10333,10334,10335,10336,
10337,10338,10339,10340,10341,10342,10343,10344,
10345,10346,10347,10348,10349,10350,10351,10352,
10353,10354,10355,10356,10357,10358,10359,10360,
10361,10362,10363,10364,10365,10366,10367,10368,
10369,10370,10371,10372,10373,10374,10375,10376,
10377,10378,10379,10380,10381,10382,10383,10384,
10385,10386,10387,10388,10389,10390,10391,10392,
10393,10394,10395,10396,10397,10398,10399,10400,
10401,10402,10403,10404,10405,10406,10407,10408,
10409,10410,10411,10412,10413,10414,10415,10416,
10417,10418,10419,10420,10421,10422,10423,10424,
10425,10426,10427,10428,10429,10430,10431,10432,
10433,10434,10435,10436,10437,10438,10439,10440,
10441,10442,10443,10444,10445,10446,10447,10448,
10449,10450,10451,10452,10453,10454,10455,10456,
10457,10458,10459,10460,10461,10462,10463,10464,
10465,10466,10467,10468,10469,10470,10471,10472,
10473,10474,10475,10476,10477,10478,10479,10480,
10481,10482,10483,10484,10485,10486,10487,10488,
10489,10490,10491,10492,10493,10494,10495,10496,
10497,10498,10499,10500,10501,10502,10503,10504,
10505,10506,10507,10508,10509,10510,10511,10512,
10513,10514,10515,10516,10517,10518,10519,10520,
10521,10522,10523,10524,10525,10526,10527,10528,
10529,10530,10531,10532,10533,10534,10535,10536,
10537,10538,10539,10540,10541,10542,10543,10544,
10545,10546,10547,10548,10549,10550,10551,10552,
10553,10554,10555,10556,10557,10558,10559,10560,
10561,10562,10563,10564,10565,10566,10567,10568,
10569,10570,10571,10572,10573,10574,10575,10576,
10577,10578,10579,10580,10581,10582,10583,10584,
10585,10586,10587,10588,10589,10590,10591,10592,
10593,10594,10595,10596,10597,10598,10599,10600,
10601,10602,10603,10604,10605,10606,10607,10608,
10609,10610,10611,10612,10613,10614,10615,10616,
10617,10618,10619,10620,10621,10622,10623,10624,
10625,10626,10627,10628,10629,10630,10631,10632,
10633,10634,10635,10636,10637,10638,10639,10640,
10641,10642,10643,10644,10645,10646,10647,10648,
10649,10650,10651,10652,10653,10654,10655,10656,
10657,10658,10659,10660,10661,10662,10663,10664,
10665,10666,10667,10668,10669,10670,10671,10672,
10673,10674,10675,10676,10677,10678,10679,10680,
10681,10682,10683,10684,10685,10686,10687,10688,
10689,10690,10691,10692,10693,10694,10695,10696,
10697,10698,10699,10700,10701,10702,10703,10704,
10705,10706,10707,10708,10709,10710,10711,10712,
10713,10714,10715,10716,10717,10718,10719,10720,
10721,10722,10723,10724,10725,10726,10727,10728,
10729,10730,10731,10732,10733,10734,10735,10736,
10737,10738,10739,10740,10741,10742,10743,10744,
10745,10746,10747,10748,10749,10750,10751,10752,
10753,10754,10755,10756,10757,10758,10759,10760,
10761,10762,10763,10764,10765,10766,10767,10768,
10769,10770,10771,10772,10773,10774,10775,10776,
10777,10778,10779,10780,10781,10782,10783,10784,
10785,10786,10787,10788,10789,10790,10791,10792,
10793,10794,10795,10796,10797,10798,10799,10800,
10801,10802,10803,10804,10805,10806,10807,10808,
10809,10810,10811,10812,10813,10814,10815,10816,
10817,10818,10819,10820,10821,10822,10823,10824,
10825,10826,10827,10828,10829,10830,10831,10832,
10833,10834,10835,10836,10837,10838,10839,10840,
10841,10842,10843,10844,10845,10846,10847,10848,
10849,10850,10851,10852,10853,10854,10855,10856,
10857,10858,10859,10860,10861,10862,10863,10864,
10865,10866,10867,10868,10869,10870,10871,10872,
10873,10874,10875,10876,10877,10878,10879,10880,
10881,10882,10883,10884,10885,10886,10887,10888,
10889,10890,10891,10892,10893,10894,10895,10896,
11953,11954,11955,11956,11957,11958,11959,11960,
11961,11962,11963,11964,11965,11966,11967,11968,
11969,11970,11971,11972,11973,11974,11975,11976,
11977,11978,11979,11980,11981,11982,11983,11984,
11985,11986,11987,11988,11989,11990,11991,11992,
11993,11994,11995,11996,11997,11998,11999,12000,
12001,12002,12003,12004,12005,12006,12007,12008,
12009,12010,12011,12012,12013,12014,12015,12016,
12017,12018,12019,12020,12021,12022,12023,12024,
12025,12026,12027,12028,12029,12030,12031,12032,
12033,12034,12035,12036,12037,12038,12039,12040,
12041,12042,12043,12044,12045,12046,12047,12048,
12049,12050,12051,12052,12053,12054,12055,12056,
12057,12058,12059,12060,12061,12062,12063,12064,
12065,12066,12067,12068,12069,12070,12071,12072,
12073,12074,12075,12076,12077,12078,12079,12080,
12081,12082,12083,12084,12085,12086,12087,12088,
12089,12090,12091,12092,12093,12094,12095,12096,
12097,12098,12099,12100,12101,12102,12103,12104,
12105,12106,12107,12108,12109,12110,12111,12112,
12113,12114,12115,12116,12117,12118,12119,12120,
12121,12122,12123,12124,12125,12126,12127,12128,
12129,12130,12131,12132,12133,12134,12135,12136,
12137,12138,12139,12140,12141,12142,12143,12144,
12145,12146,12147,12148,12149,12150,12151,12152,
12153,12154,12155,12156,12157,12158,12159,12160,
12161,12162,12163,12164,12165,12166,12167,12168,
12169,12170,12171,12172,12173,12174,12175,12176,
12177,12178,12179,12180,12181,12182,12183,12184,
12185,12186,12187,12188,12189,12190,12191,12192,
12193,12194,12195,12196,12197,12198,12199,12200,
12201,12202,12203,12204,12205,12206,12207,12208,
12209,12210,12211,12212,12213,12214,12215,12216,
12217,12218,12219,12220,12221,12222,12223,12224,
12225,12226,12227,12228,12229,12230,12231,12232,
12233,12234,12235,12236,12237,12238,12239,12240,
12241,12242,12243,12244,12245,12246,12247,12248,
12249,12250,12251,12252,12253,12254,12255,12256,
12257,12258,12259,12260,12261,12262,12263,12264,
12265,12266,12267,12268,12269,12270,12271,12272,
12273,12274,12275,12276,12277,12278,12279,12280,
12281,12282,12283,12284,12285,12286,12287,12288,
12289,12290,12291,12292,12293,12294,12295,12296,
12297,12298,12299,12300,12301,12302,12303,12304,
12305,12306,12307,12308,12309,12310,12311,12312,
12313,12314,12315,12316,12317,12318,12319,12320,
12321,12322,12323,12324,12325,12326,12327,12328,
12329,12330,12331,12332,12333,12334,12335,12336,
12337,12338,12339,12340,12341,12342,12343,12344,
12345,12346,12347,12348,12349,12350,12351,12352,
12353,12354,12355,12356,12357,12358,12359,12360,
12361,12362,12363,12364,12365,12366,12367,12368,
12369,12370,12371,12372,12373,12374,12375,12376,
12377,12378,12379,12380,12381,12382,12383,12384,
12385,12386,12387,12388,12389,12390,12391,12392,
12393,12394,12395,12396,12397,12398,12399,12400,
12401,12402,12403,12404,12405,12406,12407,12408,
12409,12410,12411,12412,12413,12414,12415,12416,
12417,12418,12419,12420,12421,12422,12423,12424,
12425,12426,12427,12428,12429,12430,12431,12432,
12433,12434,12435,12436,12437,12438,12439,12440,
12441,12442,12443,12444,12445,12446,12447,12448,
12449,12450,12451,12452,12453,12454,12455,12456,
12457,12458,12459,12460,12461,12462,12463,12464,
12465,12466,12467,12468,12469,12470,12471,12472,
12473,12474,12475,12476,12477,12478,12479,12480,
12481,12482,12483,12484,12485,12486,12487,12488,
12489,12490,12491,12492,12493,12494,12495,12496,
12497,12498,12499,12500,12501,12502,12503,12504,
12505,12506,12507,12508,12509,12510,12511,12512,
12513,12514,12515,12516,12517,12518,12519,12520,
12521,12522,12523,12524,12525,12526,12527,12528
