5,16,40,52,78,108,109,173,
218,233,245,315,359,366,367,400,
434,462,467,482,644,646,667,693,
698,709,723,724,780,790,815,823,
874,929,967,1011,1036,1048,1056,1082,
1085,1162,1221,1277,1280,1287,1306,1330,
1360,1381,1391,1395,1443,1459,1469,1477,
1510,1545,1559,1623,1624,1625,1636,1646,
1752,1796,1809,1811,1816,1818,1832,1868,
1884,1907,1917,1920,1932,1940,1950,1953,
1964,1971,1993,2014,2018,2067,2078,2089,
2105,2108,2118,2149,2158,2162,2163,2168,
2173,2175,2178,2200,2236,2253,2309,2310,
2366,2374,2426,2428,2434,2435,2438,2447,
2450,2460,2461,2479,2490,2501,2508,2513,
2515,2530,2547,2574,2583,2590,2609,2616,
2622,2628,2631,2636,2640,2641,2655,2656,
2666,2674,2684,2695,2703,2706,2726,2727,
2732,2746,2769,2774,2779,2780,2788,2796,
2813,2815,2837,2838,2878,2891,2893,2921,
2924,2950,2998,3000,3013,3024,3033,3046,
3061,3065,3072,3101,3135,3137,3143,3156,
3167,3285,3311,3346,3348,3359,3373,3436,
3446,3462,3478,3491,3552,3555,3581,3587,
3597,3607,3609,3614,3624,3633,3662,3668,
3787,3804,3815,3823,3824,3830,3833,3856,
3872,3876,3878,3893,3902,3915,3927,3932,
3949,3969,4002,4027,4035,4044,4046,4058,
4060,4078,4082,4085,4108,4109,4118,4127,
4128,4129,4135,4136,4154,4155,4162,4174,
4185,4201,4202,4216,4219,4227,4229,4235,
4240,4241,4255,4282,4283,4295,4314,4317,
4325,4329,4341,4346,4353,4363,4371,4376,
4378,4388,4397,4407,4416,4432,4433,4446,
4451,4452,4457,4459,4460,4466,4473,4475,
4481,4489,4494,4499,4500,4512,4516,4522,
4526,4532,4550,4553,4580,4583,4584,4596,
4599,4602,4604,4611,4622,4629,4634,4640,
4643,4648,4652,4664,4677,4678,4688,4724,
4734,4750,4752,4759,4761,4763,4781,4794,
4795,4796,4798,4827,4836,4837,4866,4888,
4915,4926,4969,4972,4973,4994,5014,5015,
5027,5047,5066,5083,5084,5085,5086,5098,
5108,5140,5147,5150,5153,5155,5158,5178,
5187,5192,5200,5215,5236,5252,5275,5295,
5315,5316,5344,5347,5361,5365,5366,5372,
5399,5406,5456,5467,5477,5549,5553,5608,
5614,5625,5628,5631,5632,5646,5746,5757,
5761,5776,5781,5878,5917,5937,5993,6023,
6034,6058,6061,6087,6092,6137,6167,6184,
6189,6231,6239,6345,6430,6431,6461,6481,
6555,6595,6629,6678,6679,6690,6710,6737,
6742,6761,6774,6781,6783,6795,6798,6800,
6802,6803,6812,6824,6835,6846,6868,6871,
6880,6922,6941,6945,6954,6957,6964,6972,
6974,6982,7016,7025,7039,7057,7060,7064,
7067,7103,7106,7113,7114,7116,7128,7139,
7154,7156,7314,7405,7409,7466,7559,7582,
7603,7613,7618,7623,7635,7671,7700,7705,
7707,7724,7725,7726,7728,7730,7732,7737,
7739,7771,7785,7863,7922,7942,7981,7988,
7997,8019,8022,8038,8046,8056,8057,8058,
8081,8082,8083,8084,8086,8087,8088,8092,
8094,8099,8102,8116,8202,8204,8242,8271,
8314,8361,8378,8381,8526,8532,8560,8567,
8572,8573,8574,8590,8632,8633,8657,8671,
8682,8684,8689,8694,8780,8808,8810,8819,
8821,8822,8823,8825,8826,8829,8837,8843,
8862,8876,8895,8899,8926,8930,8940,8944,
8958,8962,8970,8988,8990,8998,9008,9164,
9182,9193,9213,9217,9310,9312,9314,9318,
9320,9322,9323,9326,9327,9329,9333,9334,
9337,9340,9349,9356,9360,9459,9461,9465,
9468,9469,9488,9514,9516,9609,9613,9655,
9657,9661,9668,9669,9670,9672,9673,9677,
9683,9685,9686,9690,9695,9697,9698,9699,
9704,9705,9710,9733,9738,9741,9742,9744,
9767,9780,9781,9782,9787,9789,9793,9795,
9799,9827,9828,9834,9835,9836,9837,9838,
9839,9840,9841,9842,9844,9845,9877,9908,
9910,9933,9943,10062,10063,10070,10071,10102,
10103,10157,10158,10176,10180,10186,10195,10203,
10206,10207,10208,10209,10210,10216,10217,10224,
10225,10229,10231,10235,10240,10246,10253,10255,
10263,10269,10270,10272,10277,10280,10288,10292,
10411,10445,10457,10462,10472,10526,10534,10601,
10605,10746,10784,10804,10828,10838,10840,10860,
10888,10926,10927,10932,10938,10945,10953,10954,
10979,11012,11060,11069,11078,11100,11101,11111,
11134,11136,11151,11155,11177,11210,11211,11224,
11226,11229,11242,11243,11319,11340,11388,11391,
11399,11400,11401,11403,11404,11411,11417,11420,
11421,11423,11457,11662,11664,11665,11666,11667,
11672,11674,11675,11676,11678,11679,11681,11737,
11742,11798,11799,11800,11806,11808,11809,11811,
11812,11813,11817,11818,11839,11856,11876,11877,
11931,12002,12080,12109,12129,12130,12135,12142,
12167,12183,12187,12212,12218,12241,12247,12380,
12382,12401,12406,12407,12411,12426,12430,12438,
12476,12500,12506,12511,12514,12520,12522,12535,
12548,12713,12714,12743,12760,12768,12774,12789,
12809,12837,12858,12928,12934,12950,12966,12970,
12978,13064,13103,13117,13161,13202,13225,13230,
13237,13238,13248,13260,13280,13296,13313,13323,
13324,13325,13332,13391,13411,13412,13413,13429,
13430,13475,13483,13498,13500,13511,13514,13517,
13562,13574,13579,13581,13638,13673,13674,13686,
13703,13704,13705,13706,13707,13709,13714,13717,
13718,13719,13721,13722,13723,13724,13728,13729,
13737,13738,13742,13747,13763,13781,13806,13814,
13829,13830,13837,13845,13846,13847,13848,13849,
13854,13855,13912,13916,13958,13968,13973,13984,
13985,13991,14070,14140,14144,14145,14151,14152,
14154,14155,14169,14170,14178,14195,14236,14261,
14303,14334,14386,14394,14449,14467,14526,14587,
14691,14693,14707,14761,14770,14841,14843,14846,
14847,14849,14884,14888,14897,14899,14903,14909,
14964,14977,15025,15031,15056,15096,15133,15146,
15166,15169,15170,15172,15179,15180,15183,15184,
15185,15186,15187,15189,15190,15194,15195,15204,
15240,15343,15404,15445,15531,15539,15543,15550,
15551,15576,15619,15684,15712,15767,15795,15809,
15825,15835,15854,15865,15872,15906,15909,15922,
15927,15937,15943,15969,15996,16000,16110,16141,
16143,16160,16182,16216,16341,16352,16501,16552,
16576,16603,16605,16653,16704,16707,16721,16724,
16726,16727,16735,16736,16737,16739,16741,16744,
16750,16768,16781,16791,16822,16824,16825,16828,
16831,16835,16863,16882,16907,16914,17019,17021,
17022,17023,17024,17027,17028,17030,17032,17034,
17035,17036,17038,17039,17040,17041,17158,17216,
17217,17224,17226,17231,17239,17240,17262,17263,
17264,17265,17266,17269,17270,17291,17295,17296,
17297,17322,17358,17379,17390,17410,17419,17433,
17488,17497,17502,17556,17596,17599,17613,17614,
17618,17622,17625,17626,17627,17629,17630,17631,
17632,17633,17634,17638,17664,17677,17879,17944,
17984,18011,18079,18086,18090,18092,18096,18103,
18106,18110,18114,18122,18128,18130,18132,18133,
18134,18135,18139,18145,18147,18150,18239,18263,
18332,18372,18390,18424,18429,18484,18523,18535,
18565,18569,18602,18603,18607,18612,18613,18620,
18621,18647,18651,18692,18714,18761,18768,18933,
18941,18953,18960,18962,18963,18970,18971,18974,
18975,18976,18980,18982,18983,18984,18986,18987,
18996,18998,18999,19000,19002,19004,19005,19019,
19035,19037,19045,19046,19047,19049,19079,19083,
19090,19092,19094,19095,19152,19171,19174,19176,
19180,19203,19205,19211,19212,19215,19216,19217,
19218,19243,19279,19318,19324,19349,19350,19353,
19358,19362,19364,19372,19375,19377,19381,19383,
19385,19386,19387,19388,19389,19390,19391,19392,
19393,19396,19398,19402,19406,19456,19478,19486,
19491,19511,19585,19595,19596,19599,19605,19614,
19616,19618,19619,19620,19718,19776,19798,19806,
19807,19811,19814,19823,19833,19846,19899,20050,
20055,20056,20057,20058,20059,20060,20061,20062,
20064,20065,20066,20068,20070,20071,20072,20073,
20075,20076,20079,20205,20220,20228,20238,20319,
20351,20370,20372,20378,20379,20385,20403,20422,
20458,20460,20548,20677,20729,20730,20773,20836,
20959,20967,20968,20970,20971,20977,20979,20980,
20982,20984,20985,20987,20988,20991,20997,20998,
21083,21094,21118,21119,21309,21318,21351,21484,
21504,21545,21570,21584,21620,21623,21633,21637,
21700,21704,21706,21713,21738,21739,21740,21744,
21745,21746,21748,21749,21751,21752,21764,21771,
21800,21820,21833,21873,21891,21898,21910,21911,
21912,21918,21921,21948,21952,21975,22053,22119,
22121,22143,22147,22152,22187,22248,22291,22301,
22329,22334,22373,22484,22488,22494,22502,22516,
22522,22531,22545,22575,22598,22620,22622,22627,
22661,22698,22711,22738,22741,22762,22763,22766,
22768,22773,22784,22797,22825,22828,22836,22837,
22839,22841,22843,22845,22849,22850,22855,22856,
22857,22858,22878,22927,22947,22948,22953,22955,
22958,22964,22973,22993,22996,23085,23087,23088,
23095,23146,23181,23182,23183,23196,23230,23232,
23297,23303,23337,23410,23417,23464,23516,23585,
23720,23721,23853,23856,23859,23865,23908,23930,
23934,23936,23938,23939,24111,24156,24248,24287,
24309,24310,24317,24318,24319,24320,24322,24323,
24324,24325,24354,24381,24382,24406,24420,24426,
24453,24463,24485,24492,24517,24534,24672,24674,
24686,24760,24799,24826,24873,24914,24918,24935,
24944,24946,24967,24998,25007,25027,25041,25049,
25058,25074,25085,25105,25113,25115,25227,25231,
25251,25310,25312,25334,25335,25336,25341,25342,
25347,25349,25350,25351,25352,25357,25358,25361,
25362,25363,25364,25374,25393,25510,25540,25542,
25546,25547,25548,25552,25553,25567,25568,25622,
25653,25655,25656,25781,25799,25801,25804,25850,
25875,25897,25961,25983,25993,26043,26122,26127,
26172,26174,26227,26287,26288,26295,26387,26390,
26407,26408,26409,26412,26414,26418,26419,26420,
26421,26425,26426,26427,26428,26429,26430,26432,
26437,26438,26441,26444,26478,26483,26485,26495,
26498,26511,26516,26523,26525,26526,26528,26543,
26593,26598,26607,26609,26612,26613,26614,26615,
26616,26619,26658,26671,26770,26772,26775,26898,
26903,26953,27036,27039,27050,27058,27107,27119,
27161,27211,27226,27227,27240,27241,27245,27253,
27257,27261,27263,27265,27266,27268,27269,27274,
27275,27281,27311,27317,27380,27499,27502,27532,
27578,27583,27596,27600,27604,27606,27607,27609,
27611,27612,27613,27614,27622,27623,27624,27626,
27627,27628,27629,27820,27918,27951,27952,27953,
27973,27975,27986,27987,27988,27990,27991,27999,
28000,28001,28002,28003,28004,28006,28017,28078,
28079,28081,28082,28163,28194,28212,28226,28237,
28241,28248,28251,28262,28263,28269,28275,28279,
28304,28336,28348,28393,28396,28397,28401,28402,
28426,28440,28443,28444,28447,28452,28457,28458,
28576,28577,28578,28579,28580,28582,28584,28585,
28587,28589,28591,28596,28599,28600,28607,28609,
28660,28699,28712,28721,28728,28863,28895,29050,
29127,29129,29168,29170,29173,29182,29184,29185,
29186,29187,29190,29192,29193,29196,29201,29203,
29204,29264,29288,29289,29291,29293,29294,29308,
29311,29312,29358,29451,29455,29461,29462,29466,
29470,29479,29481,29482,29483,29485,29486,29491,
29503,29504,29505,29509,29511,29513,29542,29556,
29604,29619,29670,29673,29674,29676,29685,29710,
29778,29931,29932,29985,29986,30028,30037,30045,
30049,30050,30052,30166,30239,30392,30393,30398,
30404,30413,30415,30417,30425,30441,30448,30526,
30557,30583,30672,30722,30727,30805,30817,30826,
30831,30832,30834,30838,30841,30842,30844,30845,
30846,30848,30850,30851,30852,30853,30854,30855,
30856,30857,30859,30860,30861,30862,30863,30864,
30865,30866,30869,30870,30871,30878,30881,30889,
30890,30891,30895,30897,30899,30900,30903,30904,
30905,30910,30911,30914,30915,30916,30918,30919,
30920,30921,30922,30924,30926,30931,30932,30935,
30937,30945,30995,31028,31078,31080,31119,31123,
31126,31127,31130,31132,31136,31137,31145,31149,
31150,31151,31153,31154,31155,31157,31158,31159,
31160,31161,31162,31163,31164,31165,31172,31173,
31176,31244,31258,31280,31283,31288,31328,31329,
31330,31331,31332,31333,31338,31339,31340,31341,
31342,31343,31344,31345,31347,31349,31353,31354,
31355,31357,31358,31359,31360,31361,31364,31383,
31385,31393,31423,31424,31600,31609,31627,31673,
31679,31685,31691,31704,31757,31868,31886,31912,
31922,31925,31930,31947,31950,31951,31953,31961,
31962,31965,31974,31978,31979,31980,31982,31983,
31984,31985,31986,31987,31988,31989,31994,31995,
31999,32002,32003,32004,32006,32007,32008,32009,
32011,32012,32013,32065,32172,32173,32174,32175,
32177,32178,32179,32182,32183,32190,32201,32203,
32218,32249,32250,32284,32292,32297,32401,32417,
32422,32484,32489,32491,32569,32570,32593,32597,
32601,32603,32631,32647,32739,32740,32749,32751,
32775,32830,32853,32875,32876,32879,32881,32883,
32887,32893,32929,32936,32977,32979,32992,33040,
33063,33070,33076,33077,33082,33194,33255,33300,
33307,33326,33330,33338,33373,33376,33400,33404,
33406,33407,33408,33493,33634,33680,33681,33683,
33687,33688,33689,33690,33691,33769,33784,33790,
33798,33803,33868,33897,33911,33920,33925,33926,
33935,33936,33937,33938,33940,33941,33947,33948,
33949,33952,33953,33955,33957,33958,33963,33966,
33971,33973,33974,33976,33977,33980,34023,34048,
34049,34060,34062,34065,34076,34081,34083,34084,
34087,34090,34091,34092,34093,34095,34096,34097,
34099,34100,34101,34102,34103,34104,34105,34106,
34107,34108,34109,34110,34111,34112,34113,34169,
34199,34218,34245,34337,34363,34418,34447,34491,
34500,34550,34560,34561,34563,34566,34570,34574,
34577,34578,34580,34581,34582,34583,34584,34585,
34586,34587,34588,34591,34596,34804,34836,34837,
34838,34839,34840,34841,34842,34844,34845,34846,
34847,34848,34849,34850,34851,34852,34853,34856,
34857,34858,34859,34860,34865,34867,34871,34872,
34888,34896,34940,34950,34954,34962,34976,34980,
35039,35080,35132,35152,35187,35454,35458,35461,
35466,35476,35477,35480,35481,35483,35487,35488,
35489,35490,35491,35493,35494,35495,35496,35497,
35498,35615,35632,35683,35740,35761,35763,35764,
35765,35766,35768,35769,35770,35771,35772,35773,
35774,35775,35776,35777,35778,35781,35782,35783,
35784,35785,35786,35787,35788,35789,35790,35791,
35792,35793,35794,35795,35796,35802,35804,35808,
35810,35839,35874,35922,35927,35932,35934,35935,
35942,35943,35948,35949,35958,35959,35962,35964,
35965,35968,35969,35970,35972,35975,35976,35977,
35979,35980,35981,35982,35984,35985,35986,35987,
35988,35989,35990,35995,35997,35998,36019,36021,
36026,36043,36044,36046,36068,36145,36148,36155,
36156,36157,36158,36159,36160,36165,36166,36169,
36170,36171,36172,36173,36174,36175,36176,36179,
36180,36182,36183,36190,36270,36334,36352,36360,
36371,36379,36383,36385,36386,36387,36388,36389,
36391,36395,36398,36399,36448,36522,36525,36528,
36581,36589,36704,36716,36717,36719,36720,36723,
36725,36727,36728,36735,36738,36740,36741,36742,
36743,36745,36746,36747,36754,36756,36757,36772,
36827,36841,36842,36846,36847,36848,36849,36852,
36854,36855,36858,36859,36860,36862,36864,36938,
37012,37033,37039,37050,37051,37053,37056,37109,
37186,37229,37230,37233,37234,37235,37237,37238,
37240,37241,37242,37243,37244,37246,37247,37248,
37249,37250,37358,37394,37412,37413,37430,37431,
37432,37433,37436,37437,37438,37440,37442,37443,
37445,37446,37450,37466,37483,37505,37549,37550,
37551,37552,37560,37561,37562,37564,37565,37568,
37571,37573,37589,37590,37595,37596,37597,37603,
37604,37605,37608,37609,37610,37611,37612,37613,
37615,37616,37617,37618,37619,37641,37726,37727,
37729,37736,37744,37748,37749,37750,37751,37752,
37753,37755,37756,37787,37799,37807,37817,37871,
37885,37888,37890,37891,37899,37900,37901,37902,
37903,37905,37906,37907,37909,37910,37911,37912,
37915,37916,37917,37918,37919,37921,37922,37928,
38137,38162,38169,38170,38172,38184,38185,38186,
38189,38190,38193,38194,38198,38217,38220,38229,
38236,38351,38352,38369,38405,38407,38408,38409,
38413,38416,38418,38419,38518,38565,38584,38607,
38610,38611,38612,38613,38615,38616,38617,38618,
38619,38621,38622,38623,38624,38625,38626,38631,
38633,38634,38635,38636,38637,38638,38640,38642,
38665,38667,38685,38687,38688,38694,38743,38760,
38778,38900,38914,39084,39112,39165,39247,39249,
39253,39267,39269,39275,39297,39308,39333,39402,
39430,39432,39433,39434,39435,39436,39473,39603,
39631,39639,39643,39693,39718,39789,39825,39933,
39937,39940,39976,40000,40002,40003,40004,40006,
40011,40015,40017,40022,40023,40024,40025,40091,
40114,40120,40123,40128,40129,40137,40138,40142,
40143,40145,40148,40165,40194,40320,40338,40339,
40341,40343,40345,40347,40349,40350,40351,40354,
40355,40356,40357,40358,40359,40360,40361,40362,
40364,40365,40366,40367,40368,40369,40370,40371,
40372,40373,40377,40382,40383,40385,40386,40387,
40389,40437,40452,40459,40471,40487,40488,40492,
40495,40501,40503,40505,40507,40519,40568,40577,
40582,40602,40603,40604,40605,40606,40613,40614,
40616,40617,40618,40687,40711,40720,40733,40742,
40748,40780,40847,40863,40864,40868,40874,40876,
40886,40895,40896,40897,40898,40899,40900,40901,
40902,40903,40904,40905,40906,40971,40994,41149,
41388,41441,41453,41455,41465,41479,41547,41682,
41683,41690,41714,41715,41716,41717,41718,41720,
41722,41723,41724,41725,41727,41748,41780,41889,
41890,41912,41917,41921,41923,41924,41925,41927,
41928,41929,41930,41934,41937,41940,41952,41953,
41954,41955,41957,41960,41965,41966,41967,41993,
42095,42169,42173,42180,42215,42274,42277,42278,
42290,42361,42362,42367,42445,42446,42448,42450,
42455,42456,42460,42473,42490,42511,42532,42536,
42538,42542,42543,42564,42590,42591,42611,42612,
42613,42614,42615,42618,42619,42620,42622,42623,
42624,42625,42626,42627,42628,42629,42630,42631,
42632,42651,42664,42672,42673,42674,42675,42679,
42772,42773,42775,42780,42820,42841,42876,42877,
42948,42951,42952,43085,43201,43202,43216,43217,
43328,43332,43338,43343,43384,43439,43448,43471,
43483,43485,43487,43489,43490,43491,43492,43493,
43494,43495,43496,43497,43498,43506,43507,43508,
43510,43512,43514,43582,43636,43745,43746,43756,
43760,43761,43762,43765,43767,43769,43770,43775,
43779,43780,43781,43782,43783,43978,43979,43981,
43982,43983,43984,43986,43990,43996,44002,44006,
44009,44018,44161,44189,44191,44193,44194,44195,
44197,44198,44210,44310,44329,44356,44357,44365,
44366,44367,44381,44382,44383,44384,44385,44386,
44387,44388,44389,44390,44429,44473,44483,44486,
44490,44491,44492,44493,44494,44495,44565,44566,
44575,44576,44579,44580,44581,44582,44585,44590,
44591,44593,44594,44595,44598,44599,44603,44604,
44606,44607,44782,44785,44803,44804,44805,44806,
44807,44808,44810,44812,44814,44816,44819,44820,
44822,44824,44825,44826,44829,44830,44837,44840,
44849,44852,44903,44905,44909,45035,45041,45107,
45154,45162,45163,45164,45320,45323,45324,45327,
45329,45332,45467,45470,45481,45543,45651,45662,
45669,45684,45687,45720,45774,45785,45787,45790,
45791,45792,45793,45794,45795,45796,45797,45798,
45799,45801,45802,45804,45805,45807,45808,45809,
45810,45811,45812,45813,45814,45815,45816,45817,
45818,45819,45820,45821,45822,45823,45824,45825,
45826,45827,45828,45829,45830,45831,45832,45833,
45834,45835,45836,45837,45842,45844,45851,45855,
45859,45860,45861,45862,45863,45916,45917,46013,
46014,46016,46019,46021,46022,46025,46026,46027,
46028,46068,46093,46097,46099,46107,46109,46117,
46118,46122,46123,46183,46268,46277,46283,46303,
46306,46314,46315,46316,46319,46320,46321,46322,
46323,46324,46325,46326,46328,46330,46331,46332,
46333,46335,46336,46337,46338,46339,46340,46376,
46440,46441,46604,46620,46687,46688,46730,46746,
46760,46770,46771,46772,46788,46829,46830,46843,
46861,46862,46866,46868,46873,46875,47032,47033,
47035,47036,47037,47038,47039,47044,47045,47046,
47047,47049,47050,47056,47059,47060,47061,47067,
47069,47071,47072,47073,47074,47075,47076,47077,
47078,47079,47080,47083,47084,47085,47433,47475,
47557,47624,47649,47748,47787,47802,47841,47844,
47845,47846,47847,47848,47849,47851,47852,47853,
48168,48172,48243,48279,48281,48283,48359,48368,
48369,48370,48371,48372,48373,48378,48382,48533,
48567,48615,48628,48632,48634,48635,48636,48668,
48671,48672,48785,48830,48878,48879,48880,48881,
48882,48883,48884,49133,49140,49142,49153,49154,
49156,49158,49164,49165,49166,49299,49309,49311,
49319,49386,49406,49408,49409,49445,49451,49530,
49553,49554,49555,49557,49558,49559,49627,49643,
49679,49683,49689,49696,49697,49698,49700,49708,
49713,49714,49744,49825,49888,49950,50115,50122,
50123,50125,50129,50130,50131,50132,50133,50138,
50142,50152,50223,50231,50232,50233,50252,50257,
50259,50260,50261,50262,50263,50264,50265,50266,
50272,50278,50280,50283,50284,50288,50291,50295,
50296,50297,50298,50301,50302,50309,50310,50320,
50334,50348,50378,50469,50475,50478,50581,50654,
50656,50657,50658,50659,50660,50662,50663,50664,
50665,50667,50668,50701,50728,50750,50753,50754,
50756,50757,50758,50759,50760,50761,50762,50763,
50764,50768,50769,50866,50871,50884,50889,50890,
50925,50942,50945,50946,50968,50969,50975,50976,
50977,50979,50985,50987,50996,51034,51044,51047,
51048,51049,51050,51162,51203,51239,51289,51301,
51302,51308,51317,51319,51327,51331,51332,51338,
51342,51492,51584,51616,51928,51971,51976,52046,
52182,52361,52362,52465,52469,52697,52699,52784,
52787,52788,52790,52791,52792,52794,52795,52796,
52797,52798,52799,52800,52801,52802,52803,52806,
52807,52815,52820,52831,52844,52873,52874,52875,
52878,52881,52882,52883,52884,52885,52887,52889,
52890,52891,52892,52893,52894,52895,52897,52899,
52900,52901,52902,52903,52904,52905,52906,52907,
52908,52909,52910,52911,52913,52914,52916,52917,
52918,52919,52920,52921,52922,52923,52924,52963,
52964,52965,52966,52969,52970,52971,52972,52981,
52983,52984,52986,52987,52988,52989,52990,52991,
52993,52995,53023,53024,53027,53028,53029,53030,
53031,53032,53038,53040,53045,53046,53047,53048,
53049,53050,53177,53185,53186,53189,53260,53288,
53340,53343,53344,53345,53346,53347,53348,53349,
53350,53351,53352,53354,53358,53359,53360,53361,
53362,53363,53364,53365,53366,53423,53433,53436,
53441,53446,53551,53552,53571,53578,53587,53591,
53597,53620,53628,53630,53659,53686,53721,53731,
53732,53733,53736,53737,53738,53739,53740,53741,
53742,53743,53744,53745,53747,53749,53750,53751,
53752,53753,53755,53756,53758,53759,53760,53761,
53762,53766,53769,53770,53771,53772,53773,53775,
53776,53777,53914,53944,53963,53964,53980,53981,
53982,53983,53984,53985,53986,53987,53988,53989,
53990,53991,53992,53993,53997,53998,54000,54002,
54003,54009,54010,54024,54027,54028,54029,54030,
54031,54076,54083,54087,54088,54109,54110,54111,
54112,54113,54114,54116,54117,54118,54122,54123,
54124,54125,54126,54127,54128,54227,54248,54483,
54505,54513,54527,54536,54538,54539,54540,54541,
54542,54545,54547,54548,54549,54550,54552,54553,
54554,54556,54558,54559,54560,54674,54691,54692,
54784,54835,54860,54870,54871,54892,54897,54908,
54909,54950,54952,54953,54954,54955,54957,54958,
54960,54962,54964,54965,54966,54967,54968,54970,
54971,54972,54974,54986,55006,55007,55012,55013,
55014,55015,55016,55017,55018,55022,55023,55024,
55025,55026,55027,55028,55029,55030,55031,55032,
55033,55034,55357,55379,55392,55395,55400,55404,
55651,55652,55653,55656,55658,55659,55661,55662,
55664,55665,55668,55669,55725,55728,55797,55822,
55823,55829,55830,55844,55846,55859,55860,55861,
55862,55863,55864,55866,55867,55869,55870,55965,
55967,55968,55979,55982,55986,56007,56028,56049,
56064,56068,56069,56070,56092,56093,56094,56096,
56098,56099,56100,56101,56103,56104,56106,56107,
56108,56109,56110,56111,56112,56139,56141,56144,
56145,56146,56147,56157,56158,56160,56161,56162,
56164,56165,56166,56169,56170,56172,56174,56176,
56177,56179,56180,56181,56182,56184,56185,56187,
56188,56189,56193,56196,56198,56206,56207,56208,
56209,56210,56211,56212,56213,56214,56215,56216,
56217,56218,56219,56220,56221,56222,56223,56224,
56225,56226,56227,56228,56229,56230,56231,56232,
56233,56234,56235,56236,56237,56241,56244,56245,
56253,56254,56255,56256,56257,56259,56266,56270,
56274,56280,56291,56292,56293,56294,56295,56296,
56297,56298,56299,56300,56301,56302,56303,56304,
56305,56306,56307,56308,56309,56310,56311,56312,
56313,56314,56315,56316,56317,56318,56319,56320,
56321,56322,56323,56388,56427,56488,56489,56490,
56495,56497,56498,56499,56501,56502,56503,56504,
56505,56506,56507,56508,56509,56510,56511,56512,
56513,56514,56517,56532,56533,56545,56547,56548,
56549,56550,56551,56552,56553,56555,56557,56558,
56560,56579,56584,56612,56615,56616,56619,56621,
56666,56706,56761,56776,56787,56791,56792,56793,
56794,56796,56797,56798,56800,56801,56802,56803,
56804,56805,57022,57023,57024,57026,57029,57030,
57031,57032,57033,57035,57036,57037,57038,57040,
57041,57043,57044,57045,57046,57047,57049,57050,
57051,57052,57053,57054,57056,57058,57059,57060,
57061,57090,57103,57104,57105,57110,57111,57115,
57116,57118,57119,57120,57128,57196,57216,57219,
57220,57222,57223,57224,57225,57226,57227,57228,
57229,57231,57232,57233,57234,57235,57236,57238,
57239,57240,57241,57242,57243,57244,57245,57246,
57248,57249,57250,57253,57254,57255,57256,57257,
57280,57281,57306,57307,57309,57310,57311,57312,
57313,57315,57316,57321,57322,57326,57327,57328,
57330,57351,57373,57385,57386,57387,57454,57715,
57731,57747,57748,57749,57751,57753,57754,57757,
57759,57760,57761,57762,57763,57764,57765,57766,
57768,57769,57770,57771,57772,57773,57774,57776,
57777,57778,57781,57782,58099,58310,58331,58347,
58437,58537,58547,58600,58810,58813,58831,58832,
58833,58834,58835,58897,59085,59215,59220,59222,
59235,59569,59597,59610,59620,59625,59626,59627,
59629,59630,59631,59632,59633,59634,59635,59636,
59637,59638,59639,59640,59641,59642,59643,59644,
59645,59646,59648,59649,59650,59651,59652,59653,
59654,59655,59656,59657,59658,59659,59662,59663,
59718,59730,59731,59732,59733,59740,59741,59743,
59744,59745,59746,59754,59756,59757,59784,59785,
59943,59944,59946,59948,59950,59953,59954,59955,
59956,60032,60033,60034,60038,60040,60041,60042,
60043,60044,60045,60046,60047,60048,60049,60050,
60051,60052,60053,60054,60057,60059,60060,60061,
60062,60063,60127,60129,60151,60153,60155,60156,
60157,60158,60159,60160,60161,60163,60164,60165,
60166,60169,60170,60171,60174,60175,60186,60223,
60227,60232,60233,60413,60419,60433,60435,60535,
60543,60594,60605,60607,60619,60626,60641,60642,
60644,60645,60648,60649,60650,60651,60818,60856,
60864,60920,60930,60931,60935,60938,60939,60940,
60941,60947,60948,60949,60951,60952,60958,60960,
60961,60962,60963,60964,60970,60972,60973,60974,
60975,60979,61271,61273,61335,61349,61469,61547,
61562,61563,61717,61748,61753,61763,61776,61777,
61778,61779,61780,61781,61783,61784,61785,61786,
61788,61791,61792,61793,61795,61796,61797,61800,
61801,61834,61841,61852,61854,61856,61858,61860,
61861,61862,61863,61864,61865,61866,61867,61868,
61869,61870,61871,61872,61873,61980,62059,62064,
62072,62190,62237,62248,62250,62251,62255,62292,
62293,62294,62295,62296,62297,62298,62299,62300,
62301,62302,62303,62304,62305,62306,62307,62308,
62309,62311,62313,62317,62319,62320,62321,62322,
62324,62357,62362,62363,62364,62370,62371,62373,
62388,62389,62390,62576,62577,62586,62587,62590,
62593,62594,62597,62598,62599,62600,62601,62602,
62603,62604,62605,62606,62608,62609,62610,62611,
62615,62652,62902,62906,63005,63047,63215,63282,
63329,63341,63342,63343,63344,63345,63346,63347,
63348,63349,63350,63351,63352,63353,63354,63356,
63357,63358,63359,63512,63524,63544,63626,63657,
63658,63659,63660,63663,63664,63669,63720,63721,
63728,63733,63734,63736,63739,63747,63748,63749,
63751,63752,63753,63754,63755,63946,63983,63984,
63985,63986,63987,63988,63989,63990,63991,63992,
63993,63994,63995,63996,63997,63998,63999,64000,
64001,64002,64003,64004,64005,64006,64007,64008,
64009,64010,64011,64017,64107,64109,64117,64118,
64119,64120,64121,64122,64123,64124,64125,64126,
64127,64128,64129,64130,64131,64132,64133,64134,
64135,64136,64137,64139,64140,64141,64143,64145,
64150,64151,64152,64153,64158,64159,64160,64161,
64162,64163,64164,64165,64166,64167,64168,64172,
64173,64174,64175,64176,64177,64178,64179,64180,
64181,64182,64621,64623,64625,64628,64629,64630,
64631,64632,64633,64634,64635,64636,64637,64638,
64639,64640,64641,64642,64754,64755,64756,64764,
64765,64766,64767,64774,64775,64843,64844,64845,
65024,65205,65207,65756,65764,66308,66309,66310,
66312,66313,66314,66315,66316,66319,66320,66322,
66323,66324,66327,66329,66330,66331,66332,66333,
66334,66335,66337,66338,66339,66340,66341,66342,
66344,66346,66347,66348,66349,66350,66351,66352,
66353,66354,66355,66356,66357,66358,66368,66369,
66370,66371,66372,66376,66484,66509,66513,66535,
66542,66543,66544,66548,66549,66550,66551,66552,
66553,66554,66555,66556,66557,66558,66560,66561,
66562,66564,66565,66566,66567,66568,66569,66570,
66571,66572,66573,66574,66575,66576,66577,66578,
66579,66580,66581,66582,66583,66584,66585,66586,
66587,66588,66589,66594,66595,66599,66600,66602,
66603,66604,66605,66606,66607,66608,66819,66820,
66821,66822,66823,66824,66825,66826,66827,66828,
66829,66830,66831,66832,66833,66834,66835,66837,
66839,66840,66841,66842,66936,66940,66942,66943,
66944,66945,66946,66948,66949,66953,66954,66955,
66956,66957,66958,66959,66960,66961,66962,66963,
66964,66965,66966,66967,66968,67044,67045,67062,
67068,67069,67077,67078,67082,67083,67084,67085,
67086,67087,67088,67089,67091,67092,67093,67094,
67095,67096,67097,67098,67099,67108,67117,67121,
67124,67152,67155,67156,67157,67158,67159,67611,
67612,67625,67626,67627,67628,67629,67631,67632,
67634,67635,67636,67638,67639,67640,67641,67642,
67643,67644,67781,67784,67786,67790,67791,67797,
67798,67799,67890,67891,67892,67893,67894,67895,
67896,67898,67899,67902,67905,67906,67907,67908,
67909,67910,67911