64,380,537,541,565,596,607,618,
623,681,686,699,706,732,733,743,
864,884,888,893,1005,1007,1060,1088,
1164,1214,1231,1271,1351,1379,1426,1480,
1489,1552,1553,1575,1657,1705,1745,1786,
1802,1874,1907,1929,1960,2028,2090,2095,
2134,2153,2198,2201,2218,2229,2239,2323,
2385,2390,2394,2416,2465,2521,2605,2628,
2651,2658,2689,2700,2702,2756,2778,2780,
2810,2829,2835,2894,2920,2923,2925,2935,
2941,2942,2952,2955,2960,2980,3005,3016,
3056,3120,3121,3127,3198,3338,3382,3393,
3418,3432,3439,3440,3503,3583,3633,3645,
3670,3686,3726,3740,3749,3790,3799,3801,
3825,3829,3835,3849,3856,3871,3880,3883,
3895,3923,3924,3926,3934,3937,3940,3945,
3952,4050,4055,4067,4087,4109,4159,4169,
4191,4196,4203,4238,4248,4262,4276,4279,
4287,4289,4302,4303,4318,4335,4360,4376,
4380,4393,4454,4465,4603,4624,4653,4667,
4669,4804,4817,4819,4820,4828,4829,4865,
4944,4989,5042,5068,5207,5228,5250,5251,
5266,5377,5384,5422,5433,5481,5489,5504,
5672,5690,5713,5742,5817,5826,5834,5937,
6012,6087,6105,6140,6143,6148,6160,6193,
6195,6214,6260,6356,6626,6634,6678,6711,
6746,6809,6821,6999,7014,7226,7427,7437,
7478,7550,7615,7675,7686,7719,7809,7823,
7844,7890,7896,7932,8021,8220,8221,8232,
8235,8245,8270,8331,8485,8504,8523,8535,
8537,8655,8683,8753,8755,8764,8769,8803,
8861,8872,8873,8903,8914,9248,9299,9309,
9318,9352,9370,9375,9381,9417,9453,9562,
9568,9575,9634,9703,9705,9714,9717,9718,
9819,9898,10124,10133,10142,10210,10283,10316,
10323,10325,10389,10403,10420,10449,10516,10575,
10627,10667,10677,10739,10771,10892,10894,10956,
10967,10993,11011,11091,11202,11220,11295,11298,
11301,11302,11310,11312,11316,11318,11320,11321,
11322,11325,11326,11491,11500,11547,11587,11589,
11606,11630,11631,11634,11642,11643,11644,11652,
11654,11656,11663,11709,11828,12085,12100,12159,
12184,12286,12307,12385,12425,12431,12508,12512,
12557,12628,12733,12735,12814,12870,12871,12929,
12951,12994,12995,12997,13030,13072,13084,13106,
13119,13122,13159,13306,13312,13320,13335,13340,
13341,13343,13349,13353,13360,13527,13592,13725,
13771,13910,13934,13950,13968,14056,14058,14064,
14166,14210,14211,14237,14249,14279,14308,14309,
14363,14612,14654,14670,14699,14717,14725,14799,
14890,14918,14923,14989,14996,14998,15013,15101,
15141,15266,15326,15334,15349,15351,15358,15359,
15361,15362,15363,15364,15432,15439,15466,15580,
15702,15716,15812,15825,15925,15934,15973,15999,
16019,16063,16100,16126,16228,16297,16312,16383,
16384,16487,16494,16495,16537,16541,16543,16545,
16546,16733,16783,16784,16787,16790,16791,16792,
16800,16805,16875,17026,17125,17147,17194,17198,
17227,17228,17286,17300,17304,17306,17307,17311,
17317,17318,17319,17414,17421,17635,17641,17644,
17645,17660,17663,17665,17708,17711,17718,17733,
17739,17849,17885,17980,17991,18051,18099,18129,
18132,18163,18235,18280,18349,18395,18400,18557,
18565,18682,18717,18719,18720,18726,18731,18732,
18737,18749,18823,18830,18907,19000,19135,19147,
19157,19165,19197,19200,19207,19215,19261,19310,
19423,19442,19444,19450,19454,19469,19484,19521,
19524,19529,19531,19533,19537,19538,19540,19544,
19545,19668,19693,19707,19710,19714,19716,19724,
19742,19764,19779,19871,19872,19890,19907,20093,
20108,20117,20226,20239,20258,20282,20285,20286,
20380,20383,20400,20505,20507,20516,20547,20602,
20691,20694,20742,20757,20767,20783,20785,20788,
20791,20801,20802,20803,20821,20851,20855,20860,
20861,20864,20865,20866,20867,20871,20872,20875,
21053,21093,21159,21176,21287,21524,21526,21528,
21605,21661,21736,21838,21865,21921,21922,21924,
21926,21928,21929,21935,21938,21946,21947,21948,
21950,21952,21956,21970,21981,22011,22017,22422,
22429,22446,22462,22477,22538,22559,22560,22606,
22680,22689,22690,22691,22694,22697,22699,22700,
22701,22702,22703,22704,22705,22706,22707,23001,
23004,23016,23019,23087,23179,23519,23584,23600,
23602,23658,23689,23692,23704,23705,23706,23708,
23712,23713,23715,23716,23718,23719,23721,23724,
23889,23938,23941,23947,23972,23990,23991,24005,
24006,24008,24013,24015,24017,24021,24193,24194,
24197,24238,24239,24240,24246,24247,24256,24349,
24420,24421,24425,24663,24679,24732,24734,24744,
24817,24901,24905,24909,24910,24914,24930,25072,
25087,25124,25129,25202,25210,25219,25247,25296,
25544,25546,25547,25550,25564,25565,25612,25632,
25635,25663,25692,25718,25853,25862,25919,25926,
25927,25936,25976,25978,26075,26078,26089,26094,
26099,26318,26554,26609,26641,26664,27162,27164,
27243,27246,27258,27344,27567,27569,27570,27572,
27573,27574,27577,27581,27582,27583,27585,27586,
27655,27712,27794,27808,27812,28117,28123,28237,
28270,28302,28303,28306,28308,28543,28555,28556,
28560,28561,29178,29190,29194,29207,29222,29223,
29224,29227,29228,29229,29230,29231,29232,29233,
29245,29268,29275,29276,29293,29310,29533,29545,
29555,30461,30463,30465,30587,30801,30852,30853,
30878,30879,30884,30921,31036,31105,31107,31110,
31117,31125,31132,31134,31135,31138,31143,31144,
31145,31146,31247,31442,31443,31447,31498,31515,
31526,31527,31530,31531,31591,31696,31708,31724,
31730,31736,31737,31739,31743,31774,31793,31824,
31851,31961,31976,31978,32064,32065,32128,32452,
32483,32485,32486,32487,32490,32491,32493,32497,
32498,32499,32500,32504,32506,32507,32510,32511,
32518,32522,32525,32526,32539,32541,32548,32645,
32654,32657,32667,32700,32722,32773,32786,32814,
32815,33275,33277,33282,33304,33421,33557,33567,
33575,33748,33758,33763,33771,33774,33776,33777,
33854,33871,34024,34042,34178,34206,34350,34374,
34527,34547,34651,34688,34706,34707,34721,34831,
34845,34849,34974,35006,35007,35008,35061,35072,
35116,35117,35121,35122,35132,35133,35289,35292,
35503,35508,35509,35510,35512,35514,35515,35516,
35517,35518,35519,35520,35521,35523,35729,35730,
35731,35734,35735,35739,35740,35741,35742,35745,
35746,35747,35748,35749,35752,35803,35813,35857,
35858,35864,35976,36064,36384,36466,36619,36626,
36635,36665,36666,36712,36806,36818,36819,36826,
36827,36829,36830,36831,36832,36833,36834,36835,
36836,36837,36839,36841,36842,36843,36844,36845,
36846,36848,36851,36852,36878,36962,37059,37073,
37135,37148,37150,37161,37738,37740,37971,37980,
37987,38048,38050,38051,38054,38060,38194,38702,
38703,38735,39294,39362,39373,39484,39485,39511,
39517,39518,39522,39523,39524,39530,39578,39585,
39586,39588,39593,39594,39595,39596,39597,39602,
39612,39614,39640,39651,39681,39851,39865,39870,
39872,39879,39964,40063,40070,40082,40092,40094,
40101,40102,40257,40626,40650,40652,40821,40843,
40844,40853,40861,40865,41348,41620,41753,41776,
41780,41784,41785,41789,41790,41791,41792,41793,
41794,41795,41796,42051,42089,42199,42203,42206,
42207,42209,42210,42247,42253,42270,42272,42275,
42279,42516,42566,42605,42999,43187,43188,43189,
43190,43191,43196,43197,43198,43199,43201,43810,
43812,43817,43819,43874,43878,43880,43882,43891,
43895,43896,43903,43906,43907,43913,43994,43996,
44000,44001,44005,44007,44023,44034,44337,44354,
44368,44369,44370,44483,44565,44585,44586,44587,
44590,44592,44593,44597,44598,44599,44600,44601,
44602,44606,44607,44738,45068,45100,45215,45226,
45232,45438,45439,45445,45446,45448,45456,45465,
45721,45880,45916,45934,45938,45939,45963,45964,
46067,46158,46372,46524,46527,46539,46544,46551,
46552,46555,46556,46841,46884,46885,46891,46917,
46922,46923,46925,46926,46927,46928,46929,46930,
46931,46961,46962,47027,47046,47074,47090,47099,
47105,47106,47109,47112,47113,47114,47115,47116,
47123,47124,47125,47126,47127,47129,47207,47223,
47228,47316,47320,47321,47322,47323,47330,47332,
47358,47442,47448,47554,47555,47556,47558,47559,
47560,47563,47564,47565,47566,47567,47836,47839,
47840,47841,47842,47843,47844,47845,47846,47849,
47850,47851,47852,47853,47854,47855,47856,47857,
47858,47859,47860,47861,47862,47863,47864,48119,
48164,48199,48562,48563,48564,48565,48566,48567,
48568,48569,48570,48571,48572,48576,48577,48578,
48579,48580,48618,48619,48870,48964,48976,48977,
49043,49046,49125,49268,49545,49578,49583,49589,
49591,49595,49638,49944,50098,50101,50368,50819,
51107,51280,51295,51298,51306,51307,51308,51311,
51316,51325,51326,51327,51336,51344,51345,51349,
51351,51355,51356,51562,51794,51797,51807,51808,
51809,51810,51811,51812,51813,51814,51815,51897,
52206,52207,52208,52211,52212,52213,52214,52216,
52218,52220,52221,52222,52223,52224,52225,52227,
52228,52229,52230,52231,52232,52234,52235,52236,
52237,52304,52306,53023,53027,53028,53053,53054,
53060,53061,53062,53067,53070,53071,53075,53076,
53080,53085,53089,53095,53096,53097,53099,53101,
53156,53280,53652,53655,53662,53691,53692,53693,
53694,53695,53696,53697,54110,54151,54189,54196,
54204,54205,54210,54214,54278,54290,54293,54294,
54296,54414,54419,54424,54630,54685,54687,54698,
54705,54781,54974,54975,54978,54979,54986,54990,
55114,55115,55133,55136,55138,55578,55634,56345,
56457,56458,56459,56460,56655,56741,56742,56743,
56744,56745,56746,56747,56748,56750,56751,56752,
56755,56756,56758,56759,56761,56765,57218,57219,
57220,57221,57222,57258,57264,57265,57287,57288,
57551,57552,58403,58418,58419,58420,58421,58422,
58423,58424,58425,58426,58427,58428,58509,58515,
59014,59381,59388,59389,59391,59392,59397,59398,
59399,59400,59401,59808,59812,59813,59833,59834,
59835,59836,59971,59986,60021,60024,60044,60046,
60047,60048,60049,60050,60051,60052,60053,60055,
60064,60161,60162,60624,60629,60630,61008,61014,
61021,61022,61023,61024,61025,61026,61484,62045,
62046,62047,62048,62049,62050,62051,62052,62053,
62054,62055,62056,62057,62058,62059,62060,62061,
62142,62143,62146,62147,62291,62295,62408,62409,
62411,62412,62413,62415,62416,62709,62711,62717,
62722,62728,62752,62753,62754,62755,62756,62757,
62758,62759,63015,63016,63018,63020,63022,63023,
63024,63025,63026,63030,63031,63032,63033,63035,
63036,63037,63168,63175,63439,63440,63442,63443,
63445,63792,63793,63794,63803,63804,65003,65015,
65018,65513,65515,65520,65824,65856,65857,65859,
65860,65862,65863,65864,65865,65866,65867,65868,
65869,65870,65874,65876,65877,65878,65879,66823,
66824,66825,66828,66829,66830,66831,66832,66833,
66836,66837,66838,67282,67283,67284,67285,67286,
67287,67288,67290,67540,67557,67558,67559,67560,
67561,67562,67914,67915,67916