10,33,77,87,88,106,125,130,
154,162,172,174,184,215,231,258,
267,297,318,320,321,328,331,334,
364,381,384,391,392,415,422,426,
430,432,440,444,447,449,460,487,
498,526,529,534,535,541,543,544,
546,549,554,555,576,595,607,610,
617,621,622,626,630,639,645,650,
654,658,666,677,681,695,700,708,
713,716,737,739,745,746,754,760,
763,797,810,825,852,860,861,867,
868,869,880,889,896,898,899,900,
919,920,921,923,933,935,937,946,
953,955,961,968,970,972,975,978,
989,992,1000,1014,1017,1022,1028,1029,
1035,1039,1040,1045,1075,1077,1083,1092,
1094,1103,1111,1114,1133,1138,1139,1147,
1149,1156,1167,1168,1189,1199,1203,1212,
1222,1248,1305,1318,1320,1323,1340,1344,
1368,1370,1371,1376,1377,1386,1387,1400,
1414,1437,1460,1468,1475,1505,1544,1548,
1557,1576,1578,1603,1610,1614,1618,1620,
1631,1635,1638,1642,1654,1661,1662,1668,
1683,1692,1694,1706,1708,1711,1715,1721,
1722,1729,1743,1744,1748,1749,1757,1762,
1770,1772,1781,1784,1788,1793,1807,1810,
1814,1815,1820,1829,1834,1836,1845,1851,
1856,1859,1861,1862,1863,1864,1874,1878,
1887,1892,1893,1897,1904,1949,1972,1980,
1986,2004,2010,2011,2022,2030,2052,2058,
2075,2082,2088,2091,2095,2097,2100,2102,
2109,2111,2113,2136,2139,2155,2171,2209,
2210,2211,2245,2249,2293,2306,2312,2318,
2337,2353,2358,2363,2371,2378,2388,2390,
2410,2422,2425,2453,2454,2481,2484,2487,
2489,2495,2500,2518,2527,2545,2555,2557,
2566,2591,2592,2593,2599,2600,2611,2613,
2626,2634,2635,2668,2702,2708,2719,2729,
2730,2741,2758,2764,2777,2812,2814,2841,
2844,2851,2858,2862,2865,2869,2873,2877,
2879,2884,2890,2896,2898,2900,2901,2903,
2907,2909,2913,2930,2938,2940,2945,2960,
2962,2968,2970,2973,2974,2981,2992,3001,
3006,3007,3035,3036,3038,3044,3051,3057,
3062,3067,3124,3133,3160,3177,3193,3206,
3212,3220,3228,3232,3264,3294,3297,3304,
3321,3363,3372,3374,3379,3391,3393,3419,
3425,3432,3447,3453,3457,3458,3472,3477,
3483,3496,3500,3510,3516,3527,3529,3530,
3533,3534,3542,3549,3563,3566,3613,3621,
3650,3654,3660,3664,3666,3674,3679,3691,
3698,3708,3711,3751,3754,3782,3796,3799,
3805,3839,3848,3854,3857,3870,3881,3882,
3888,3909,3911,3928,3961,3963,3980,3982,
4018,4028,4051,4069,4080,4091,4105,4112,
4117,4133,4145,4157,4172,4183,4188,4197,
4203,4205,4238,4246,4292,4389,4415,4434,
4453,4511,4514,4524,4559,4566,4572,4581,
4607,4618,4631,4633,4642,4663,4665,4689,
4690,4691,4699,4711,4718,4719,4740,4742,
4743,4757,4760,4799,4800,4811,4812,4814,
4817,4823,4834,4853,4854,4857,4861,4867,
4871,4872,4902,4911,4916,4917,4919,4932,
4933,4937,4938,4965,5034,5068,5074,5075,
5079,5101,5172,5177,5239,5304,5308,5320,
5322,5333,5371,5374,5379,5394,5398,5405,
5408,5409,5414,5429,5430,5433,5436,5437,
5452,5459,5464,5465,5476,5495,5496,5508,
5523,5528,5539,5540,5550,5551,5554,5564,
5569,5575,5586,5588,5615,5617,5618,5629,
5665,5670,5671,5676,5699,5715,5718,5725,
5752,5753,5760,5763,5773,5782,5788,5799,
5804,5822,5825,5843,5845,5887,5892,5904,
5906,5922,5928,5931,5938,5947,5949,5952,
5956,5957,5959,5966,5969,5970,5971,5972,
5977,5982,5984,5990,5996,6001,6014,6026,
6032,6035,6044,6047,6055,6060,6064,6095,
6099,6112,6127,6135,6147,6153,6155,6163,
6191,6195,6224,6237,6267,6278,6280,6284,
6290,6293,6297,6303,6311,6312,6319,6327,
6328,6337,6339,6341,6347,6355,6362,6384,
6392,6402,6415,6426,6440,6454,6455,6499,
6509,6513,6514,6516,6518,6522,6524,6525,
6526,6531,6537,6540,6543,6545,6561,6564,
6576,6583,6587,6590,6602,6612,6616,6620,
6621,6623,6631,6632,6635,6636,6641,6644,
6651,6671,6688,6709,6712,6715,6716,6722,
6725,6726,6727,6739,6745,6748,6760,6767,
6778,6789,6804,6808,6810,6826,6827,6833,
6838,6875,6905,6911,6924,6932,6933,6970,
6983,6985,6990,6992,6994,7006,7013,7020,
7021,7028,7040,7056,7059,7061,7070,7073,
7086,7115,7120,7131,7155,7174,7175,7181,
7185,7226,7237,7239,7272,7282,7294,7297,
7298,7305,7308,7312,7329,7330,7347,7352,
7354,7356,7360,7366,7367,7369,7391,7412,
7414,7415,7418,7419,7421,7422,7425,7431,
7439,7453,7458,7460,7461,7491,7500,7515,
7518,7527,7535,7539,7540,7543,7548,7552,
7592,7630,7642,7668,7677,7685,7698,7716,
7753,7791,7796,7805,7825,7830,7849,7868,
7904,7912,7913,7917,7923,7927,7933,7944,
7958,7963,7964,7970,8002,8008,8014,8016,
8023,8054,8098,8135,8141,8145,8147,8163,
8194,8218,8233,8243,8291,8307,8317,8339,
8364,8396,8415,8473,8478,8504,8508,8518,
8559,8563,8564,8598,8605,8606,8607,8608,
8609,8620,8622,8636,8643,8644,8698,8699,
8703,8705,8706,8710,8717,8720,8742,8799,
8834,8855,8868,8898,8910,8936,8968,8979,
9016,9032,9034,9037,9041,9045,9047,9048,
9052,9055,9060,9096,9120,9134,9160,9165,
9167,9168,9173,9180,9191,9194,9195,9199,
9206,9220,9221,9222,9223,9237,9238,9239,
9240,9244,9269,9271,9273,9275,9276,9278,
9280,9284,9287,9301,9315,9324,9330,9354,
9365,9366,9370,9371,9376,9378,9379,9381,
9383,9403,9408,9426,9442,9443,9452,9454,
9474,9501,9539,9564,9580,9639,9647,9691,
9703,9708,9731,9774,9777,9794,9797,9800,
9801,9803,9816,9819,9820,9825,9853,9858,
9870,9871,9872,9880,9893,9895,9898,9902,
9930,9934,9954,9955,9956,9962,9963,9968,
9970,9972,9977,9989,9992,9996,10003,10017,
10076,10082,10083,10099,10123,10174,10178,10181,
10182,10184,10191,10198,10202,10227,10241,10258,
10290,10307,10313,10337,10342,10345,10346,10347,
10349,10350,10357,10359,10360,10369,10371,10385,
10386,10395,10424,10425,10427,10430,10522,10533,
10567,10585,10621,10638,10641,10642,10643,10648,
10651,10652,10655,10656,10657,10669,10720,10792,
10793,10796,10800,10812,10850,10856,10862,10877,
10959,10994,11000,11015,11017,11020,11024,11027,
11031,11032,11036,11039,11044,11045,11046,11051,
11053,11062,11063,11071,11072,11080,11084,11085,
11095,11096,11097,11098,11124,11137,11159,11161,
11166,11191,11192,11212,11240,11249,11264,11323,
11338,11389,11394,11415,11432,11452,11453,11463,
11472,11490,11503,11509,11525,11528,11539,11547,
11548,11549,11551,11552,11553,11556,11557,11558,
11559,11560,11562,11563,11565,11566,11567,11568,
11577,11580,11599,11616,11621,11633,11637,11638,
11641,11643,11649,11650,11653,11655,11656,11657,
11658,11659,11680,11683,11695,11718,11720,11723,
11725,11730,11731,11732,11733,11735,11739,11745,
11747,11749,11753,11754,11804,11831,11863,11867,
11870,11871,11873,11879,11880,11881,11885,11892,
11900,11904,11919,11922,11935,11946,11955,11968,
11970,11978,11988,11995,12031,12034,12038,12044,
12055,12068,12071,12072,12073,12074,12075,12078,
12081,12084,12098,12150,12157,12174,12194,12275,
12279,12297,12314,12336,12337,12343,12347,12351,
12352,12374,12469,12475,12491,12502,12547,12586,
12590,12599,12603,12606,12640,12642,12657,12670,
12673,12676,12678,12680,12682,12683,12685,12686,
12687,12688,12689,12691,12703,12746,12766,12767,
12769,12770,12773,12779,12780,12781,12783,12784,
12787,12790,12794,12795,12818,12847,12848,12849,
12851,12856,12859,12861,12862,12864,12865,12869,
12876,12877,12878,12879,12880,12948,12951,12960,
12965,12968,12988,13004,13009,13016,13018,13019,
13049,13066,13090,13092,13100,13123,13128,13155,
13156,13166,13178,13197,13198,13210,13246,13253,
13261,13267,13271,13275,13326,13425,13439,13443,
13445,13446,13447,13457,13461,13462,13463,13467,
13469,13474,13478,13479,13525,13565,13590,13600,
13604,13620,13621,13661,13668,13670,13676,13680,
13682,13683,13694,13700,13715,13748,13794,13813,
13838,13882,13887,13890,13919,13957,13965,13990,
13999,14000,14015,14016,14018,14023,14024,14030,
14031,14032,14034,14035,14036,14040,14047,14052,
14084,14085,14098,14150,14161,14163,14182,14217,
14254,14257,14274,14291,14294,14300,14313,14371,
14382,14411,14533,14534,14535,14538,14542,14545,
14546,14550,14551,14554,14556,14557,14561,14562,
14563,14565,14566,14570,14578,14591,14617,14631,
14636,14645,14655,14659,14666,14670,14671,14672,
14674,14675,14678,14679,14680,14747,14773,14779,
14782,14785,14788,14810,14812,14818,14824,14854,
14877,14898,14905,14921,14936,14937,14938,14945,
14954,14957,14960,14965,14970,14971,14972,14976,
14979,14981,14983,14985,14987,14989,14994,14996,
14999,15001,15002,15005,15008,15009,15014,15017,
15018,15019,15020,15055,15092,15120,15129,15177,
15181,15220,15237,15293,15294,15313,15314,15315,
15320,15328,15332,15334,15340,15345,15349,15351,
15360,15376,15385,15386,15392,15394,15402,15414,
15441,15442,15443,15446,15448,15450,15459,15461,
15462,15463,15467,15468,15474,15475,15483,15487,
15493,15515,15523,15586,15590,15592,15599,15605,
15610,15616,15621,15627,15633,15636,15643,15686,
15702,15703,15713,15717,15718,15733,15734,15799,
15804,15811,15817,15820,15824,15832,15833,15836,
15841,15842,15867,15912,15950,15958,15959,15976,
15977,15992,15999,16003,16005,16006,16008,16010,
16011,16012,16013,16014,16016,16017,16019,16021,
16024,16025,16027,16036,16049,16051,16062,16091,
16107,16114,16122,16149,16157,16159,16161,16162,
16163,16164,16165,16166,16168,16169,16171,16172,
16174,16175,16176,16177,16178,16179,16180,16181,
16183,16184,16186,16187,16199,16203,16214,16262,
16267,16269,16274,16276,16278,16280,16281,16282,
16283,16284,16285,16291,16295,16296,16297,16299,
16300,16301,16304,16338,16344,16386,16388,16392,
16396,16397,16401,16409,16419,16428,16434,16445,
16451,16455,16456,16457,16458,16466,16504,16514,
16531,16536,16542,16546,16547,16553,16557,16564,
16572,16587,16619,16660,16664,16669,16671,16672,
16681,16688,16697,16699,16705,16706,16709,16713,
16715,16734,16747,16751,16754,16801,16802,16804,
16826,16852,16878,16887,16906,16919,16922,16923,
16924,16925,16928,16930,16948,16954,16998,17002,
17009,17037,17042,17047,17058,17059,17061,17062,
17063,17064,17065,17069,17071,17133,17140,17148,
17206,17210,17215,17218,17227,17361,17381,17479,
17480,17487,17492,17499,17509,17511,17514,17521,
17536,17544,17552,17553,17554,17561,17565,17567,
17570,17574,17576,17580,17584,17585,17607,17616,
17640,17647,17649,17685,17704,17803,17807,17811,
17813,17822,17823,17833,17834,17835,17839,17867,
17894,17899,17906,17920,17929,17941,17945,17946,
17952,17956,17963,17979,17998,18000,18005,18008,
18009,18033,18037,18040,18041,18042,18044,18045,
18047,18048,18051,18053,18054,18056,18059,18062,
18064,18081,18084,18085,18142,18143,18146,18167,
18180,18189,18205,18210,18217,18218,18224,18225,
18226,18229,18231,18232,18233,18234,18236,18237,
18238,18245,18252,18254,18262,18266,18278,18289,
18291,18294,18299,18300,18301,18302,18303,18304,
18305,18306,18307,18308,18315,18325,18329,18336,
18337,18347,18351,18352,18353,18355,18423,18452,
18460,18467,18475,18479,18483,18520,18521,18528,
18542,18550,18564,18606,18639,18655,18659,18664,
18669,18676,18677,18728,18735,18759,18808,18810,
18812,18813,18828,18833,18894,18909,18913,18932,
18934,18935,18942,18944,18948,18955,18956,18966,
18973,18979,19010,19016,19018,19025,19027,19028,
19029,19030,19066,19069,19070,19073,19096,19099,
19100,19104,19108,19112,19115,19116,19119,19120,
19126,19138,19146,19151,19172,19230,19234,19236,
19248,19262,19263,19264,19267,19274,19276,19280,
19281,19282,19284,19285,19286,19287,19288,19289,
19290,19292,19294,19295,19296,19297,19298,19300,
19302,19317,19395,19407,19423,19432,19447,19461,
19462,19464,19488,19492,19494,19498,19513,19536,
19633,19655,19656,19658,19660,19668,19673,19676,
19682,19687,19696,19697,19699,19701,19705,19706,
19711,19716,19724,19725,19728,19731,19732,19735,
19737,19738,19739,19751,19752,19772,19829,19831,
19840,19843,19844,19850,19857,19863,19866,19867,
19879,19885,19886,19898,19925,19932,19947,19953,
19989,20029,20033,20037,20040,20053,20063,20069,
20077,20080,20110,20139,20142,20148,20149,20156,
20163,20164,20165,20166,20167,20170,20171,20172,
20176,20179,20181,20182,20184,20185,20189,20190,
20191,20192,20193,20197,20203,20206,20207,20208,
20226,20246,20247,20248,20249,20254,20326,20337,
20341,20387,20470,20485,20486,20491,20505,20506,
20508,20511,20513,20514,20515,20516,20527,20528,
20530,20532,20539,20587,20622,20623,20625,20628,
20631,20632,20633,20635,20641,20642,20647,20679,
20680,20684,20685,20686,20687,20688,20691,20692,
20694,20696,20697,20701,20704,20705,20707,20722,
20725,20726,20727,20728,20757,20768,20771,20774,
20775,20780,20781,20782,20783,20784,20785,20786,
20789,20792,20794,20796,20799,20801,20804,20805,
20812,20844,20876,20877,20886,20893,20897,20902,
20930,20933,20937,20944,20953,20954,20957,20958,
20963,20964,21000,21046,21052,21055,21064,21089,
21096,21122,21126,21139,21141,21143,21144,21146,
21147,21149,21150,21151,21152,21155,21156,21160,
21164,21165,21170,21171,21172,21174,21176,21201,
21232,21237,21238,21239,21240,21241,21242,21246,
21248,21252,21255,21257,21301,21314,21319,21336,
21337,21338,21339,21371,21380,21385,21397,21404,
21474,21511,21513,21542,21549,21563,21567,21571,
21574,21575,21578,21579,21581,21583,21607,21615,
21660,21674,21679,21687,21710,21715,21722,21726,
21733,21747,21755,21784,21792,21797,21798,21799,
21803,21805,21812,21821,21890,21913,21941,21962,
21964,21977,21979,21981,21983,21987,22097,22098,
22102,22122,22127,22130,22132,22133,22183,22188,
22216,22218,22219,22222,22226,22228,22230,22231,
22232,22235,22236,22237,22238,22239,22240,22244,
22246,22247,22249,22250,22257,22258,22263,22321,
22392,22395,22396,22397,22400,22403,22404,22406,
22426,22427,22429,22434,22478,22487,22509,22543,
22544,22586,22600,22623,22635,22654,22655,22668,
22687,22722,22726,22728,22742,22769,22772,22774,
22776,22778,22779,22780,22790,22795,22796,22799,
22801,22802,22803,22805,22806,22809,22829,22895,
22899,22942,22968,22970,22972,22974,22977,22981,
23019,23033,23069,23070,23071,23072,23073,23074,
23076,23077,23078,23079,23080,23081,23082,23083,
23084,23111,23120,23139,23165,23225,23228,23229,
23233,23236,23237,23242,23244,23245,23271,23288,
23292,23294,23305,23313,23322,23354,23378,23379,
23382,23390,23395,23403,23408,23412,23415,23423,
23426,23429,23431,23450,23453,23469,23484,23498,
23499,23502,23506,23507,23542,23608,23609,23610,
23613,23614,23616,23617,23618,23619,23623,23624,
23633,23634,23635,23636,23638,23639,23640,23641,
23642,23643,23650,23669,23702,23714,23718,23723,
23731,23746,23752,23761,23763,23768,23814,23834,
23837,23838,23839,23852,23862,23867,23873,23881,
23884,23891,23953,24029,24033,24102,24109,24144,
24150,24158,24164,24166,24173,24176,24182,24183,
24185,24245,24270,24279,24302,24303,24311,24312,
24451,24458,24471,24475,24504,24508,24509,24510,
24528,24540,24542,24550,24570,24573,24577,24578,
24579,24582,24586,24587,24592,24593,24594,24595,
24596,24597,24598,24599,24600,24601,24602,24603,
24604,24613,24617,24624,24626,24631,24643,24662,
24666,24751,24753,24759,24763,24766,24768,24780,
24781,24782,24849,24879,24880,24884,24885,24889,
24892,24897,24899,24901,24909,24963,24989,24996,
24997,25001,25006,25010,25013,25024,25025,25026,
25029,25030,25032,25034,25035,25036,25037,25038,
25039,25083,25107,25109,25110,25111,25157,25158,
25159,25182,25185,25187,25198,25203,25218,25235,
25243,25244,25248,25249,25250,25259,25268,25271,
25274,25275,25360,25372,25381,25448,25450,25459,
25464,25488,25491,25493,25497,25499,25517,25544,
25551,25556,25558,25577,25578,25636,25709,25726,
25730,25734,25735,25736,25737,25739,25740,25742,
25750,25787,25866,25892,25893,25894,25902,25907,
25911,25917,25919,25922,25965,25973,25977,25979,
25984,26001,26003,26026,26030,26031,26034,26036,
26039,26040,26045,26051,26054,26055,26058,26059,
26060,26061,26062,26063,26064,26066,26067,26078,
26079,26094,26099,26117,26130,26150,26161,26162,
26167,26169,26170,26171,26178,26180,26181,26183,
26184,26185,26186,26187,26188,26189,26190,26191,
26193,26194,26195,26196,26197,26198,26199,26200,
26201,26203,26204,26206,26211,26212,26213,26215,
26217,26218,26219,26220,26222,26223,26224,26225,
26230,26232,26233,26234,26242,26244,26252,26256,
26259,26263,26266,26280,26290,26293,26298,26299,
26304,26306,26307,26311,26312,26315,26316,26321,
26322,26323,26324,26325,26326,26327,26330,26335,
26337,26339,26341,26343,26344,26345,26346,26347,
26348,26353,26394,26416,26448,26451,26455,26457,
26460,26461,26463,26500,26626,26640,26645,26646,
26647,26656,26657,26659,26664,26667,26670,26673,
26674,26675,26676,26684,26693,26717,26719,26724,
26725,26726,26728,26729,26730,26731,26733,26734,
26735,26736,26737,26738,26739,26743,26744,26745,
26751,26754,26755,26756,26757,26758,26779,26798,
26814,26845,26883,26896,26902,26952,26995,27018,
27022,27023,27024,27025,27028,27029,27031,27032,
27070,27071,27077,27082,27084,27088,27149,27156,
27159,27168,27181,27187,27188,27189,27191,27199,
27202,27224,27244,27252,27288,27322,27340,27349,
27350,27356,27364,27372,27378,27397,27398,27453,
27461,27501,27519,27524,27528,27530,27531,27533,
27535,27536,27537,27539,27540,27543,27544,27545,
27546,27547,27550,27552,27553,27554,27555,27556,
27558,27559,27565,27568,27571,27615,27625,27634,
27646,27648,27666,27670,27671,27672,27673,27674,
27677,27684,27688,27689,27690,27691,27692,27693,
27695,27697,27700,27702,27703,27704,27705,27713,
27714,27715,27716,27719,27720,27721,27722,27723,
27724,27725,27726,27727,27752,27788,27793,27795,
27813,27832,27838,27850,27853,27860,27861,27863,
27865,27866,27867,27869,27872,27874,27876,27878,
27881,27883,27885,27886,27889,27890,27893,27895,
27897,27898,27899,27901,27902,27904,27907,27909,
27910,27911,27912,27914,27930,27938,27939,27981,
27996,28084,28236,28242,28252,28289,28299,28311,
28322,28326,28327,28328,28329,28333,28334,28335,
28337,28338,28339,28350,28353,28355,28360,28362,
28366,28368,28369,28381,28406,28423,28510,28535,
28545,28572,28586,28593,28598,28601,28604,28615,
28616,28617,28618,28619,28620,28621,28622,28623,
28624,28625,28626,28627,28628,28629,28630,28631,
28655,28662,28664,28665,28666,28667,28668,28671,
28673,28674,28675,28676,28677,28678,28681,28682,
28683,28684,28685,28686,28687,28688,28689,28694,
28701,28717,28741,28742,28744,28745,28749,28750,
28751,28753,28754,28755,28756,28757,28775,28780,
28814,28836,28850,28902,28913,28925,28926,28927,
28928,28930,28932,28937,28947,28955,28958,28974,
28979,28982,28984,28988,28989,28990,28992,28996,
28997,28998,28999,29000,29002,29003,29004,29005,
29006,29007,29008,29009,29010,29011,29012,29013,
29014,29017,29021,29022,29023,29146,29147,29150,
29157,29164,29167,29230,29240,29251,29256,29259,
29260,29263,29271,29274,29275,29284,29285,29286,
29287,29328,29460,29463,29478,29487,29498,29499,
29510,29515,29516,29520,29521,29523,29527,29528,
29529,29532,29533,29577,29627,29656,29671,29682,
29720,29798,29824,29905,29910,29938,29997,30035,
30065,30082,30098,30281,30297,30300,30312,30313,
30314,30318,30320,30321,30334,30337,30338,30339,
30344,30351,30352,30356,30358,30365,30366,30368,
30394,30436,30453,30455,30456,30457,30462,30466,
30468,30469,30470,30471,30472,30473,30483,30484,
30486,30487,30489,30491,30492,30493,30494,30495,
30496,30497,30524,30560,30563,30567,30612,30613,
30616,30631,30639,30640,30642,30643,30646,30647,
30653,30654,30655,30658,30664,30666,30667,30680,
30682,30683,30692,30769,30809,30812,30858,30885,
30893,30898,30909,30928,30936,30994,31000,31003,
31006,31009,31018,31021,31022,31024,31025,31026,
31027,31031,31032,31033,31036,31038,31040,31041,
31042,31043,31045,31047,31048,31050,31051,31052,
31053,31054,31166,31211,31228,31242,31250,31260,
31261,31262,31265,31266,31267,31268,31271,31273,
31274,31275,31276,31277,31279,31303,31336,31337,
31367,31368,31369,31370,31373,31380,31395,31403,
31404,31405,31406,31407,31408,31411,31414,31415,
31417,31419,31421,31422,31428,31429,31435,31445,
31487,31519,31527,31643,31647,31648,31658,31659,
31660,31663,31664,31665,31666,31667,31668,31670,
31690,31721,31789,31791,31792,31819,31821,31831,
31848,31872,31873,31878,31889,31890,31891,31893,
31896,31899,31901,31932,31942,31967,31968,32063,
32077,32085,32090,32091,32095,32098,32100,32101,
32103,32104,32105,32106,32107,32108,32109,32110,
32111,32112,32113,32114,32116,32118,32119,32124,
32128,32129,32157,32188,32205,32268,32271,32272,
32275,32278,32279,32282,32299,32305,32313,32315,
32320,32351,32352,32472,32476,32477,32480,32483,
32492,32495,32498,32530,32587,32645,32659,32694,
32724,32747,32776,32812,32856,32866,32868,32922,
32926,32927,32932,32939,32947,32954,32961,32972,
32983,32993,32994,32995,32996,32997,32998,32999,
33000,33002,33005,33007,33008,33010,33013,33014,
33016,33017,33018,33019,33020,33022,33023,33024,
33025,33026,33027,33028,33029,33030,33094,33104,
33112,33124,33131,33133,33135,33136,33137,33148,
33172,33298,33350,33360,33362,33365,33371,33380,
33383,33399,33403,33448,33453,33481,33486,33487,
33488,33489,33494,33495,33497,33500,33501,33508,
33511,33512,33530,33532,33534,33540,33546,33551,
33552,33554,33557,33559,33560,33561,33563,33564,
33565,33566,33571,33572,33574,33575,33576,33578,
33582,33583,33585,33592,33593,33594,33595,33596,
33598,33601,33602,33612,33623,33625,33629,33633,
33636,33637,33641,33642,33646,33647,33648,33649,
33650,33651,33652,33653,33654,33658,33659,33660,
33662,33663,33664,33667,33669,33672,33677,33748,
33751,33753,33770,33774,33785,33786,33841,33849,
33851,33852,33856,33867,33869,33929,33969,34013,
34014,34015,34072,34127,34156,34157,34162,34164,
34170,34171,34173,34175,34224,34275,34287,34288,
34304,34305,34306,34309,34334,34377,34438,34468,
34492,34512,34520,34521,34524,34551,34567,34571,
34575,34589,34605,34606,34608,34609,34610,34616,
34633,34664,34677,34681,34683,34694,34723,34724,
34744,34760,34762,34763,34764,34766,34771,34773,
34775,34779,34783,34787,34790,34792,34793,34815,
34820,34822,34823,34824,34825,34827,34834,34864,
34915,34918,34923,34935,34953,34956,34965,34966,
34967,34969,34970,34984,34986,34988,34991,34994,
34995,34997,34998,34999,35003,35005,35006,35007,
35008,35010,35011,35013,35014,35015,35017,35018,
35019,35021,35022,35023,35024,35026,35027,35028,
35029,35031,35032,35036,35037,35038,35041,35042,
35043,35054,35099,35110,35120,35127,35133,35142,
35154,35160,35163,35168,35169,35170,35172,35175,
35191,35195,35212,35214,35215,35216,35217,35218,
35219,35220,35221,35223,35224,35225,35226,35227,
35228,35229,35230,35231,35232,35233,35234,35235,
35236,35238,35239,35240,35241,35242,35243,35244,
35245,35246,35247,35248,35249,35287,35302,35308,
35396,35399,35406,35408,35409,35410,35412,35413,
35417,35418,35419,35420,35422,35424,35427,35429,
35439,35446,35472,35478,35484,35502,35536,35548,
35556,35560,35561,35562,35563,35569,35574,35576,
35577,35578,35579,35583,35607,35650,35680,35697,
35698,35700,35701,35704,35706,35707,35708,35710,
35711,35712,35715,35716,35719,35741,35742,35743,
35744,35745,35746,35757,36004,36007,36009,36010,
36013,36014,36016,36017,36018,36020,36022,36023,
36025,36028,36030,36031,36091,36097,36104,36110,
36111,36114,36115,36117,36126,36127,36147,36197,
36203,36216,36218,36219,36224,36257,36266,36267,
36277,36319,36320,36331,36368,36369,36378,36476,
36480,36483,36486,36487,36511,36547,36568,36569,
36570,36571,36572,36574,36575,36576,36577,36579,
36582,36583,36584,36585,36586,36587,36588,36590,
36591,36592,36593,36594,36595,36596,36598,36600,
36602,36603,36606,36607,36608,36610,36611,36659,
36663,36664,36665,36669,36670,36671,36686,36732,
36826,36874,36881,36883,36936,36968,36970,37036,
37044,37055,37058,37059,37060,37064,37065,37066,
37072,37076,37078,37091,37095,37108,37111,37114,
37117,37124,37155,37172,37174,37227,37231,37236,
37252,37253,37255,37258,37259,37260,37261,37262,
37263,37264,37265,37266,37267,37268,37270,37272,
37274,37276,37278,37281,37282,37285,37286,37287,
37288,37289,37292,37294,37296,37312,37320,37323,
37324,37326,37328,37330,37333,37337,37338,37339,
37342,37346,37350,37352,37353,37354,37356,37360,
37362,37365,37441,37499,37584,37585,37593,37594,
37650,37658,37664,37696,37697,37730,37732,37737,
37741,37767,37847,37931,37932,37933,37937,37941,
37942,37967,37979,37982,37992,37995,37996,37997,
37998,38000,38002,38003,38004,38005,38007,38008,
38013,38015,38135,38143,38159,38176,38353,38355,
38358,38361,38362,38366,38367,38370,38371,38372,
38373,38374,38375,38376,38377,38448,38454,38464,
38468,38488,38547,38566,38643,38658,38659,38714,
38752,38753,38755,38758,38768,38781,38783,38806,
38807,38818,38820,38821,38822,38823,38824,38825,
38826,38827,38860,38873,38889,38896,38917,38919,
38931,38983,39000,39016,39017,39018,39019,39020,
39022,39049,39088,39105,39106,39107,39108,39109,
39110,39111,39115,39116,39117,39118,39119,39121,
39122,39123,39124,39128,39129,39130,39131,39145,
39147,39170,39173,39174,39176,39177,39183,39184,
39223,39335,39342,39399,39400,39407,39413,39468,
39469,39475,39478,39491,39515,39533,39563,39607,
39609,39620,39621,39624,39677,39684,39691,39731,
39734,39760,39761,39762,39763,39764,39765,39766,
39767,39768,39769,39772,39776,39793,39820,39821,
39822,39823,39829,39830,39832,39833,39836,39837,
39839,39841,39842,39843,39845,39846,39847,39848,
39849,39875,39905,39928,39938,39943,39950,39967,
39968,39969,39971,39972,39973,39974,39975,39978,
39979,39980,39981,39982,39983,39984,39987,39988,
39989,39990,39997,40013,40014,40026,40028,40030,
40031,40033,40034,40035,40039,40040,40046,40047,
40050,40051,40052,40064,40065,40070,40074,40082,
40086,40087,40088,40089,40090,40092,40093,40094,
40095,40096,40097,40098,40099,40100,40101,40102,
40103,40104,40105,40106,40107,40108,40110,40117,
40163,40164,40166,40168,40170,40171,40172,40176,
40177,40179,40180,40182,40183,40187,40188,40222,
40241,40242,40248,40250,40251,40252,40270,40272,
40274,40275,40276,40277,40280,40282,40284,40286,
40287,40289,40290,40291,40292,40293,40294,40299,
40300,40303,40304,40311,40314,40315,40353,40381,
40394,40395,40417,40422,40423,40441,40473,40482,
40504,40513,40515,40516,40517,40518,40521,40523,
40524,40528,40546,40571,40572,40631,40657,40659,
40661,40662,40665,40666,40668,40669,40670,40671,
40672,40673,40674,40675,40676,40677,40678,40679,
40680,40681,40682,40683,40684,40685,40686,40688,
40689,40693,40694,40696,40697,40700,40701,40702,
40704,40709,40713,40722,40723,40724,40727,40734,
40736,40737,40744,40781,40802,40803,40804,40805,
40806,40808,40809,40810,40812,40813,40814,40815,
40816,40817,40818,40819,40820,40822,40823,40824,
40826,40827,40829,40831,40832,40834,40837,40838,
40839,40840,40841,40842,40843,40845,40846,40869,
40871,40873,40879,40882,40883,40884,40885,40891,
40892,40893,41009,41050,41058,41111,41138,41139,
41142,41143,41144,41146,41148,41150,41155,41158,
41166,41167,41168,41170,41171,41173,41178,41181,
41186,41187,41191,41192,41194,41195,41196,41199,
41201,41202,41203,41204,41205,41206,41211,41212,
41215,41216,41217,41218,41222,41225,41227,41229,
41230,41231,41232,41233,41234,41236,41237,41238,
41240,41241,41242,41243,41244,41246,41250,41366,
41383,41392,41393,41394,41442,41443,41449,41450,
41454,41459,41461,41463,41464,41468,41472,41494,
41505,41542,41569,41575,41642,41655,41734,41736,
41742,41761,41767,41774,41777,41778,41779,41781,
41782,41783,41784,41785,41789,41790,41799,41802,
41813,41820,41824,41910,41941,41943,41944,41950,
41951,41972,41973,41975,41982,41984,41996,42002,
42015,42018,42019,42022,42024,42026,42027,42030,
42031,42040,42041,42043,42044,42049,42050,42055,
42056,42057,42058,42059,42060,42061,42083,42144,
42171,42174,42175,42176,42177,42182,42183,42184,
42185,42188,42189,42191,42192,42193,42194,42195,
42197,42198,42199,42200,42201,42202,42204,42205,
42207,42210,42211,42213,42219,42220,42221,42222,
42223,42224,42225,42228,42229,42231,42232,42233,
42234,42235,42236,42237,42238,42239,42240,42241,
42242,42243,42252,42270,42297,42298,42321,42322,
42323,42324,42334,42375,42437,42449,42457,42462,
42463,42470,42471,42472,42474,42476,42478,42479,
42480,42481,42482,42483,42484,42486,42491,42493,
42495,42496,42499,42500,42501,42502,42503,42504,
42505,42506,42579,42600,42616,42644,42645,42665,
42682,42776,42826,42924,42965,42966,42998,43027,
43032,43057,43060,43075,43110,43224,43235,43247,
43250,43251,43262,43263,43271,43276,43300,43322,
43324,43325,43329,43330,43333,43335,43336,43344,
43350,43399,43415,43417,43420,43436,43443,43531,
43536,43543,43579,43580,43581,43583,43584,43585,
43586,43587,43588,43589,43590,43591,43592,43593,
43594,43595,43596,43597,43598,43600,43601,43602,
43603,43604,43605,43606,43607,43608,43609,43629,
43635,43645,43685,43737,43738,43739,43740,43741,
43742,43743,43744,43768,43777,43835,43864,43866,
43869,43884,43885,43890,43893,43895,43898,43899,
43900,43902,43903,43906,43910,43911,43924,43927,
43937,43939,43941,43942,43943,43946,43974,44110,
44111,44125,44130,44138,44140,44141,44261,44268,
44274,44283,44302,44318,44324,44325,44328,44339,
44340,44343,44344,44345,44349,44468,44471,44499,
44504,44548,44570,44646,44746,44748,44750,44752,
44753,44754,44756,44757,44758,44759,44761,44763,
44764,44765,44767,44769,44771,44772,44773,44775,
44778,44780,44783,44786,44790,44791,44792,44793,
44794,44795,44799,44800,44801,44809,44815,44831,
44832,44833,44834,44836,44838,44839,44844,44845,
44846,44855,44856,44857,44858,44859,44860,44861,
44863,44864,44865,44866,44872,44874,44875,44877,
44879,44880,44938,44941,44942,44943,44944,44945,
44947,44948,44949,44950,44953,44967,45029,45080,
45118,45125,45132,45135,45137,45149,45177,45178,
45236,45280,45480,45485,45486,45503,45504,45506,
45512,45513,45514,45515,45516,45517,45519,45521,
45525,45527,45530,45531,45532,45533,45534,45536,
45538,45539,45540,45560,45597,45648,45654,45655,
45656,45665,45666,45667,45674,45708,45733,45734,
45741,45745,45747,45760,45763,45766,45768,45771,
45776,45777,45778,45780,45927,45997,46005,46006,
46007,46008,46009,46010,46012,46032,46034,46120,
46150,46158,46159,46160,46162,46163,46165,46166,
46172,46173,46174,46175,46181,46290,46327,46344,
46356,46365,46374,46378,46379,46382,46383,46384,
46385,46386,46557,46567,46568,46569,46580,46581,
46583,46584,46586,46587,46588,46589,46590,46591,
46592,46593,46595,46596,46597,46599,46600,46606,
46607,46608,46609,46612,46615,46621,46622,46623,
46624,46625,46626,46627,46628,46630,46631,46632,
46633,46635,46638,46640,46642,46693,46734,46735,
46739,46741,46742,46747,46820,46895,46900,46907,
46937,46938,46939,46940,46942,46948,46949,46950,
46951,46954,46958,46959,46962,46965,46966,46972,
46980,47034,47132,47176,47183,47207,47208,47210,
47211,47280,47306,47398,47407,47435,47436,47449,
47450,47451,47453,47454,47457,47458,47459,47461,
47466,47468,47469,47476,47478,47500,47516,47575,
47578,47598,47613,47615,47625,47636,47639,47655,
47695,47706,47708,47724,47733,47738,47757,47813,
47815,47826,47973,47984,47989,47990,47991,47992,
47993,47994,47995,47996,47997,47998,47999,48000,
48001,48002,48003,48004,48005,48006,48007,48043,
48064,48070,48071,48072,48073,48074,48075,48078,
48079,48081,48082,48083,48084,48085,48086,48087,
48141,48182,48223,48225,48226,48227,48228,48229,
48235,48276,48352,48356,48357,48360,48361,48362,
48363,48364,48365,48366,48367,48375,48376,48377,
48379,48380,48381,48383,48384,48385,48386,48387,
48388,48389,48390,48391,48392,48393,48394,48395,
48396,48397,48398,48399,48400,48401,48402,48403,
48404,48405,48407,48408,48409,48410,48411,48412,
48413,48414,48415,48418,48419,48420,48424,48425,
48426,48427,48428,48429,48431,48434,48435,48436,
48438,48439,48440,48443,48444,48445,48446,48447,
48448,48450,48451,48452,48453,48454,48455,48456,
48458,48459,48463,48464,48465,48466,48500,48505,
48506,48508,48509,48511,48512,48631,48648,48649,
48650,48652,48679,48781,48782,48791,48799,48829,
48841,48865,48871,48872,48875,48876,48940,48977,
48978,48992,48994,48995,48996,48998,49000,49008,
49009,49010,49011,49013,49016,49020,49022,49023,
49024,49025,49026,49028,49029,49030,49031,49032,
49033,49034,49035,49036,49044,49167,49168,49169,
49170,49171,49172,49173,49174,49175,49176,49177,
49178,49179,49184,49185,49186,49187,49188,49189,
49190,49191,49192,49193,49194,49195,49196,49197,
49198,49199,49200,49201,49206,49209,49215,49225,
49226,49227,49228,49230,49231,49236,49242,49243,
49244,49245,49246,49247,49249,49252,49253,49254,
49255,49256,49257,49258,49259,49260,49261,49262,
49263,49264,49265,49266,49267,49268,49269,49270,
49271,49272,49273,49274,49349,49379,49380,49382,
49383,49384,49385,49389,49390,49391,49393,49394,
49395,49401,49437,49440,49471,49473,49474,49475,
49476,49477,49481,49482,49484,49488,49489,49490,
49491,49492,49494,49496,49497,49499,49502,49503,
49504,49560,49561,49562,49563,49565,49566,49567,
49569,49570,49571,49572,49573,49574,49576,49577,
49578,49579,49581,49587,49596,49598,49626,49628,
49629,49631,49632,49633,49635,49636,49637,49638,
49639,49640,49641,49642,49646,49647,49648,49649,
49650,49651,49652,49653,49654,49655,49656,49657,
49658,49662,49667,49668,49669,49701,49712,49737,
49769,49770,49772,49773,49774,49775,49776,49777,
49778,49779,49780,49781,49782,49784,49785,49787,
49788,49790,49791,49792,49794,49795,49796,49797,
49798,49799,49800,49802,49803,49807,49809,49810,
49811,49812,49901,49905,49906,49909,49911,49912,
49913,49921,49922,49923,49924,49925,49926,49927,
49932,49933,49935,50013,50038,50046,50048,50059,
50060,50063,50064,50065,50066,50068,50072,50073,
50075,50076,50077,50079,50081,50082,50083,50084,
50085,50086,50087,50088,50089,50091,50092,50093,
50094,50095,50096,50097,50098,50099,50100,50101,
50102,50105,50106,50315,50316,50317,50318,50322,
50324,50329,50346,50468,50480,50485,50489,50490,
50493,50495,50499,50569,50570,50577,50604,50607,
50620,50862,50865,50930,51004,51007,51010,51015,
51016,51017,51018,51023,51024,51025,51026,51027,
51028,51029,51030,51031,51033,51036,51037,51038,
51039,51040,51042,51043,51046,51297,51304,51306,
51307,51310,51328,51543,51561,51563,51565,51566,
51567,51571,51572,51579,51664,51665,51666,51668,
51679,51797,51849,51850,51851,51853,51859,51863,
51866,51867,51868,51869,51870,51871,51872,51873,
51881,51884,51888,51917,51933,51934,51935,51936,
51937,51939,51940,51941,51942,51943,51944,51948,
51952,51953,51954,51955,51956,51957,51958,51959,
51960,51973,51983,51984,52064,52142,52145,52179,
52181,52188,52192,52193,52194,52196,52197,52198,
52199,52200,52201,52204,52205,52208,52209,52210,
52212,52213,52214,52215,52216,52220,52221,52222,
52223,52226,52227,52228,52231,52232,52249,52256,
52377,52394,52396,52397,52401,52405,52406,52408,
52411,52412,52414,52416,52418,52419,52422,52423,
52424,52425,52426,52440,52441,52472,52475,52487,
52495,52496,52497,52498,52501,52513,52527,52539,
52540,52544,52546,52547,52548,52553,52554,52555,
52556,52557,52566,52721,52785,52851,52886,53002,
53009,53037,53042,53141,53164,53165,53222,53223,
53224,53225,53226,53227,53229,53231,53232,53233,
53234,53235,53236,53237,53238,53239,53240,53242,
53243,53244,53245,53251,53252,53253,53254,53255,
53257,53258,53259,53261,53262,53263,53268,53369,
53370,53371,53372,53373,53392,53393,53394,53395,
53396,53397,53398,53399,53400,53401,53402,53403,
53404,53405,53406,53407,53408,53409,53410,53411,
53415,53416,53417,53418,53419,53430,53434,53442,
53443,53444,53445,53512,53516,53518,53521,53523,
53532,53537,53546,53570,53735,53767,53768,53781,
53785,53791,53794,53799,53824,53827,53828,53829,
53831,53834,53835,53836,53837,53838,53839,53840,
53842,53843,53844,53847,53853,53854,53855,53856,
53858,53869,53885,54015,54017,54018,54019,54020,
54021,54137,54141,54152,54153,54163,54166,54167,
54168,54169,54175,54184,54220,54225,54226,54446,
54471,54521,54533,54534,54535,54592,54604,54679,
54686,54759,54778,54825,54854,54910,54911,54916,
54919,54925,54936,54946,54947,54949,55181,55183,
55190,55191,55192,55194,55195,55196,55198,55202,
55204,55205,55206,55207,55208,55209,55210,55211,
55212,55227,55247,55248,55251,55254,55255,55256,
55257,55258,55259,55264,55265,55266,55268,55269,
55270,55272,55273,55275,55276,55277,55278,55279,
55280,55281,55282,55283,55285,55286,55287,55288,
55292,55300,55304,55307,55315,55377,55389,55421,
55435,55443,55472,55507,55629,55630,55671,55677,
55693,55694,55695,55696,55697,55698,55699,55700,
55701,55702,55703,55704,55705,55706,55707,55708,
55709,55710,55711,55712,55713,55714,55715,55758,
55759,55760,55761,55762,55763,55767,55769,55770,
55771,55772,55773,55774,55775,55776,55871,55873,
55877,55878,55882,55891,55892,55897,55899,55991,
55993,55994,55996,55997,55999,56000,56001,56002,
56003,56004,56005,56006,56009,56010,56011,56017,
56060,56095,56159,56183,56423,56425,56426,56428,
56429,56430,56431,56435,56439,56440,56441,56442,
56443,56450,56457,56458,56459,56460,56464,56465,
56639,56652,56653,56654,56719,56724,56738,56739,
56740,56742,56745,56750,56751,56752,56753,56754,
56755,56757,56763,56764,56765,56766,56861,56867,
56868,56883,56884,56885,56889,56891,56893,56894,
56897,56898,56899,56900,56901,56938,56939,56969,
57017,57018,57021,57200,57415,57423,57424,57428,
57430,57432,57436,57437,57438,57439,57441,57442,
57445,57459,57462,57466,57479,57480,57481,57483,
57484,57485,57486,57487,57488,57489,57490,57491,
57493,57654,57655,57656,57657,57658,57659,57660,
57661,57663,57664,57665,57666,57667,57669,57670,
57671,57672,57673,57674,57676,57677,57678,57679,
57680,57681,57683,57684,57685,57686,57687,57688,
57689,57691,57692,57693,57694,57695,57696,57697,
57698,57699,57700,57701,57702,57703,57704,57705,
57706,57707,57709,57710,57711,57712,57713,57714,
57737,57752,57756,57853,57866,57867,57869,57870,
57871,57873,57874,57875,57876,57877,57879,57880,
57881,57882,57883,57884,57885,57886,57887,57888,
57889,57890,57891,57893,57894,57897,57898,57899,
57900,57901,57902,57903,57905,57906,57908,57910,
57912,57917,57926,57928,57935,57951,57952,57953,
57954,57955,57957,57958,57959,57961,57962,57963,
57964,57966,57967,57971,57977,57979,57980,57981,
57982,57983,57984,57985,57987,57991,57995,57996,
57997,57999,58000,58001,58002,58003,58004,58009,
58010,58011,58012,58017,58020,58021,58022,58024,
58026,58027,58032,58035,58036,58037,58038,58039,
58040,58041,58042,58043,58044,58045,58046,58047,
58048,58049,58050,58051,58052,58053,58057,58058,
58059,58067,58100,58106,58113,58117,58119,58234,
58295,58345,58351,58360,58362,58363,58366,58369,
58371,58372,58373,58374,58375,58378,58379,58380,
58381,58382,58383,58384,58385,58386,58389,58390,
58391,58392,58393,58394,58398,58459,58472,58489,
58491,58492,58500,58501,58502,58504,58609,58616,
58617,58619,58620,58621,58622,58623,58624,58625,
58626,58627,58629,58632,58636,58643,58645,58899,
58900,58904,58907,58912,58919,58920,58921,58922,
58925,58926,58929,58932,58998,59001,59005,59007,
59010,59016,59017,59018,59019,59020,59021,59022,
59036,59037,59043,59044,59139,59232,59233,59373,
59405,59406,59410,59411,59413,59414,59415,59479,
59484,59489,59775,59776,59786,59788,59790,59791,
59792,59794,59795,59796,59798,59801,59805,59812,
59813,59814,59815,59816,59817,59818,59819,59820,
59821,59822,59823,59824,59825,59826,59827,59828,
59894,59900,59904,59905,59906,59907,59908,59909,
59910,59911,59912,59913,59914,59915,59916,59918,
59919,59920,59921,59922,59923,59927,59928,59929,
59930,59931,59932,59933,59934,59935,59936,59937,
59938,59940,59941,59942,59958,59959,59960,59961,
59962,59965,59966,59967,59968,59969,59970,59971,
59972,59973,59974,59975,59976,59977,59978,59979,
59985,59986,59987,59988,59989,59990,60036,60037,
60039,60070,60071,60072,60078,60087,60099,60100,
60101,60154,60162,60265,60483,60489,60525,60555,
60556,60557,60558,60559,60560,60561,60562,60564,
60565,60566,60567,60568,60571,60572,60573,60574,
60575,60576,60577,60578,60579,60580,60581,60582,
60583,60584,60585,60586,60589,60590,60596,60600,
60601,60652,60654,60659,60660,60661,60662,60663,
60664,60665,60674,60675,60703,60704,60705,60712,
60715,60717,60723,60726,60727,60728,60729,60730,
60731,60732,60733,60734,60735,60736,60746,60747,
60811,60822,60823,60859,60862,60866,60868,60875,
60877,60878,60879,60882,60883,60884,60887,60888,
60889,60890,60891,60892,60893,60894,60895,60896,
60897,60898,60899,60900,60901,60902,60903,60904,
60905,60999,61000,61008,61019,61020,61021,61022,
61023,61024,61025,61026,61027,61168,61170,61172,
61174,61175,61179,61180,61181,61182,61186,61187,
61189,61190,61191,61192,61211,61216,61217,61429,
61430,61431,61441,61442,61500,61504,61713,61714,
61875,61877,61878,61879,61880,61881,61882,61883,
61884,61885,61886,61887,61888,61889,61890,61891,
61892,61893,61894,61895,61896,61897,61898,61899,
61900,61901,61902,61903,61904,61905,61906,61907,
61909,61910,61911,61912,61913,61914,61934,61937,
61956,61957,61958,61959,61960,61961,61962,61963,
61964,61966,61970,61971,61972,61973,61974,61976,
61978,61979,61983,61985,61988,61989,61990,61993,
61994,61995,61996,61998,62000,62001,62002,62004,
62006,62008,62009,62010,62011,62012,62013,62014,
62016,62018,62019,62021,62022,62023,62024,62025,
62026,62129,62138,62142,62144,62149,62150,62151,
62152,62154,62157,62160,62161,62163,62168,62169,
62170,62175,62177,62180,62185,62202,62222,62235,
62240,62241,62260,62312,62327,62328,62329,62330,
62331,62332,62333,62334,62335,62336,62337,62338,
62339,62340,62341,62342,62343,62344,62345,62346,
62347,62348,62352,62353,62528,62529,62538,62540,
62551,62552,62557,62558,62881,62883,62887,62890,
62891,62892,62894,62897,62898,62899,62900,62975,
63393,63416,63427,63428,63430,63431,63469,63470,
63473,63474,63475,63476,63501,63502,63506,63507,
63509,63510,63514,63628,63629,63632,63635,63637,
63638,63639,63642,63643,63644,63645,63647,63649,
63652,63654,63655,63745,63774,63791,63796,63803,
63815,63816,63849,63872,63873,63875,63876,63877,
63878,63879,63880,63881,63882,63883,63884,63885,
63886,63887,63888,63889,63892,63893,63894,63895,
63896,63897,63898,63899,63900,63901,64055,64056,
64060,64064,64065,64066,64067,64068,64069,64070,
64071,64072,64073,64074,64075,64076,64077,64078,
64079,64080,64082,64083,64084,64085,64086,64088,
64208,64409,64427,64436,64437,64447,64448,64449,
64450,64451,64452,64453,64454,64455,64456,64457,
64458,64459,64460,64461,64462,64463,64464,64465,
64466,64467,64468,64469,64470,64471,64472,64473,
64474,64475,64476,64477,64478,64479,64480,64481,
64482,64483,64484,64485,64533,64585,64910,64911,
64912,64913,64914,64917,64918,64919,64920,64921,
64922,64923,64924,64926,64927,64928,64929,64930,
64931,64932,64933,64934,64936,64937,64993,65007,
65014,65015,65016,65017,65019,65020,65022,65025,
65026,65027,65028,65029,65030,65031,65032,65033,
65034,65035,65036,65184,65267,65268,65269,65270,
65271,65272,65348,65349,65350,65351,65352,65353,
65355,65357,65367,65368,65370,65371,65373,65374,
65377,65378,65379,65380,65382,65383,65384,65433,
65434,65438,65439,65441,65442,65443,65446,65447,
65448,65451,65452,65453,65454,65455,65456,65460,
65462,65475,65479,65480,65521,65522,65523,65524,
65525,65527,65531,65541,65542,65543,65544,65545,
65563,65564,65565,65576,65908,65912,65913,65916,
65921,65923,65924,65925,65927,65928,65929,65934,
65936,65937,65938,65939,65947,65948,65949,65954,
65955,65957,65958,65959,65960,65964,65965,65966,
65967,66206,66207,66208,66209,66210,66211,66212,
66213,66214,66215,66216,66217,66218,66219,66220,
66222,66223,66224,66226,66227,66228,66229,66230,
66231,66232,66233,66234,66235,66236,66269,66272,
66282,66283,66284,66285,66286,66287,66288,66289,
66290,66291,66292,66293,66294,66295,66296,66297,
66300,66301,66302,66303,66304,66305,66306,66610,
66612,66614,66617,66618,66619,66620,66621,66836,
66838,66843,66844,66845,66846,66847,66848,66849,
66850,66851,66852,66853,66854,66855,66856,66857,
66858,66859,66860,66861,66862,66863,66864,66865,
66868,66869,66870,66871,66872,66873,66876,66969,
66970,66971,66972,66973,66974,66975,66976,66977,
66978,66979,66980,66981,66982,66983,66984,66985,
66986,66987,66988,66989,66990,66991,66992,66993,
66994,66995,66996,66997,66998,66999,67000,67001,
67002,67003,67004,67005,67059,67060,67061,67065,
67067,67070,67071,67072,67073,67074,67075,67076,
67079,67080,67081,67255,67310,67321,67347,67348,
67349,67351,67352,67353,67533,67539,67541,67542,
67723,67734,67735,67736,67737,67741,67744,67793,
67802,67810,67811,67823,67824,67825,67826,67827,
67828,67829,67830,67831,67832,67833,67834,67835,
67836,67837,67838,67839,68005,68033,68034,68035,
68036,68037,68038,68039,68042,68043,68044,68045,
68046,68047,68048,68049,68050,68051,68052,68053,
68054,68055,68056,68057,68058