1057,1058,1059,1060,1061,1062,1063,1064,
1065,1066,1067,1068,1069,1070,1071,1072,
1073,1074,1075,1076,1077,1078,1079,1080,
1081,1082,1083,1084,1085,1086,1087,1088,
1089,1090,1091,1092,1093,1094,1095,1096,
1097,1098,1099,1100,1101,1102,1103,1104,
1105,1106,1107,1108,1109,1110,1111,1112,
1113,1114,1115,1116,1117,1118,1119,1120,
1121,1122,1123,1124,1125,1126,1127,1128,
1129,1130,1131,1132,1133,1134,1135,1136,
1137,1138,1139,1140,1141,1142,1143,1144,
1145,1146,1147,1148,1149,1150,1151,1152,
1153,1154,1155,1156,1157,1158,1159,1160,
1161,1162,1163,1164,1165,1166,1167,1168,
1169,1170,1171,1172,1173,1174,1175,1176,
1177,1178,1179,1180,1181,1182,1183,1184,
1185,1186,1187,1188,1189,1190,1191,1192,
1193,1194,1195,1196,1197,1198,1199,1200,
1201,1202,1203,1204,1205,1206,1207,1208,
1209,1210,1211,1212,1213,1214,1215,1216,
1217,1218,1219,1220,1221,1222,1223,1224,
1225,1226,1227,1228,1229,1230,1231,1232,
1233,1234,1235,1236,1237,1238,1239,1240,
1241,1242,1243,1244,1245,1246,1247,1248,
1249,1250,1251,1252,1253,1254,1255,1256,
1257,1258,1259,1260,1261,1262,1263,1264,
1265,1266,1267,1268,1269,1270,1271,1272,
1273,1274,1275,1276,1277,1278,1279,1280,
1281,1282,1283,1284,1285,1286,1287,1288,
1289,1290,1291,1292,1293,1294,1295,1296,
1297,1298,1299,1300,1301,1302,1303,1304,
1305,1306,1307,1308,1309,1310,1311,1312,
1313,1314,1315,1316,1317,1318,1319,1320,
1321,1322,1323,1324,1325,1326,1327,1328,
1329,1330,1331,1332,1333,1334,1335,1336,
1337,1338,1339,1340,1341,1342,1343,1344,
1345,1346,1347,1348,1349,1350,1351,1352,
1353,1354,1355,1356,1357,1358,1359,1360,
1361,1362,1363,1364,1365,1366,1367,1368,
1369,1370,1371,1372,1373,1374,1375,1376,
1377,1378,1379,1380,1381,1382,1383,1384,
1385,1386,1387,1388,1389,1390,1391,1392,
1393,1394,1395,1396,1397,1398,1399,1400,
1401,1402,1403,1404,1405,1406,1407,1408,
1409,1410,1411,1412,1413,1414,1415,1416,
1417,1418,1419,1420,1421,1422,1423,1424,
1425,1426,1427,1428,1429,1430,1431,1432,
1433,1434,1435,1436,1437,1438,1439,1440,
1441,1442,1443,1444,1445,1446,1447,1448,
1449,1450,1451,1452,1453,1454,1455,1456,
1457,1458,1459,1460,1461,1462,1463,1464,
1465,1466,1467,1468,1469,1470,1471,1472,
1473,1474,1475,1476,1477,1478,1479,1480,
1481,1482,1483,1484,1485,1486,1487,1488,
1489,1490,1491,1492,1493,1494,1495,1496,
1497,1498,1499,1500,1501,1502,1503,1504,
1505,1506,1507,1508,1509,1510,1511,1512,
1513,1514,1515,1516,1517,1518,1519,1520,
1521,1522,1523,1524,1525,1526,1527,1528,
1529,1530,1531,1532,1533,1534,1535,1536,
1537,1538,1539,1540,1541,1542,1543,1544,
1545,1546,1547,1548,1549,1550,1551,1552,
1553,1554,1555,1556,1557,1558,1559,1560,
1561,1562,1563,1564,1565,1566,1567,1568,
1569,1570,1571,1572,1573,1574,1575,1576,
1577,1578,1579,1580,1581,1582,1583,1584,
1585,1586,1587,1588,1589,1590,1591,1592,
1593,1594,1595,1596,1597,1598,1599,1600,
1601,1602,1603,1604,1605,1606,1607,1608,
1609,1610,1611,1612,1613,1614,1615,1616,
1617,1618,1619,1620,1621,1622,1623,1624,
1625,1626,1627,1628,1629,1630,1631,1632,
2689,2690,2691,2692,2693,2694,2695,2696,
2697,2698,2699,2700,2701,2702,2703,2704,
2705,2706,2707,2708,2709,2710,2711,2712,
2713,2714,2715,2716,2717,2718,2719,2720,
2721,2722,2723,2724,2725,2726,2727,2728,
2729,2730,2731,2732,2733,2734,2735,2736,
2737,2738,2739,2740,2741,2742,2743,2744,
2745,2746,2747,2748,2749,2750,2751,2752,
2753,2754,2755,2756,2757,2758,2759,2760,
2761,2762,2763,2764,2765,2766,2767,2768,
2769,2770,2771,2772,2773,2774,2775,2776,
2777,2778,2779,2780,2781,2782,2783,2784,
2785,2786,2787,2788,2789,2790,2791,2792,
2793,2794,2795,2796,2797,2798,2799,2800,
2801,2802,2803,2804,2805,2806,2807,2808,
2809,2810,2811,2812,2813,2814,2815,2816,
2817,2818,2819,2820,2821,2822,2823,2824,
2825,2826,2827,2828,2829,2830,2831,2832,
2833,2834,2835,2836,2837,2838,2839,2840,
2841,2842,2843,2844,2845,2846,2847,2848,
2849,2850,2851,2852,2853,2854,2855,2856,
2857,2858,2859,2860,2861,2862,2863,2864,
2865,2866,2867,2868,2869,2870,2871,2872,
2873,2874,2875,2876,2877,2878,2879,2880,
2881,2882,2883,2884,2885,2886,2887,2888,
2889,2890,2891,2892,2893,2894,2895,2896,
2897,2898,2899,2900,2901,2902,2903,2904,
2905,2906,2907,2908,2909,2910,2911,2912,
2913,2914,2915,2916,2917,2918,2919,2920,
2921,2922,2923,2924,2925,2926,2927,2928,
2929,2930,2931,2932,2933,2934,2935,2936,
2937,2938,2939,2940,2941,2942,2943,2944,
2945,2946,2947,2948,2949,2950,2951,2952,
2953,2954,2955,2956,2957,2958,2959,2960,
2961,2962,2963,2964,2965,2966,2967,2968,
2969,2970,2971,2972,2973,2974,2975,2976,
2977,2978,2979,2980,2981,2982,2983,2984,
2985,2986,2987,2988,2989,2990,2991,2992,
2993,2994,2995,2996,2997,2998,2999,3000,
3001,3002,3003,3004,3005,3006,3007,3008,
3009,3010,3011,3012,3013,3014,3015,3016,
3017,3018,3019,3020,3021,3022,3023,3024,
3025,3026,3027,3028,3029,3030,3031,3032,
3033,3034,3035,3036,3037,3038,3039,3040,
3041,3042,3043,3044,3045,3046,3047,3048,
3049,3050,3051,3052,3053,3054,3055,3056,
3057,3058,3059,3060,3061,3062,3063,3064,
3065,3066,3067,3068,3069,3070,3071,3072,
3073,3074,3075,3076,3077,3078,3079,3080,
3081,3082,3083,3084,3085,3086,3087,3088,
3089,3090,3091,3092,3093,3094,3095,3096,
3097,3098,3099,3100,3101,3102,3103,3104,
3105,3106,3107,3108,3109,3110,3111,3112,
3113,3114,3115,3116,3117,3118,3119,3120,
3121,3122,3123,3124,3125,3126,3127,3128,
3129,3130,3131,3132,3133,3134,3135,3136,
3137,3138,3139,3140,3141,3142,3143,3144,
3145,3146,3147,3148,3149,3150,3151,3152,
3153,3154,3155,3156,3157,3158,3159,3160,
3161,3162,3163,3164,3165,3166,3167,3168,
3169,3170,3171,3172,3173,3174,3175,3176,
3177,3178,3179,3180,3181,3182,3183,3184,
3185,3186,3187,3188,3189,3190,3191,3192,
3193,3194,3195,3196,3197,3198,3199,3200,
3201,3202,3203,3204,3205,3206,3207,3208,
3209,3210,3211,3212,3213,3214,3215,3216,
3217,3218,3219,3220,3221,3222,3223,3224,
3225,3226,3227,3228,3229,3230,3231,3232,
3233,3234,3235,3236,3237,3238,3239,3240,
3241,3242,3243,3244,3245,3246,3247,3248,
3249,3250,3251,3252,3253,3254,3255,3256,
3257,3258,3259,3260,3261,3262,3263,3264,
4321,4322,4323,4324,4325,4326,4327,4328,
4329,4330,4331,4332,4333,4334,4335,4336,
4337,4338,4339,4340,4341,4342,4343,4344,
4345,4346,4347,4348,4349,4350,4351,4352,
4353,4354,4355,4356,4357,4358,4359,4360,
4361,4362,4363,4364,4365,4366,4367,4368,
4369,4370,4371,4372,4373,4374,4375,4376,
4377,4378,4379,4380,4381,4382,4383,4384,
4385,4386,4387,4388,4389,4390,4391,4392,
4393,4394,4395,4396,4397,4398,4399,4400,
4401,4402,4403,4404,4405,4406,4407,4408,
4409,4410,4411,4412,4413,4414,4415,4416,
4417,4418,4419,4420,4421,4422,4423,4424,
4425,4426,4427,4428,4429,4430,4431,4432,
4433,4434,4435,4436,4437,4438,4439,4440,
4441,4442,4443,4444,4445,4446,4447,4448,
4449,4450,4451,4452,4453,4454,4455,4456,
4457,4458,4459,4460,4461,4462,4463,4464,
4465,4466,4467,4468,4469,4470,4471,4472,
4473,4474,4475,4476,4477,4478,4479,4480,
4481,4482,4483,4484,4485,4486,4487,4488,
4489,4490,4491,4492,4493,4494,4495,4496,
4497,4498,4499,4500,4501,4502,4503,4504,
4505,4506,4507,4508,4509,4510,4511,4512,
4513,4514,4515,4516,4517,4518,4519,4520,
4521,4522,4523,4524,4525,4526,4527,4528,
4529,4530,4531,4532,4533,4534,4535,4536,
4537,4538,4539,4540,4541,4542,4543,4544,
4545,4546,4547,4548,4549,4550,4551,4552,
4553,4554,4555,4556,4557,4558,4559,4560,
4561,4562,4563,4564,4565,4566,4567,4568,
4569,4570,4571,4572,4573,4574,4575,4576,
4577,4578,4579,4580,4581,4582,4583,4584,
4585,4586,4587,4588,4589,4590,4591,4592,
4593,4594,4595,4596,4597,4598,4599,4600,
4601,4602,4603,4604,4605,4606,4607,4608,
4609,4610,4611,4612,4613,4614,4615,4616,
4617,4618,4619,4620,4621,4622,4623,4624,
4625,4626,4627,4628,4629,4630,4631,4632,
4633,4634,4635,4636,4637,4638,4639,4640,
4641,4642,4643,4644,4645,4646,4647,4648,
4649,4650,4651,4652,4653,4654,4655,4656,
4657,4658,4659,4660,4661,4662,4663,4664,
4665,4666,4667,4668,4669,4670,4671,4672,
4673,4674,4675,4676,4677,4678,4679,4680,
4681,4682,4683,4684,4685,4686,4687,4688,
4689,4690,4691,4692,4693,4694,4695,4696,
4697,4698,4699,4700,4701,4702,4703,4704,
4705,4706,4707,4708,4709,4710,4711,4712,
4713,4714,4715,4716,4717,4718,4719,4720,
4721,4722,4723,4724,4725,4726,4727,4728,
4729,4730,4731,4732,4733,4734,4735,4736,
4737,4738,4739,4740,4741,4742,4743,4744,
4745,4746,4747,4748,4749,4750,4751,4752,
4753,4754,4755,4756,4757,4758,4759,4760,
4761,4762,4763,4764,4765,4766,4767,4768,
4769,4770,4771,4772,4773,4774,4775,4776,
4777,4778,4779,4780,4781,4782,4783,4784,
4785,4786,4787,4788,4789,4790,4791,4792,
4793,4794,4795,4796,4797,4798,4799,4800,
4801,4802,4803,4804,4805,4806,4807,4808,
4809,4810,4811,4812,4813,4814,4815,4816,
4817,4818,4819,4820,4821,4822,4823,4824,
4825,4826,4827,4828,4829,4830,4831,4832,
4833,4834,4835,4836,4837,4838,4839,4840,
4841,4842,4843,4844,4845,4846,4847,4848,
4849,4850,4851,4852,4853,4854,4855,4856,
4857,4858,4859,4860,4861,4862,4863,4864,
4865,4866,4867,4868,4869,4870,4871,4872,
4873,4874,4875,4876,4877,4878,4879,4880,
4881,4882,4883,4884,4885,4886,4887,4888,
4889,4890,4891,4892,4893,4894,4895,4896,
5953,5954,5955,5956,5957,5958,5959,5960,
5961,5962,5963,5964,5965,5966,5967,5968,
5969,5970,5971,5972,5973,5974,5975,5976,
5977,5978,5979,5980,5981,5982,5983,5984,
5985,5986,5987,5988,5989,5990,5991,5992,
5993,5994,5995,5996,5997,5998,5999,6000,
6001,6002,6003,6004,6005,6006,6007,6008,
6009,6010,6011,6012,6013,6014,6015,6016,
6017,6018,6019,6020,6021,6022,6023,6024,
6025,6026,6027,6028,6029,6030,6031,6032,
6033,6034,6035,6036,6037,6038,6039,6040,
6041,6042,6043,6044,6045,6046,6047,6048,
6049,6050,6051,6052,6053,6054,6055,6056,
6057,6058,6059,6060,6061,6062,6063,6064,
6065,6066,6067,6068,6069,6070,6071,6072,
6073,6074,6075,6076,6077,6078,6079,6080,
6081,6082,6083,6084,6085,6086,6087,6088,
6089,6090,6091,6092,6093,6094,6095,6096,
6097,6098,6099,6100,6101,6102,6103,6104,
6105,6106,6107,6108,6109,6110,6111,6112,
6113,6114,6115,6116,6117,6118,6119,6120,
6121,6122,6123,6124,6125,6126,6127,6128,
6129,6130,6131,6132,6133,6134,6135,6136,
6137,6138,6139,6140,6141,6142,6143,6144,
6145,6146,6147,6148,6149,6150,6151,6152,
6153,6154,6155,6156,6157,6158,6159,6160,
6161,6162,6163,6164,6165,6166,6167,6168,
6169,6170,6171,6172,6173,6174,6175,6176,
6177,6178,6179,6180,6181,6182,6183,6184,
6185,6186,6187,6188,6189,6190,6191,6192,
6193,6194,6195,6196,6197,6198,6199,6200,
6201,6202,6203,6204,6205,6206,6207,6208,
6209,6210,6211,6212,6213,6214,6215,6216,
6217,6218,6219,6220,6221,6222,6223,6224,
6225,6226,6227,6228,6229,6230,6231,6232,
6233,6234,6235,6236,6237,6238,6239,6240,
6241,6242,6243,6244,6245,6246,6247,6248,
6249,6250,6251,6252,6253,6254,6255,6256,
6257,6258,6259,6260,6261,6262,6263,6264,
6265,6266,6267,6268,6269,6270,6271,6272,
6273,6274,6275,6276,6277,6278,6279,6280,
6281,6282,6283,6284,6285,6286,6287,6288,
6289,6290,6291,6292,6293,6294,6295,6296,
6297,6298,6299,6300,6301,6302,6303,6304,
6305,6306,6307,6308,6309,6310,6311,6312,
6313,6314,6315,6316,6317,6318,6319,6320,
6321,6322,6323,6324,6325,6326,6327,6328,
6329,6330,6331,6332,6333,6334,6335,6336,
6337,6338,6339,6340,6341,6342,6343,6344,
6345,6346,6347,6348,6349,6350,6351,6352,
6353,6354,6355,6356,6357,6358,6359,6360,
6361,6362,6363,6364,6365,6366,6367,6368,
6369,6370,6371,6372,6373,6374,6375,6376,
6377,6378,6379,6380,6381,6382,6383,6384,
6385,6386,6387,6388,6389,6390,6391,6392,
6393,6394,6395,6396,6397,6398,6399,6400,
6401,6402,6403,6404,6405,6406,6407,6408,
6409,6410,6411,6412,6413,6414,6415,6416,
6417,6418,6419,6420,6421,6422,6423,6424,
6425,6426,6427,6428,6429,6430,6431,6432,
6433,6434,6435,6436,6437,6438,6439,6440,
6441,6442,6443,6444,6445,6446,6447,6448,
6449,6450,6451,6452,6453,6454,6455,6456,
6457,6458,6459,6460,6461,6462,6463,6464,
6465,6466,6467,6468,6469,6470,6471,6472,
6473,6474,6475,6476,6477,6478,6479,6480,
6481,6482,6483,6484,6485,6486,6487,6488,
6489,6490,6491,6492,6493,6494,6495,6496,
6497,6498,6499,6500,6501,6502,6503,6504,
6505,6506,6507,6508,6509,6510,6511,6512,
6513,6514,6515,6516,6517,6518,6519,6520,
6521,6522,6523,6524,6525,6526,6527,6528,
7585,7586,7587,7588,7589,7590,7591,7592,
7593,7594,7595,7596,7597,7598,7599,7600,
7601,7602,7603,7604,7605,7606,7607,7608,
7609,7610,7611,7612,7613,7614,7615,7616,
7617,7618,7619,7620,7621,7622,7623,7624,
7625,7626,7627,7628,7629,7630,7631,7632,
7633,7634,7635,7636,7637,7638,7639,7640,
7641,7642,7643,7644,7645,7646,7647,7648,
7649,7650,7651,7652,7653,7654,7655,7656,
7657,7658,7659,7660,7661,7662,7663,7664,
7665,7666,7667,7668,7669,7670,7671,7672,
7673,7674,7675,7676,7677,7678,7679,7680,
7681,7682,7683,7684,7685,7686,7687,7688,
7689,7690,7691,7692,7693,7694,7695,7696,
7697,7698,7699,7700,7701,7702,7703,7704,
7705,7706,7707,7708,7709,7710,7711,7712,
7713,7714,7715,7716,7717,7718,7719,7720,
7721,7722,7723,7724,7725,7726,7727,7728,
7729,7730,7731,7732,7733,7734,7735,7736,
7737,7738,7739,7740,7741,7742,7743,7744,
7745,7746,7747,7748,7749,7750,7751,7752,
7753,7754,7755,7756,7757,7758,7759,7760,
7761,7762,7763,7764,7765,7766,7767,7768,
7769,7770,7771,7772,7773,7774,7775,7776,
7777,7778,7779,7780,7781,7782,7783,7784,
7785,7786,7787,7788,7789,7790,7791,7792,
7793,7794,7795,7796,7797,7798,7799,7800,
7801,7802,7803,7804,7805,7806,7807,7808,
7809,7810,7811,7812,7813,7814,7815,7816,
7817,7818,7819,7820,7821,7822,7823,7824,
7825,7826,7827,7828,7829,7830,7831,7832,
7833,7834,7835,7836,7837,7838,7839,7840,
7841,7842,7843,7844,7845,7846,7847,7848,
7849,7850,7851,7852,7853,7854,7855,7856,
7857,7858,7859,7860,7861,7862,7863,7864,
7865,7866,7867,7868,7869,7870,7871,7872,
7873,7874,7875,7876,7877,7878,7879,7880,
7881,7882,7883,7884,7885,7886,7887,7888,
7889,7890,7891,7892,7893,7894,7895,7896,
7897,7898,7899,7900,7901,7902,7903,7904,
7905,7906,7907,7908,7909,7910,7911,7912,
7913,7914,7915,7916,7917,7918,7919,7920,
7921,7922,7923,7924,7925,7926,7927,7928,
7929,7930,7931,7932,7933,7934,7935,7936,
7937,7938,7939,7940,7941,7942,7943,7944,
7945,7946,7947,7948,7949,7950,7951,7952,
7953,7954,7955,7956,7957,7958,7959,7960,
7961,7962,7963,7964,7965,7966,7967,7968,
7969,7970,7971,7972,7973,7974,7975,7976,
7977,7978,7979,7980,7981,7982,7983,7984,
7985,7986,7987,7988,7989,7990,7991,7992,
7993,7994,7995,7996,7997,7998,7999,8000,
8001,8002,8003,8004,8005,8006,8007,8008,
8009,8010,8011,8012,8013,8014,8015,8016,
8017,8018,8019,8020,8021,8022,8023,8024,
8025,8026,8027,8028,8029,8030,8031,8032,
8033,8034,8035,8036,8037,8038,8039,8040,
8041,8042,8043,8044,8045,8046,8047,8048,
8049,8050,8051,8052,8053,8054,8055,8056,
8057,8058,8059,8060,8061,8062,8063,8064,
8065,8066,8067,8068,8069,8070,8071,8072,
8073,8074,8075,8076,8077,8078,8079,8080,
8081,8082,8083,8084,8085,8086,8087,8088,
8089,8090,8091,8092,8093,8094,8095,8096,
8097,8098,8099,8100,8101,8102,8103,8104,
8105,8106,8107,8108,8109,8110,8111,8112,
8113,8114,8115,8116,8117,8118,8119,8120,
8121,8122,8123,8124,8125,8126,8127,8128,
8129,8130,8131,8132,8133,8134,8135,8136,
8137,8138,8139,8140,8141,8142,8143,8144,
8145,8146,8147,8148,8149,8150,8151,8152,
8153,8154,8155,8156,8157,8158,8159,8160,
9217,9218,9219,9220,9221,9222,9223,9224,
9225,9226,9227,9228,9229,9230,9231,9232,
9233,9234,9235,9236,9237,9238,9239,9240,
9241,9242,9243,9244,9245,9246,9247,9248,
9249,9250,9251,9252,9253,9254,9255,9256,
9257,9258,9259,9260,9261,9262,9263,9264,
9265,9266,9267,9268,9269,9270,9271,9272,
9273,9274,9275,9276,9277,9278,9279,9280,
9281,9282,9283,9284,9285,9286,9287,9288,
9289,9290,9291,9292,9293,9294,9295,9296,
9297,9298,9299,9300,9301,9302,9303,9304,
9305,9306,9307,9308,9309,9310,9311,9312,
9313,9314,9315,9316,9317,9318,9319,9320,
9321,9322,9323,9324,9325,9326,9327,9328,
9329,9330,9331,9332,9333,9334,9335,9336,
9337,9338,9339,9340,9341,9342,9343,9344,
9345,9346,9347,9348,9349,9350,9351,9352,
9353,9354,9355,9356,9357,9358,9359,9360,
9361,9362,9363,9364,9365,9366,9367,9368,
9369,9370,9371,9372,9373,9374,9375,9376,
9377,9378,9379,9380,9381,9382,9383,9384,
9385,9386,9387,9388,9389,9390,9391,9392,
9393,9394,9395,9396,9397,9398,9399,9400,
9401,9402,9403,9404,9405,9406,9407,9408,
9409,9410,9411,9412,9413,9414,9415,9416,
9417,9418,9419,9420,9421,9422,9423,9424,
9425,9426,9427,9428,9429,9430,9431,9432,
9433,9434,9435,9436,9437,9438,9439,9440,
9441,9442,9443,9444,9445,9446,9447,9448,
9449,9450,9451,9452,9453,9454,9455,9456,
9457,9458,9459,9460,9461,9462,9463,9464,
9465,9466,9467,9468,9469,9470,9471,9472,
9473,9474,9475,9476,9477,9478,9479,9480,
9481,9482,9483,9484,9485,9486,9487,9488,
9489,9490,9491,9492,9493,9494,9495,9496,
9497,9498,9499,9500,9501,9502,9503,9504,
9505,9506,9507,9508,9509,9510,9511,9512,
9513,9514,9515,9516,9517,9518,9519,9520,
9521,9522,9523,9524,9525,9526,9527,9528,
9529,9530,9531,9532,9533,9534,9535,9536,
9537,9538,9539,9540,9541,9542,9543,9544,
9545,9546,9547,9548,9549,9550,9551,9552,
9553,9554,9555,9556,9557,9558,9559,9560,
9561,9562,9563,9564,9565,9566,9567,9568,
9569,9570,9571,9572,9573,9574,9575,9576,
9577,9578,9579,9580,9581,9582,9583,9584,
9585,9586,9587,9588,9589,9590,9591,9592,
9593,9594,9595,9596,9597,9598,9599,9600,
9601,9602,9603,9604,9605,9606,9607,9608,
9609,9610,9611,9612,9613,9614,9615,9616,
9617,9618,9619,9620,9621,9622,9623,9624,
9625,9626,9627,9628,9629,9630,9631,9632,
9633,9634,9635,9636,9637,9638,9639,9640,
9641,9642,9643,9644,9645,9646,9647,9648,
9649,9650,9651,9652,9653,9654,9655,9656,
9657,9658,9659,9660,9661,9662,9663,9664,
9665,9666,9667,9668,9669,9670,9671,9672,
9673,9674,9675,9676,9677,9678,9679,9680,
9681,9682,9683,9684,9685,9686,9687,9688,
9689,9690,9691,9692,9693,9694,9695,9696,
9697,9698,9699,9700,9701,9702,9703,9704,
9705,9706,9707,9708,9709,9710,9711,9712,
9713,9714,9715,9716,9717,9718,9719,9720,
9721,9722,9723,9724,9725,9726,9727,9728,
9729,9730,9731,9732,9733,9734,9735,9736,
9737,9738,9739,9740,9741,9742,9743,9744,
9745,9746,9747,9748,9749,9750,9751,9752,
9753,9754,9755,9756,9757,9758,9759,9760,
9761,9762,9763,9764,9765,9766,9767,9768,
9769,9770,9771,9772,9773,9774,9775,9776,
9777,9778,9779,9780,9781,9782,9783,9784,
9785,9786,9787,9788,9789,9790,9791,9792,
10849,10850,10851,10852,10853,10854,10855,10856,
10857,10858,10859,10860,10861,10862,10863,10864,
10865,10866,10867,10868,10869,10870,10871,10872,
10873,10874,10875,10876,10877,10878,10879,10880,
10881,10882,10883,10884,10885,10886,10887,10888,
10889,10890,10891,10892,10893,10894,10895,10896,
10897,10898,10899,10900,10901,10902,10903,10904,
10905,10906,10907,10908,10909,10910,10911,10912,
10913,10914,10915,10916,10917,10918,10919,10920,
10921,10922,10923,10924,10925,10926,10927,10928,
10929,10930,10931,10932,10933,10934,10935,10936,
10937,10938,10939,10940,10941,10942,10943,10944,
10945,10946,10947,10948,10949,10950,10951,10952,
10953,10954,10955,10956,10957,10958,10959,10960,
10961,10962,10963,10964,10965,10966,10967,10968,
10969,10970,10971,10972,10973,10974,10975,10976,
10977,10978,10979,10980,10981,10982,10983,10984,
10985,10986,10987,10988,10989,10990,10991,10992,
10993,10994,10995,10996,10997,10998,10999,11000,
11001,11002,11003,11004,11005,11006,11007,11008,
11009,11010,11011,11012,11013,11014,11015,11016,
11017,11018,11019,11020,11021,11022,11023,11024,
11025,11026,11027,11028,11029,11030,11031,11032,
11033,11034,11035,11036,11037,11038,11039,11040,
11041,11042,11043,11044,11045,11046,11047,11048,
11049,11050,11051,11052,11053,11054,11055,11056,
11057,11058,11059,11060,11061,11062,11063,11064,
11065,11066,11067,11068,11069,11070,11071,11072,
11073,11074,11075,11076,11077,11078,11079,11080,
11081,11082,11083,11084,11085,11086,11087,11088,
11089,11090,11091,11092,11093,11094,11095,11096,
11097,11098,11099,11100,11101,11102,11103,11104,
11105,11106,11107,11108,11109,11110,11111,11112,
11113,11114,11115,11116,11117,11118,11119,11120,
11121,11122,11123,11124,11125,11126,11127,11128,
11129,11130,11131,11132,11133,11134,11135,11136,
11137,11138,11139,11140,11141,11142,11143,11144,
11145,11146,11147,11148,11149,11150,11151,11152,
11153,11154,11155,11156,11157,11158,11159,11160,
11161,11162,11163,11164,11165,11166,11167,11168,
11169,11170,11171,11172,11173,11174,11175,11176,
11177,11178,11179,11180,11181,11182,11183,11184,
11185,11186,11187,11188,11189,11190,11191,11192,
11193,11194,11195,11196,11197,11198,11199,11200,
11201,11202,11203,11204,11205,11206,11207,11208,
11209,11210,11211,11212,11213,11214,11215,11216,
11217,11218,11219,11220,11221,11222,11223,11224,
11225,11226,11227,11228,11229,11230,11231,11232,
11233,11234,11235,11236,11237,11238,11239,11240,
11241,11242,11243,11244,11245,11246,11247,11248,
11249,11250,11251,11252,11253,11254,11255,11256,
11257,11258,11259,11260,11261,11262,11263,11264,
11265,11266,11267,11268,11269,11270,11271,11272,
11273,11274,11275,11276,11277,11278,11279,11280,
11281,11282,11283,11284,11285,11286,11287,11288,
11289,11290,11291,11292,11293,11294,11295,11296,
11297,11298,11299,11300,11301,11302,11303,11304,
11305,11306,11307,11308,11309,11310,11311,11312,
11313,11314,11315,11316,11317,11318,11319,11320,
11321,11322,11323,11324,11325,11326,11327,11328,
11329,11330,11331,11332,11333,11334,11335,11336,
11337,11338,11339,11340,11341,11342,11343,11344,
11345,11346,11347,11348,11349,11350,11351,11352,
11353,11354,11355,11356,11357,11358,11359,11360,
11361,11362,11363,11364,11365,11366,11367,11368,
11369,11370,11371,11372,11373,11374,11375,11376,
11377,11378,11379,11380,11381,11382,11383,11384,
11385,11386,11387,11388,11389,11390,11391,11392,
11393,11394,11395,11396,11397,11398,11399,11400,
11401,11402,11403,11404,11405,11406,11407,11408,
11409,11410,11411,11412,11413,11414,11415,11416,
11417,11418,11419,11420,11421,11422,11423,11424,
12481,12482,12483,12484,12485,12486,12487,12488,
12489,12490,12491,12492,12493,12494,12495,12496,
12497,12498,12499,12500,12501,12502,12503,12504,
12505,12506,12507,12508,12509,12510,12511,12512,
12513,12514,12515,12516,12517,12518,12519,12520,
12521,12522,12523,12524,12525,12526,12527,12528,
12529,12530,12531,12532,12533,12534,12535,12536,
12537,12538,12539,12540,12541,12542,12543,12544,
12545,12546,12547,12548,12549,12550,12551,12552,
12553,12554,12555,12556,12557,12558,12559,12560,
12561,12562,12563,12564,12565,12566,12567,12568,
12569,12570,12571,12572,12573,12574,12575,12576,
12577,12578,12579,12580,12581,12582,12583,12584,
12585,12586,12587,12588,12589,12590,12591,12592,
12593,12594,12595,12596,12597,12598,12599,12600,
12601,12602,12603,12604,12605,12606,12607,12608,
12609,12610,12611,12612,12613,12614,12615,12616,
12617,12618,12619,12620,12621,12622,12623,12624,
12625,12626,12627,12628,12629,12630,12631,12632,
12633,12634,12635,12636,12637,12638,12639,12640,
12641,12642,12643,12644,12645,12646,12647,12648,
12649,12650,12651,12652,12653,12654,12655,12656,
12657,12658,12659,12660,12661,12662,12663,12664,
12665,12666,12667,12668,12669,12670,12671,12672,
12673,12674,12675,12676,12677,12678,12679,12680,
12681,12682,12683,12684,12685,12686,12687,12688,
12689,12690,12691,12692,12693,12694,12695,12696,
12697,12698,12699,12700,12701,12702,12703,12704,
12705,12706,12707,12708,12709,12710,12711,12712,
12713,12714,12715,12716,12717,12718,12719,12720,
12721,12722,12723,12724,12725,12726,12727,12728,
12729,12730,12731,12732,12733,12734,12735,12736,
12737,12738,12739,12740,12741,12742,12743,12744,
12745,12746,12747,12748,12749,12750,12751,12752,
12753,12754,12755,12756,12757,12758,12759,12760,
12761,12762,12763,12764,12765,12766,12767,12768,
12769,12770,12771,12772,12773,12774,12775,12776,
12777,12778,12779,12780,12781,12782,12783,12784,
12785,12786,12787,12788,12789,12790,12791,12792,
12793,12794,12795,12796,12797,12798,12799,12800,
12801,12802,12803,12804,12805,12806,12807,12808,
12809,12810,12811,12812,12813,12814,12815,12816,
12817,12818,12819,12820,12821,12822,12823,12824,
12825,12826,12827,12828,12829,12830,12831,12832,
12833,12834,12835,12836,12837,12838,12839,12840,
12841,12842,12843,12844,12845,12846,12847,12848,
12849,12850,12851,12852,12853,12854,12855,12856,
12857,12858,12859,12860,12861,12862,12863,12864,
12865,12866,12867,12868,12869,12870,12871,12872,
12873,12874,12875,12876,12877,12878,12879,12880,
12881,12882,12883,12884,12885,12886,12887,12888,
12889,12890,12891,12892,12893,12894,12895,12896,
12897,12898,12899,12900,12901,12902,12903,12904,
12905,12906,12907,12908,12909,12910,12911,12912,
12913,12914,12915,12916,12917,12918,12919,12920,
12921,12922,12923,12924,12925,12926,12927,12928,
12929,12930,12931,12932,12933,12934,12935,12936,
12937,12938,12939,12940,12941,12942,12943,12944,
12945,12946,12947,12948,12949,12950,12951,12952,
12953,12954,12955,12956,12957,12958,12959,12960,
12961,12962,12963,12964,12965,12966,12967,12968,
12969,12970,12971,12972,12973,12974,12975,12976,
12977,12978,12979,12980,12981,12982,12983,12984,
12985,12986,12987,12988,12989,12990,12991,12992,
12993,12994,12995,12996,12997,12998,12999,13000,
13001,13002,13003,13004,13005,13006,13007,13008,
13009,13010,13011,13012,13013,13014,13015,13016,
13017,13018,13019,13020,13021,13022,13023,13024,
13025,13026,13027,13028,13029,13030,13031,13032,
13033,13034,13035,13036,13037,13038,13039,13040,
13041,13042,13043,13044,13045,13046,13047,13048,
13049,13050,13051,13052,13053,13054,13055,13056
