3,5,6,7,8,10,15,17,
21,22,28,29,30,31,32,34,
35,36,37,39,40,41,42,43,
44,45,46,47,49,50,52,55,
59,60,63,66,67,68,72,76,
77,78,80,83,92,94,96,99,
100,102,104,106,107,112,114,116,
118,120,121,124,130,131,133,134,
135,138,145,149,150,154,156,160,
161,163,164,171,174,175,176,178,
179,180,181,184,186,187,190,191,
192,195,196,197,198,201,205,206,
211,215,217,219,220,225,226,227,
228,229,232,233,235,240,242,243,
249,252,256,258,259,260,265,267,
268,269,271,273,274,279,281,283,
285,286,287,291,295,296,298,299,
301,302,303,305,308,312,313,316,
317,318,319,321,322,326,327,330,
331,332,333,334,337,338,339,341,
343,344,345,346,347,349,350,354,
355,356,357,358,362,363,364,365,
369,370,371,373,375,377,379,382,
384,385,388,390,391,392,395,396,
397,399,400,403,405,406,407,408,
409,411,413,414,415,416,417,418,
422,423,425,428,429,430,431,432,
434,436,438,439,441,445,446,447,
448,449,451,452,453,454,456,457,
458,460,461,462,463,465,466,467,
469,471,472,474,476,477,478,479,
480,482,483,484,486,487,488,493,
495,496,497,498,499,501,503,504,
505,506,507,508,510,513,515,516,
517,518,519,520,521,522,523,524,
526,528,529,530,532,533,534,535,
536,539,540,542,543,544,546,547,
548,551,552,553,554,556,557,558,
559,560,564,565,567,569,570,571,
572,574,576,577,578,582,583,584,
585,586,587,589,590,592,594,596,
597,599,601,606,607,610,612,615,
616,617,618,625,627,628,629,630,
631,632,636,637,638,639,640,644,
645,648,649,650,658,659,663,667,
669,670,672,674,675,679,680,681,
683,684,686,687,692,693,694,695,
697,699,700,702,703,706,709,710,
711,712,715,716,717,725,726,728,
734,736,737,738,740,741,742,743,
744,745,746,748,751,754,758,759,
761,762,763,764,765,767,768,770,
773,777,780,781,783,791,793,794,
795,800,801,802,803,805,806,807,
811,813,814,817,818,820,822,824,
825,828,829,831,833,834,836,838,
840,841,844,845,846,849,850,851,
852,853,854,855,856,857,859,868,
869,870,874,878,879,880,882,883,
884,885,886,887,888,889,890,891,
892,893,894,897,899,901,902,903,
904,906,907,908,909,914,915,916,
917,918,919,920,923,927,930,931,
932,933,937,938,941,942,943,944,
945,947,948,951,952,953,955,956,
957,958,959,965,967,969,973,974,
975,977,979,980,982,985,986,991,
992,995,996,997,998,1000,1001,1003,
1006,1008,1010,1012,1013,1014,1015,1016,
1020,1021,1023,1024,1025,1026,1027,1029,
1032,1033,1034,1035,1036,1037,1038,1042,
1043,1046,1055,1057,1058,1059,1060,1063,
1064,1065,1066,1069,1070,1071,1072,1073,
1074,1076,1077,1078,1081,1085,1088,1092,
1093,1097,1099,1100,1102,1105,1106,1107,
1108,1109,1111,1112,1113,1119,1120,1122,
1123,1125,1130,1132,1134,1135,1136,1137,
1138,1139,1142,1149,1157,1160,1162,1164,
1166,1167,1168,1170,1172,1173,1179,1180,
1182,1183,1184,1186,1187,1188,1190,1191,
1192,1193,1194,1196,1197,1198,1199,1200,
1201,1203,1204,1206,1207,1210,1212,1213,
1214,1215,1216,1217,1218,1222,1223,1225,
1226,1229,1235,1237,1239,1240,1242,1245,
1246,1247,1248,1249,1250,1251,1253,1254,
1255,1258,1259,1261,1262,1263,1265,1266,
1272,1273,1274,1280,1281,1282,1283,1284,
1285,1286,1287,1288,1289,1290,1291,1292,
1293,1298,1299,1301,1302,1303,1324,1325,
1326,1327,1328,1329,1330,1331,1333,1334,
1335,1336,1343,1344,1345,1346,1347,1360,
1361,1362,1363,1364,1365,1366,1367,1368,
1369,1370,1371,1372,1373,1374,1375