1,2,4,9,11,12,13,14,
16,18,19,20,23,24,25,26,
27,33,38,48,51,53,54,56,
57,58,61,62,64,65,69,70,
71,73,74,75,79,81,82,84,
85,86,87,88,89,90,91,93,
95,97,98,101,103,105,108,109,
110,111,113,115,117,119,122,123,
125,126,127,128,129,132,136,137,
139,140,141,142,143,144,146,147,
148,151,152,153,155,157,158,159,
162,165,166,167,168,169,170,172,
173,177,182,183,185,188,189,193,
194,199,200,202,203,204,207,208,
209,210,212,213,214,216,218,221,
222,223,224,230,231,234,236,237,
238,239,241,244,245,246,247,248,
250,251,253,254,255,257,261,262,
263,264,266,270,272,275,276,277,
278,280,282,284,288,289,290,292,
293,294,297,300,304,306,307,309,
310,311,314,315,320,323,324,325,
328,329,335,336,340,342,348,351,
352,353,359,360,361,366,367,368,
372,374,376,378,380,381,383,386,
387,389,393,394,398,401,402,404,
410,412,419,420,421,424,426,427,
433,435,437,440,442,443,444,450,
455,459,464,468,470,473,475,481,
485,489,490,491,492,494,500,502,
509,511,512,514,525,527,531,537,
538,541,545,549,550,555,561,562,
563,566,568,573,575,579,580,581,
588,591,593,595,598,600,602,603,
604,605,608,609,611,613,614,619,
620,621,622,623,624,626,633,634,
635,641,642,643,646,647,651,652,
653,654,655,656,657,660,661,662,
664,665,666,668,671,673,676,677,
678,682,685,688,689,690,691,696,
698,701,704,705,707,708,713,714,
718,719,720,721,722,723,724,727,
729,730,731,732,733,735,739,747,
749,750,752,753,755,756,757,760,
766,769,771,772,774,775,776,778,
779,782,784,785,786,787,788,789,
790,792,796,797,798,799,804,808,
809,810,812,815,816,819,821,823,
826,827,830,832,835,837,839,842,
843,847,848,858,860,861,862,863,
864,865,866,867,871,872,873,875,
876,877,881,895,896,898,900,905,
910,911,912,913,921,922,924,925,
926,928,929,934,935,936,939,940,
946,949,950,954,960,961,962,963,
964,966,968,970,971,972,976,978,
981,983,984,987,988,989,990,993,
994,999,1002,1004,1005,1007,1009,1011,
1017,1018,1019,1022,1028,1030,1031,1039,
1040,1041,1044,1045,1047,1048,1049,1050,
1051,1052,1053,1054,1056,1061,1062,1067,
1068,1075,1079,1080,1082,1083,1084,1086,
1087,1089,1090,1091,1094,1095,1096,1098,
1101,1103,1104,1110,1114,1115,1116,1117,
1118,1121,1124,1126,1127,1128,1129,1131,
1133,1140,1141,1143,1144,1145,1146,1147,
1148,1150,1151,1152,1153,1154,1155,1156,
1158,1159,1161,1163,1165,1169,1171,1174,
1175,1176,1177,1178,1181,1185,1189,1195,
1202,1205,1208,1209,1211,1219,1220,1221,
1224,1227,1228,1230,1231,1232,1233,1234,
1236,1238,1241,1243,1244,1252,1256,1257,
1260,1264,1267,1268,1269,1270,1271,1275,
1276,1277,1278,1279,1294,1295,1296,1297,
1300,1304,1305,1306,1307,1308,1309,1310,
1311,1312,1313,1314,1315,1316,1317,1318,
1319,1320,1321,1322,1323,1332,1337,1338,
1339,1340,1341,1342,1348,1349,1350,1351,
1352,1353,1354,1355,1356,1357,1358,1359,
1376,1377,1378,1379,1380,1381,1382,1383,
1384,1385,1386