6,14,16,18,25,27,28,35,
42,43,45,47,49,56,60,61,
65,68,69,70,71,76,78,80,
82,95,97,98,101,105,106,107,
109,110,111,117,123,124,127,129,
130,131,133,139,143,146,147,149,
158,162,168,169,173,174,176,178,
181,186,188,193,195,197,200,201,
205,209,211,214,217,219,222,224,
226,232,239,240,241,242,252,255,
257,258,261,267,268,272,275,276,
283,284,286,290,291,295,296,299,
303,308,309,311,312,316,317,318,
320,321,325,331,332,335,336,339,
342,344,345,349,352,363,365,368,
371,373,377,383,384,387,390,400,
401,404,406,407,408,409,412,413,
414,416,422,426,428,431,433,434,
435,436,437,441,444,445,446,448,
451,453,454,461,465,470,471,472,
476,478,480,484,486,490,492,493,
494,495,496,501,502,504,507,508,
509,510,512,513,518,520,522,524,
525,528,529,533,534,535,536,538,
542,543,544,545,546,547,548,551,
552,553,555,559,560,563,564,567,
571,573,575,576,577,578,579,580,
581,583,589,591,594,596,597,598,
604,605,608,610,611,612,613,614,
615,616,617,619,620,622,630,632,
633,637,638,639,640,642,645,649,
654,655,657,659,661,662,664,666,
669,670,671,673,675,676,677,678,
682,684,685,686,688,689,692,693,
695,704,712,713,714,716,717,718,
721,723,727,731,734,738,741,743,
744,748,749,750,751,754,755,758,
759,760,762,764,765,767,769,770,
773,777,778,782,783,784,785,789,
792,796,801,804,810,812,813,815,
816,817,818,820,821,822,827,829,
835,836,838,841,842,844,848,855,
857,865,868,870,871,876,879,881,
882,886,888,890,891,892,893,894,
895,896,897,898,899,904,905,909,
910,913,916,920,922,923,926,940,
942,944,947,948,949,952,960,963,
970,973,974,975,986,991,995,999,
1002,1005,1007,1008,1009,1010,1012,1020,
1021,1025,1026,1039,1041,1043,1046,1050,
1054,1062,1064,1071,1072,1077,1080,1083,
1085,1086,1088,1089,1093,1094,1095,1097,
1098,1099,1100,1101,1102,1104,1110,1114,
1117,1119,1120,1122,1123,1125,1126,1128,
1129,1137,1138,1140,1142,1144,1145,1150,
1151,1153,1159,1162,1164,1165,1172,1175,
1178,1179,1182,1183,1184,1186,1188,1190,
1191,1193,1197,1198,1200,1203,1205,1206,
1211,1212,1213,1216,1219,1220,1221,1222,
1223,1225,1226,1229,1231,1233,1234,1239,
1240,1242,1244,1247,1249,1250,1251,1253,
1258,1260,1261,1262,1268,1269,1274,1280,
1286,1287,1291,1292,1293,1299,1301,1303,
1307,1308,1309,1310,1312,1314,1316,1318,
1319,1320,1327,1330,1331,1332,1333,1334,
1336,1338,1341,1343,1347,1350,1351,1353,
1356,1363,1365,1367,1368,1371,1372,1379,
1386,1396,1404,1408,1409,1412,1417,1418,
1420,1429,1441,1444,1446,1448,1454,1462,
1469,1470,1479,1480,1485,1486,1488,1489,
1490,1494,1497,1499,1500,1502,1503,1508,
1509,1511,1514,1515,1517,1520,1523,1525,
1528,1531,1536,1537,1542,1543,1545,1548,
1551,1554,1556,1558,1562,1564,1568,1569,
1571,1572,1573,1574,1575,1576,1578,1579,
1580,1583,1586,1589,1591,1592,1594,1597,
1598,1599,1603,1607,1608,1611,1620,1622,
1625,1628,1630,1631,1635,1637,1639,1642,
1647,1649,1654,1655,1661,1663,1664,1668,
1669,1670,1674,1679,1681,1682,1683,1687,
1688,1689,1695,1697,1702,1704,1705,1707,
1708,1709,1714,1715,1716,1718,1720,1724,
1726,1730,1731,1734,1735,1741,1743,1745,
1746,1747,1749,1751,1755,1756,1757,1758,
1759,1762,1764,1767,1770,1772,1774,1775,
1777,1778,1779,1785,1787,1789,1793,1794,
1795,1797,1800,1802,1803,1806,1808,1810,
1815,1819,1821,1822,1823,1825,1826,1829,
1831,1833,1835,1836,1837,1840,1841,1842,
1844,1845,1847,1849,1850,1851,1852,1856,
1859,1862,1863,1866,1867,1872,1878,1883,
1884,1885,1886,1888,1891,1894,1899,1900,
1902,1904,1907,1908,1909,1910,1912,1917,
1919,1920,1921,1924,1925,1926,1928,1929,
1935,1936,1938,1939,1940,1943,1944,1947,
1949,1950,1952,1953,1954,1955,1959,1960,
1962,1966,1968,1970,1971,1973,1974,1975,
1977,1979,1980,1983,1984,1985,1988,1990,
1991,1993,1994,1995,1996,1997,1999,2001,
2002,2005,2007,2008,2009,2011,2012,2013,
2014,2017,2018,2021,2025,2032,2033,2035,
2037,2039,2041,2044,2045,2047,2051,2053,
2054,2055,2057,2058,2059,2061,2063,2064,
2065,2067,2069,2070,2074,2075,2077,2079,
2081,2083,2085,2086,2087,2089,2092,2096,
2099,2100,2101,2102,2103,2105,2106,2109,
2112,2113,2114,2116,2117,2118,2120,2121,
2122,2124,2125,2128,2129,2130,2132,2133,
2134,2135,2137,2139,2140,2141,2142,2145,
2146,2148,2150,2153,2154,2158,2159,2161,
2162,2163,2165,2166,2168,2170,2171,2172,
2176,2179,2180,2182,2185,2187,2190,2191,
2193,2194,2196,2198,2200,2202,2203,2204,
2206,2207,2209,2210,2213,2216,2218,2219,
2225,2228,2229,2230,2231,2237,2238,2240,
2241,2242,2243,2246,2248,2252,2253,2257,
2258,2260,2262,2263,2264,2266,2267,2268,
2269,2270,2271,2272,2273,2276,2279,2282,
2283,2284,2285,2286,2293,2298,2301,2302,
2304,2309,2311,2312,2313,2314,2315,2316,
2319,2320,2321,2322,2323,2325,2329,2335,
2337,2338,2340,2341,2343,2346,2348,2349,
2351,2354,2356,2357,2358,2360,2362,2364,
2365,2368,2371,2372,2373,2374,2376,2378,
2380,2381,2382,2383,2386,2387,2388,2391,
2392,2393,2398,2399,2400,2403,2404,2405,
2406,2408,2409,2412,2413,2414,2415,2416,
2417,2418,2419,2420,2422,2423,2425,2426,
2428,2429,2432,2433,2440,2441,2444,2445,
2446,2447,2451,2453,2454,2455,2456,2457,
2459,2460,2462,2463,2466,2470,2471,2473,
2474,2476,2478,2479,2480,2484,2485,2487,
2488,2491,2492,2493,2494,2496,2498,2502,
2503,2504,2507,2508,2509,2511,2514,2517,
2518,2520,2521,2523,2525,2528,2530,2532,
2533,2535,2540,2544,2553,2558,2561,2563,
2564,2565,2566,2567,2570,2572,2573,2575,
2577,2578,2579,2581,2582,2584,2585,2586,
2587,2591,2592,2594,2596,2597,2600,2601,
2605,2606,2607,2609,2610,2612,2614,2616,
2617,2621,2623,2624,2626,2627,2629,2630,
2631,2633,2635,2637,2639,2641,2642,2644,
2645,2648,2650,2651,2653,2655,2657,2658,
2659,2660,2661,2662,2665,2668,2669,2670,
2671,2672,2673,2678,2681,2682,2683,2686,
2691,2692,2694,2697,2698,2700,2702,2704,
2705,2706,2708,2710,2714,2716,2717,2721,
2722,2724,2725,2730,2731,2736,2740,2741,
2743,2744,2747,2748,2749,2751,2753,2757,
2759,2761,2763,2767,2768,2769,2770,2773,
2774,2776,2777,2781,2788,2791,2793,2794,
2796,2797,2803,2804,2805,2806,2809,2810,
2811,2812,2813,2815,2816,2817,2818,2819,
2820,2822,2825,2830,2831,2835,2841,2842,
2844,2845,2847,2848,2849,2850,2854,2855,
2856,2859,2862,2864,2867,2868,2869,2870,
2872,2873,2875,2876,2877,2878,2879,2881,
2882,2883,2884,2885,2887,2888,2889,2890,
2893,2894,2895,2897,2898,2900,2903,2904,
2905,2910,2911,2912,2914,2916,2917,2919,
2921,2922,2924,2925,2927,2930,2931,2932,
2935,2939,2940,2941,2945,2947,2948,2949,
2950,2951,2953,2955,2957,2958,2959,2960,
2961,2964,2968,2969,2970,2973,2974,2975,
2976,2999,3007,3013,3015,3026,3027,3035,
3041,3048,3050,3067,3071,3072,3075,3076,
3078,3080,3093,3094,3100,3101,3104,3108,
3111,3112,3120,3121,3122,3123,3124,3125,
3126,3127,3128,3129,3130,3132,3133,3136,
3138,3139,3140,3142,3143,3144,3146,3153,
3158,3159,3164,3168,3171,3178,3186,3187,
3194,3196,3197,3198,3200,3203,3208,3209,
3213,3218,3219,3220,3221,3226,3228,3230,
3231,3233,3234,3236,3241,3245,3246,3247,
3250,3251,3252,3254,3257,3259,3260,3262,
3263,3267,3276,3277,3282,3283,3289,3291,
3298,3299,3305,3314,3317,3318,3322,3323,
3326,3327,3329,3330,3332,3334,3335,3336,
3337,3339,3340,3341,3342,3343,3344,3347,
3348,3349,3351,3352,3353,3354,3356,3360,
3362,3363,3365,3366,3367,3373,3378,3380,
3381,3386,3387,3388,3389,3390,3394,3395,
3397,3398,3399,3400,3401,3403,3404,3406,
3408,3416,3417,3419,3435,3436,3437,3441,
3447,3453,3455,3457,3461,3463,3464,3465,
3466,3467,3471,3472,3474,3478,3480,3481,
3485,3488,3490,3492,3493,3494,3495,3496,
3500,3501,3505,3506,3509,3510,3511,3518,
3519,3521,3522,3523,3526,3527,3531,3534,
3538,3540,3541,3543,3545,3548,3558,3561,
3564,3566,3567,3568,3569,3570,3579,3587,
3589,3595,3597,3607,3609,3612,3618,3619,
3620,3622,3627,3636,3637,3641,3644,3652,
3657,3661,3662,3670,3675,3678,3680,3682,
3684,3685,3691,3692,3694,3695,3698,3699,
3700,3701,3704,3706,3708,3709,3718,3719,
3724,3725,3726,3733,3735,3738,3739,3740,
3741,3744,3747,3750,3751,3755,3758,3759,
3761,3764,3770,3772,3773,3774,3776,3783,
3786,3791,3792,3794,3795,3796,3797,3799,
3802,3803,3805,3806,3809,3812,3813,3816,
3819,3821,3829,3831,3836,3837,3838,3839,
3841,3842,3844,3845,3847,3849,3850,3853,
3857,3860,3861,3862,3863,3864,3869,3871,
3872,3873,3875,3876,3881,3882,3886,3887,
3890,3893,3896,3897,3899,3900,3903,3904,
3905,3907,3908,3909,3911,3912,3913,3915,
3916,3918,3920,3922,3924,3927,3929,3937,
3945,3946,3948,3952,3957,3958,3960,3961,
3966,3967,3969,3971,3972,3975,3976,3977,
3978,3981,3985,3988,3991,3994,4000,4005,
4009,4010,4012,4013,4014,4018,4019,4022,
4023,4029,4030,4031,4035,4038,4039,4041,
4042,4043,4044,4045,4046,4047,4050,4051,
4052,4053,4054,4055,4056,4059,4060,4061,
4071,4072,4074,4075,4076,4077,4078,4079,
4081,4082,4083,4084,4086,4088,4089,4090,
4096,4098,4099,4101,4103,4104,4105,4106,
4107,4109,4110,4118,4121,4124,4125,4126,
4127,4130,4134,4136,4138,4140,4142,4150,
4158,4163,4172,4177,4179,4183,4187,4188,
4189,4193,4196,4197,4200,4202,4204,4208,
4210,4211,4212,4216,4220,4222,4228,4240,
4245,4246,4247,4250,4251,4254,4256,4259,
4260,4263,4266,4267,4268,4269,4271,4272,
4274,4278,4280,4281,4284,4285,4288,4293,
4298,4299,4303,4304,4305,4306,4307,4309,
4311,4312,4313,4315,4316,4317,4318,4319,
4320,4321,4322,4325,4327,4328,4335,4339,
4340,4346,4347,4348,4350,4351,4352,4353,
4355,4357,4360,4365,4366,4367,4369,4372,
4373,4400,4403,4404,4407,4408,4415,4419,
4426,4429,4447,4449,4452,4453,4455,4459,
4460,4461,4471,4472,4474,4475,4484,4485,
4489,4495,4497,4501,4502,4503,4505,4506,
4507,4508,4509,4511,4512,4513,4514,4516,
4517,4522,4523,4524,4527,4528,4529,4531,
4537,4539,4540,4542,4544,4548,4550,4551,
4553,4554,4557,4560,4561,4562,4566,4567,
4569,4574,4575,4576,4583,4584,4585,4586,
4587,4588,4589,4590,4592,4593,4595,4600,
4601,4602,4603,4604,4611,4617,4618,4619,
4620,4621,4625,4629,4630,4632,4634,4638,
4639,4641,4642,4643,4644,4646,4647,4648,
4649,4651,4654,4655,4657,4658,4659,4661,
4663,4665,4666,4667,4668,4669,4670,4674,
4678,4681,4682,4684,4687,4689,4693,4697,
4698,4700,4701,4704,4711,4712,4715,4717,
4720,4723,4724,4728,4729,4730,4734,4736,
4737,4739,4740,4741,4743,4744,4745,4746,
4747,4749,4751,4752,4753,4755,4756,4757,
4763,4765,4770,4772,4776,4778,4784,4785,
4788,4789,4790,4794,4796,4798,4799,4801,
4803,4804,4805,4808,4809,4810,4811,4812,
4813,4814,4815,4818,4819,4820,4821,4822,
4823,4825,4830,4831,4832,4833,4834,4835,
4836,4837,4840,4841,4845,4848,4849,4850,
4852,4853,4856,4857,4858,4860,4863,4864,
4866,4867,4868,4869,4870,4874,4876,4879,
4880,4881,4883,4887,4890,4893,4896,4897,
4899,4902,4903,4904,4907,4909,4914,4915,
4920,4923,4924,4925,4929,4931,4934,4936,
4948,4952,4957,4959,4960,4961,4962,4963,
4964,4965,4966,4968,4969,4971,4972,4973,
4974,4978,4979,4980,4981,4982,4983,4985,
4986,4987,4988,4989,4990,4991,4995,4997,
4998,4999,5000,5001,5002,5003,5004,5005,
5006,5007,5008,5009,5010,5011,5013,5014,
5015,5020,5021,5022,5025,5026,5027,5028,
5029,5030,5031,5034,5039,5040,5041,5044,
5048,5050,5053,5055,5057,5062,5064,5065,
5066,5069,5071,5073,5075,5076,5077,5078,
5079,5080,5081,5083,5085,5087,5090,5091,
5094,5095,5096,5100,5104,5106,5108,5110,
5112,5113,5114,5115,5116,5118,5121,5122,
5125,5126,5128,5129,5130,5131,5132,5135,
5136,5137,5144,5145,5149,5152,5156,5158,
5159,5161,5167,5177,5180,5182,5183,5185,
5186,5188,5198,5220,5222,5223,5224,5229,
5233,5235,5236,5237,5238,5239,5240,5241,
5242,5243,5245,5246,5248,5249,5251,5252,
5255,5256,5257,5258,5260,5261,5262,5263,
5268,5269,5270,5272,5273,5274,5276,5277,
5278,5281,5282,5283,5284,5287,5289,5292,
5294,5296,5301,5304,5308,5314,5318,5319,
5322,5324,5325,5330,5333,5334,5335,5336,
5337,5339,5344,5346,5349,5351,5360,5361,
5362,5364,5372,5375,5376,5377,5378,5383,
5384,5390,5399,5401,5412,5418,5419,5421,
5422,5429,5430,5435,5437,5443,5453,5454,
5456,5459,5460,5461,5465,5466,5470,5475,
5476,5482,5495,5500,5502,5503,5504,5505,
5506,5507,5509,5510,5511,5513,5514,5515,
5518,5519,5521,5528,5529,5530,5531,5533,
5534,5536,5539,5541,5542,5544,5545,5546,
5547,5548,5549,5551,5552,5562,5566,5586,
5587,5589,5590,5592,5593,5596,5597,5598,
5599,5603,5607,5609,5616,5617,5618,5619,
5625,5633,5636,5637,5638,5639,5641,5642,
5644,5645,5646,5650,5652,5653,5654,5655,
5656,5657,5658,5659,5660,5661,5663,5664,
5665,5666,5668,5669,5672,5673,5674,5675,
5677,5680,5683,5686,5687,5689,5700,5716,
5738,5740,5741,5749,5750,5751,5752,5754,
5755,5756,5757,5758,5760,5762,5767,5768,
5770,5771,5774,5777,5778,5780,5783,5792,
5793,5796,5804,5805,5807,5809,5816,5823,
5829,5830,5833,5834,5837,5841,5851,5858,
5868,5878,5879,5880,5884,5887,5889,5898,
5902,5903,5905,5906,5909,5911,5912,5913,
5914,5916,5917,5919,5920,5922,5923,5924,
5926,5927,5928,5929,5930,5931,5933,5934,
5935,5937,5938,5939,5940,5942,5943,5945,
5946,5947,5948,5949,5950,5951,5952,5953,
5954,5955,5956,5957,5958,5959,5960,5964,
5965,5966,5973,5974,5975,5976,5977,5978,
5979,5983,5985,5986,5987,5988,5989,5990,
5994,5995,5996,5997,5998,6002,6003,6004,
6005,6006,6007,6008,6011,6012,6016,6018,
6019,6021,6022,6023,6024,6025,6026,6027,
6029,6030,6032,6034,6035,6036,6037,6038,
6039,6040,6042,6048,6049,6051,6052,6054,
6055,6056,6057,6060,6061,6063,6064,6069,
6073,6077,6078,6081,6082,6083,6087,6092,
6095,6097,6101,6102,6105,6106,6109,6111,
6112,6113,6116,6117,6118,6120,6121,6123,
6124,6125,6128,6129,6130,6132,6134,6135,
6136,6137,6139,6140,6141,6142,6143,6144,
6145,6146,6152,6154,6156,6157,6160,6175,
6179,6186,6187,6192,6205,6214,6216,6217,
6218,6222,6224,6226,6229,6230,6233,6236,
6238,6241,6242,6243,6244,6246,6248,6251,
6253,6255,6260,6263,6264,6265,6266,6267,
6268,6269,6273,6276,6277,6279,6281,6283,
6284,6286,6288,6290,6294,6295,6296,6298,
6303,6305,6306,6307,6310,6312,6317,6319,
6320,6321,6325,6327,6328,6331,6337,6340,
6343,6354,6355,6358,6359,6361,6362,6363,
6364,6365,6366,6367,6368,6369,6370,6371,
6373,6375,6376,6377,6378,6379,6380,6381,
6382,6383,6384,6385,6388,6389,6390,6391,
6392,6395,6396,6398,6399,6400,6401,6402,
6403,6404,6405,6408,6409,6410,6411,6412,
6413,6414,6415,6417,6418,6419,6420,6421,
6423,6425,6426,6427,6429,6431,6432,6433,
6434,6435,6436,6437,6440,6444,6445,6448,
6450,6452,6453,6454,6457,6458,6459,6463,
6465,6467,6470,6472,6473,6474,6476,6479,
6480,6481,6485,6488,6490,6493,6495,6496,
6497,6498,6499,6501,6507,6508,6511,6512,
6513,6514,6517,6519,6520,6521,6523,6524,
6525,6531,6532,6535,6536,6541,6543,6546,
6547,6548,6549,6550,6551,6553,6554,6555,
6556,6558,6559,6565,6568,6569,6570,6571,
6572,6575,6576,6580,6581,6583,6589,6591,
6594,6596,6598,6604,6605,6606,6611,6620,
6621,6623,6624,6629,6630,6631,6633,6635,
6638,6640,6641,6642,6643,6644,6645,6646,
6648,6650,6651,6652,6653,6654,6656,6657,
6658,6659,6660,6661,6663,6666,6667,6669,
6674,6675,6677,6680,6685,6692,6693,6695,
6697,6699,6700,6701,6702,6703,6707,6709,
6710,6711,6712,6713,6716,6717,6720,6721,
6722,6724,6727,6728,6729,6730,6731,6734,
6735,6736,6737,6739,6740,6745,6746,6748,
6750,6751,6752,6753,6754,6755,6756,6760,
6761,6763,6764,6765,6766,6769,6780,6781,
6782,6783,6787,6788,6791,6792,6797,6799,
6800,6810,6813,6814,6817,6822,6824,6826,
6827,6831,6837,6840,6841,6847,6849,6850,
6853,6854,6858,6859,6860,6861,6862,6863,
6864,6865,6873,6875,6876,6877,6878,6880,
6881,6882,6885,6888,6889,6890,6891,6892,
6894,6895,6896,6897,6898,6899,6902,6903,
6904,6905,6907,6908,6909,6911,6912,6914,
6916,6918,6919,6920,6922,6923,6928,6929,
6932,6940,6942,6950,6957,6960,6961,6964,
6966,6967,6982,6984,6985,6990,6992,6994,
6997,7000,7001,7002,7003,7004,7006,7007,
7009,7013,7016,7017,7018,7019,7020,7022,
7026,7028,7031,7036,7049,7051,7064,7082,
7097,7098,7099,7103,7104,7106,7111,7113,
7114,7119,7120,7121,7124,7125,7129,7134,
7141,7142,7143,7144,7145,7146,7147,7148,
7151,7152,7153,7154,7156,7157,7158,7159,
7160,7162,7164,7165,7166,7167,7168,7169,
7172,7173,7174,7175,7176,7177,7178,7182,
7188,7189,7190,7192,7193,7194,7197,7201,
7202,7203,7205,7206,7207,7208,7209,7210,
7211,7213,7214,7215,7220,7222,7225,7226,
7229,7230,7232,7235,7238,7240,7241,7244,
7245,7246,7248,7249,7250,7254,7256,7257,
7258,7259,7262,7263,7265,7266,7267,7268,
7270,7271,7272,7274,7275,7276,7277,7278,
7280,7282,7286,7291,7298,7299,7300,7302,
7305,7307,7310,7328,7331,7339,7341,7342,
7344,7357,7361,7362,7363,7364,7367,7369,
7370,7374,7375,7382,7388,7390,7391,7392,
7393,7394,7395,7397,7398,7399,7402,7404,
7405,7406,7409,7411,7412,7413,7415,7416,
7417,7418,7420,7427,7433,7434,7435,7436,
7440,7442,7449,7468,7480,7500,7515,7516,
7517,7520,7522,7523,7532,7536,7537,7539,
7546,7547,7548,7549,7550,7551,7554,7557,
7559,7560,7561,7563,7564,7565,7571,7572,
7573,7574,7575,7576,7577,7578,7581,7582,
7583,7584,7585,7586,7587,7588,7589,7590,
7591,7592,7598,7600,7615,7627,7630,7632,
7633,7634,7635,7636,7637,7638,7641,7642,
7643,7644,7645,7646,7647,7648,7650,7651,
7652,7653,7654,7656,7658,7659,7667,7668,
7670,7673,7675,7676,7678,7680,7681,7682,
7685,7688,7690,7691,7695,7696,7697,7698,
7699,7701,7703,7704,7706,7708,7709,7710,
7713,7714,7715,7717,7719,7721,7722,7725,
7726,7727,7728,7729,7730,7732,7734,7735,
7737,7738,7739,7740,7741,7742,7744,7746,
7747,7748,7749,7750,7752,7755,7761,7762,
7764,7766,7767,7769,7771,7772,7775,7776,
7780,7815,7822,7826,7828,7829,7830,7831,
7832,7835,7839,7841,7844,7845,7846,7847,
7854,7861,7864,7865,7867,7868,7869,7872,
7877,7881,7886,7887,7888,7892,7893,7895,
7901,7905,7906,7908,7909,7910,7911,7912,
7913,7914,7917,7918,7922,7924,7925,7927,
7929,7930,7931,7932,7935,7936,7937,7938,
7940,7943,7944,7947,7948,7949,7953,7956,
7957,7958,7960,7961,7966,7970,7976,7977,
7988,7990,7991,7992,7993,7994,7996,7998,
8000,8001,8002,8004,8005,8007,8008,8009,
8011,8012,8014,8015,8016,8017,8020,8021,
8022,8026,8028,8032,8033,8034,8036,8037,
8040,8042,8043,8044,8048,8049,8050,8051,
8055,8056,8057,8058,8059,8062,8067,8068,
8070,8071,8072,8073,8076,8077,8079,8080,
8081,8083,8087,8088,8093,8097,8100,8103,
8107,8109,8112,8113,8118,8119,8120,8125,
8126,8127,8129,8133,8137,8138,8142,8146,
8148,8160,8167,8168,8172,8174,8180,8181,
8185,8188,8194,8195,8199,8201,8205,8206,
8207,8210,8212,8213,8214,8215,8217,8218,
8221,8222,8224,8225,8227,8228,8231,8232,
8236,8239,8241,8243,8247,8248,8249,8251,
8253,8261,8262,8264,8266,8267,8271,8273,
8274,8277,8291,8295,8302,8304,8305,8306,
8307,8308,8310,8314,8315,8317,8318,8319,
8320,8322,8323,8331,8332,8334,8337,8340,
8343,8344,8345,8350,8351,8353,8357,8358,
8360,8362,8364,8365,8367,8368,8369,8370,
8371,8372,8373,8374,8376,8377,8378,8379,
8383,8384,8385,8386,8389,8390,8391,8392,
8393,8394,8395,8396,8397,8398,8399,8400,
8401,8402,8407,8409,8411,8412,8413,8417,
8418,8419,8420,8422,8423,8424,8425,8426,
8428,8429,8430,8431,8433,8435,8436,8437,
8438,8442,8445,8446,8447,8448,8449,8452,
8453,8454,8455,8458,8459,8460,8461,8462,
8463,8464,8465,8466,8467,8469,8470,8471,
8472,8473,8476,8477,8479,8481,8482,8485,
8487,8488,8490,8495,8499,8500,8502,8505,
8512,8514,8516,8517,8521,8522,8523,8525,
8528,8529,8532,8533,8534,8537,8538,8539,
8540,8543,8546,8548,8549,8550,8551,8552,
8556,8557,8558,8560,8562,8564,8565,8567,
8568,8569,8570,8571,8573,8575,8577,8578,
8580,8581,8583,8586,8588,8589,8590,8591,
8592,8593,8594,8597,8600,8602,8610,8611,
8623,8624,8626,8627,8641,8645,8652,8658,
8665,8670,8671,8672,8677,8678,8684,8685,
8692,8695,8697,8701,8702,8703,8704,8705,
8706,8707,8708,8711,8712,8713,8714,8715,
8718,8720,8721,8722,8726,8727,8728,8729,
8730,8731,8732,8733,8734,8735,8736,8738,
8739,8740,8741,8742,8743,8744,8745,8746,
8747,8750,8751,8755,8756,8757,8758,8760,
8762,8764,8765,8767,8768,8769,8770,8771,
8772,8773,8777,8778,8779,8780,8781,8783,
8784,8787,8788,8789,8790,8793,8795,8797,
8799,8800,8802,8803,8804,8805,8806,8811,
8813,8814,8816,8818,8820,8821,8828,8833,
8835,8840,8847,8850,8851,8852,8854,8861,
8862,8863,8864,8871,8873,8874,8875,8876,
8878,8883,8887,8889,8893,8894,8896,8897,
8898,8901,8906,8907,8909,8910,8912,8913,
8915,8919,8920,8924,8926,8927,8931,8933,
8937,8938,8939,8940,8945,8946,8947,8948,
8949,8950,8951,8952,8953,8954,8959,8960,
8961,8962,8965,8966,8967,8968,8969,8977,
8980,8981,8983,8987,8988,8990,8991,8993,
8998,9000,9001,9003,9004,9005,9008,9009,
9015,9016,9021,9022,9024,9025,9026,9027,
9028,9030,9031,9033,9034,9035,9039,9043,
9044,9046,9047,9048,9049,9051,9053,9056,
9062,9064,9065,9066,9067,9069,9072,9074,
9079,9081,9090,9095,9103,9107,9108,9109,
9112,9115,9116,9117,9118,9119,9121,9122,
9123,9126,9127,9129,9131,9134,9135,9136,
9143,9144,9148,9151,9153,9160,9161,9162,
9163,9164,9165,9169,9171,9172,9173,9174,
9176,9177,9180,9182,9184,9185,9186,9187,
9188,9191,9192,9193,9194,9195,9196,9199,
9200,9201,9202,9203,9204,9205,9208,9210,
9213,9214,9216,9218,9219,9222,9223,9232,
9233,9234,9241,9242,9248,9254,9262,9271,
9273,9275,9280,9281,9282,9283,9284,9287,
9291,9292,9302,9303,9306,9307,9308,9310,
9312,9313,9314,9315,9319,9320,9322,9323,
9324,9325,9326,9329,9332,9334,9336,9337,
9339,9353,9355,9356,9362,9364,9365,9366,
9369,9371,9374,9375,9376,9377,9380,9384,
9388,9396,9397,9398,9409,9410,9412,9413,
9420,9426,9433,9439,9441,9451,9452,9456,
9458,9460,9462,9473,9480,9485,9488,9493,
9494,9496,9498,9502,9505,9507,9512,9513,
9516,9517,9518,9520,9529,9531,9537,9541,
9550,9560,9564,9568,9571,9579,9585,9594,
9597,9599,9603,9604,9605,9609,9610,9611,
9612,9614,9616,9618,9620,9621,9623,9624,
9626,9627,9629,9634,9636,9637,9639,9640,
9643,9645,9646,9648,9649,9650,9654,9655,
9656,9657,9659,9660,9661,9664,9666,9668,
9669,9670,9671,9674,9675,9676,9677,9678,
9680,9681,9682,9683,9684,9685,9687,9688,
9689,9690,9691,9692,9697,9700,9704,9707,
9712,9714,9715,9716,9717,9718,9719,9720,
9721,9722,9727,9729,9740,9741,9745,9747,
9748,9750,9751,9753,9754,9757,9760,9764,
9765,9767,9768,9769,9770,9771,9772,9774,
9784,9785,9786,9787,9788,9790,9792,9793,
9794,9795,9796,9797,9798,9804,9805,9806,
9807,9808,9809,9810,9812,9813,9815,9832,
9847,9848,9851,9853,9854,9855,9856,9860,
9865,9866,9870,9880,9884,9890,9893,9897,
9899,9904,9907,9909,9910,9913,9914,9915,
9916,9917,9919,9920,9921,9926,9927,9932,
9933,9934,9942,9945,9946,9947,9948,9949,
9950,9951,9952,9953,9960,9962,9963,9965,
9967,9968,9970,9971,9973,9975,9978,9979,
9980,9981,9982,9983,9984,9985,9988,9991,
9993,9995,10002,10004,10005,10006,10007,10009,
10014,10015,10019,10020,10022,10023,10025,10026,
10030,10032,10033,10034,10035,10041,10043,10051,
10052,10054,10057,10060,10061,10062,10065,10066,
10068,10078,10079,10080,10081,10082,10083,10084,
10085,10086,10087,10088,10089,10092,10093,10094,
10095,10096,10101,10106,10107,10109,10110,10114,
10116,10124,10127,10129,10130,10133,10134,10137,
10139,10140,10141,10145,10146,10147,10149,10150,
10151,10152,10153,10155,10156,10158,10159,10162,
10164,10167,10168,10169,10170,10171,10173,10180,
10188,10190,10191,10201,10203,10205,10207,10229,
10238,10242,10249,10253,10255,10257,10258,10259,
10260,10262,10264,10265,10268,10269,10270,10274,
10279,10280,10281,10283,10284,10285,10286,10287,
10288,10289,10290,10291,10292,10294,10295,10296,
10297,10302,10303,10305,10306,10307,10308,10309,
10310,10314,10315,10317,10318,10320,10321,10322,
10326,10329,10330,10331,10333,10336,10337,10339,
10340,10341,10343,10344,10345,10346,10358,10359,
10360,10363,10370,10373,10376,10382,10385,10391,
10392,10395,10396,10398,10399,10400,10401,10402,
10403,10404,10407,10409,10410,10412,10413,10414,
10416,10417,10419,10420,10421,10422,10423,10425,
10426,10429,10430,10431,10434,10435,10437,10438,
10444,10445,10449,10450,10451,10454,10461,10462,
10464,10473,10477,10480,10483,10484,10486,10487,
10491,10494,10495,10496,10498,10505,10507,10508,
10510,10512,10517,10518,10520,10521,10525,10531,
10533,10534,10535,10537,10538,10539,10540,10541,
10543,10545,10546,10547,10548,10549,10550,10551,
10553,10554,10556,10557,10558,10560,10561,10562,
10563,10568,10570,10571,10573,10576,10577,10581,
10584,10586,10587,10589,10590,10591,10593,10594,
10595,10597,10598,10600,10601,10602,10605,10606,
10608,10609,10612,10615,10616,10618,10623,10624,
10626,10627,10630,10633,10638,10640,10642,10643,
10644,10647,10650,10651,10653,10654,10657,10659,
10661,10663,10664,10665,10674,10678,10680,10682,
10684,10689,10690,10691,10692,10693,10694,10695,
10701,10702,10705,10713,10714,10716,10717,10718,
10719,10723,10725,10726,10727,10728,10734,10735,
10736,10739,10740,10741,10744,10745,10746,10747,
10749,10750,10751,10752,10755,10756,10757,10758,
10762,10764,10767,10770,10772,10773,10774,10775,
10776,10778,10780,10783,10784,10785,10789,10791,
10792,10794,10796,10797,10798,10799,10800,10802,
10804,10806,10807,10809,10811,10812,10813,10816,
10817,10818,10819,10821,10827,10828,10834,10854,
10857,10864,10865,10869,10871,10872,10874,10875,
10876,10880,10883,10884,10885,10890,10891,10892,
10898,10903,10910,10917,10935,10952,10956,10957,
10958,10961,10962,10963,10964,10966,10969,10976,
10981,10985,10988,10990,10995,10996,10997,10998,
10999,11000,11001,11002,11003,11004,11005,11006,
11007,11008,11009,11010,11013,11014,11015,11016,
11017,11018,11019,11020,11021,11022,11024,11025,
11028,11029,11030,11031,11032,11035,11036,11037,
11038,11039,11040,11043,11045,11046,11047,11048,
11049,11050,11051,11054,11055,11058,11060,11061,
11062,11063,11064,11065,11066,11067,11068,11069,
11070,11071,11072,11073,11075,11076,11077,11078,
11079,11080,11081,11082,11083,11085,11086,11087,
11088,11089,11090,11091,11093,11094,11097,11098,
11101,11103,11106,11108,11109,11111,11113,11114,
11115,11117,11118,11121,11122,11123,11124,11125,
11126,11128,11132,11135,11140,11148,11150,11151,
11156,11161,11162,11166,11168,11169,11171,11175,
11176,11177,11179,11183,11189,11193,11224,11226,
11234,11236,11243,11247,11250,11251,11252,11254,
11255,11256,11257,11258,11259,11260,11261,11262,
11264,11265,11266,11268,11269,11271,11275,11277,
11278,11279,11280,11281,11285,11286,11287,11288,
11289,11290,11291,11293,11299,11300,11301,11302,
11303,11304,11310,11312,11317,11318,11319,11320,
11321,11322,11325,11326,11327,11328,11330,11333,
11335,11336,11337,11339,11341,11342,11344,11345,
11347,11348,11349,11352,11356,11357,11358,11359,
11360,11362,11363,11367,11369,11374,11381,11382,
11385,11386,11387,11388,11392,11393,11394,11395,
11396,11399,11400,11401,11402,11403,11404,11406,
11408,11409,11410,11411,11412,11417,11418,11422,
11425,11426,11427,11428,11429,11430,11433,11434,
11435,11436,11437,11439,11444,11445,11450,11457,
11458,11460,11461,11462,11463,11464,11465,11466,
11467,11468,11469,11470,11471,11472,11473,11474,
11475,11480,11481,11482,11483,11485,11487,11489,
11490,11491,11492,11494,11498,11499,11505,11506,
11507,11508,11509,11510,11512,11518,11522,11523,
11526,11529,11530,11532,11533,11534,11535,11536,
11538,11541,11542,11543,11544,11546,11549,11552,
11554,11559,11562,11563,11564,11565,11566,11567,
11568,11570,11575,11576,11577,11579,11586,11587,
11589,11590,11591,11595,11596,11597,11607,11617,
11618,11619,11624,11625,11626,11627,11628,11631,
11636,11639,11641,11643,11644,11645,11646,11648,
11650,11651,11652,11653,11654,11656,11657,11658,
11659,11663,11665,11667,11668,11669,11670,11674,
11675,11676,11678,11679,11680,11681,11682,11683,
11684,11685,11686,11687,11690,11691,11692,11693,
11694,11695,11696,11697,11698,11699,11701,11702,
11703,11704,11706,11707,11708,11709,11710,11711,
11712,11713,11714,11716,11717,11718,11719,11720,
11721,11722,11723,11725,11726,11727,11728,11729,
11730,11731,11732,11733,11735,11737,11739,11740,
11744,11745,11748,11749,11750,11751,11752,11753,
11754,11755,11756,11757,11758,11759,11760,11761,
11762,11763,11764,11767,11768,11771,11774,11776,
11777,11778,11779,11781,11783,11786,11792,11793,
11794,11795,11797,11800,11803,11804,11808,11811,
11813,11815,11816,11824,11826,11828,11829,11831,
11832,11834,11835,11836,11837,11839,11841,11842,
11851,11853,11854,11856,11858,11861,11866,11867,
11868,11873,11874,11876,11882,11884,11889,11892,
11893,11896,11897,11898,11900,11901,11902,11903,
11904,11905,11907,11908,11909,11910,11912,11915,
11917,11919,11920,11922,11924,11928,11929,11932,
11937,11941,11945,11958,11959,11962,11967,11968,
11975,11979,11980,11982,11987,11994,11997,11999,
12003,12005,12008,12010,12011,12015,12016,12017,
12018,12019,12020,12022,12024,12025,12026,12030,
12035,12036,12039,12041,12042,12043,12050,12052,
12060,12076,12077,12079,12084,12088,12089,12090,
12093,12095,12102,12103,12108,12110,12118,12119,
12124,12125,12126,12127,12128,12131,12132,12133,
12134,12136,12137,12138,12139,12140,12141,12142,
12143,12144,12145,12146,12149,12150,12151,12152,
12154,12155,12156,12157,12158,12159,12161,12163,
12164,12165,12168,12169,12171,12172,12175,12176,
12177,12178,12179,12180,12181,12182,12183,12185,
12188,12190,12191,12192,12194,12195,12196,12197,
12198,12200,12202,12204,12205,12206,12207,12208,
12209,12210,12211,12213,12215,12216,12218,12219,
12221,12225,12226,12227,12228,12229,12230,12231,
12232,12233,12234,12235,12237,12241,12243,12244,
12246,12249,12250,12252,12253,12257,12258,12259,
12260,12261,12262,12263,12265,12266,12267,12268,
12269,12270,12272,12273,12280,12281,12282,12283,
12285,12286,12288,12289,12290,12291,12295,12297,
12298,12299,12300,12302,12303,12304,12305,12306,
12307,12308,12310,12311,12312,12314,12315,12317,
12318,12319,12320,12322,12325,12327,12328,12329,
12331,12333,12334,12336,12347,12348,12350,12351,
12352,12353,12354,12355,12357,12359,12364,12366,
12368,12372,12375,12378,12380,12381,12386,12387,
12389,12391,12393,12395,12396,12397,12398,12399,
12400,12401,12402,12404,12405,12406,12409,12412,
12414,12415,12416,12417,12419,12420,12421,12425,
12426,12427,12431,12432,12436,12441,12445,12449,
12458,12466,12467,12469,12472,12477,12486,12489,
12490,12493,12494,12496,12497,12499,12500,12501,
12502,12504,12505,12506,12507,12508,12509,12510,
12511,12518,12519,12522,12523,12524,12525,12526,
12527,12528,12530,12534,12537,12539,12541,12543,
12546,12547,12549,12550,12551,12553,12557,12558,
12559,12560,12565,12566,12567,12570,12571,12574,
12576,12577,12580,12582,12583,12584,12585,12586,
12587,12589,12592,12594,12596,12597,12599,12601,
12603,12604,12606,12607,12609,12610,12611,12613,
12614,12616,12618,12620,12621,12622,12623,12625,
12626,12627,12628,12629,12630,12631,12632,12633,
12634,12635,12636,12637,12638,12639,12642,12644,
12650,12651,12653,12654,12655,12656,12658,12659,
12660,12661,12662,12663,12664,12665,12666,12667,
12668,12669,12670,12673,12674,12675,12676,12677,
12678,12679,12680,12681,12682,12683,12684,12685,
12686,12687,12688,12689,12691,12693,12694,12696,
12699,12705,12707,12709,12719,12722,12723,12725,
12727,12728,12729,12730,12733,12734,12735,12739,
12741,12742,12748,12751,12752,12757,12761,12762,
12763,12764,12765,12766,12767,12768,12769,12773,
12783,12788,12790,12794,12798,12799,12803,12804,
12810,12813,12829,12833,12835,12838,12840,12844,
12846,12848,12849,12850,12854,12857,12858,12859,
12861,12868,12870,12871,12873,12875,12877,12882,
12883,12887,12888,12893,12894,12895,12896,12897,
12898,12900,12901,12902,12903,12904,12905,12906,
12907,12908,12909,12912,12913,12914,12917,12918,
12919,12920,12921,12922,12923,12924,12926,12929,
12930,12931,12934,12935,12941,12942,12944,12945,
12946,12952,12953,12954,12955,12956,12961,12962,
12963,12966,12967,12969,12970,12971,12973,12974,
12975,12979,12981,12982,12983,12984,12985,12987,
12989,12994,12997,12998,12999,13000,13004,13010,
13011,13012,13014,13016,13017,13019,13020,13022,
13023,13024,13025,13026,13027,13028,13033,13035,
13037,13041,13046,13049,13054,13056,13057,13058,
13059,13061,13062,13064,13065,13069,13071,13072,
13074,13080,13082,13086,13087,13101,13106,13113,
13114,13119,13121,13122,13123,13124,13128,13129,
13130,13136,13137,13138,13139,13143,13146,13149,
13150,13151,13154,13157,13158,13160,13161,13163,
13164,13165,13167,13168,13171,13172,13174,13175,
13176,13178,13190,13192,13193,13194,13195,13197,
13198,13199,13200,13202,13203,13207,13209,13210,
13212,13214,13215,13216,13218,13219,13220,13225,
13226,13227,13229,13240,13241,13246,13248,13249,
13261,13265,13268,13269,13270,13271,13272,13273,
13275,13277,13278,13280,13281,13282,13286,13287,
13288,13291,13294,13297,13298,13299,13300,13304,
13305,13307,13309,13310,13311,13313,13319,13320,
13321,13322,13324,13325,13331,13332,13336,13340,
13341,13345,13349,13356,13360,13363,13365,13367,
13368,13371,13373,13374,13375,13377,13379,13382,
13384,13385,13387,13388,13389,13391,13392,13393,
13394,13395,13397,13398,13400,13401,13403,13404,
13405,13407,13409,13410,13411,13412,13413,13415,
13418,13420,13421,13424,13426,13428,13430,13431,
13432,13434,13440,13453,13467,13468,13470,13471,
13473,13475,13476,13478,13479,13480,13481,13482,
13484,13485,13486,13487,13488,13489,13491,13496,
13497,13498,13499,13500,13501,13504,13505,13506,
13509,13510,13513,13516,13517,13519,13520,13530,
13532,13534,13537,13545,13546,13547,13548,13550,
13551,13552,13556,13557,13558,13559,13560,13561,
13562,13563,13564,13565,13566,13567,13568,13569,
13570,13571,13573,13574,13575,13576,13577,13578,
13579,13580,13581,13584,13587,13589,13591,13595,
13596,13606,13613,13616,13617,13626,13631,13640,
13672,13683,13684,13695,13696,13698,13700,13702,
13705,13706,13707,13709,13711,13712,13714,13716,
13719,13720,13721,13723,13724,13726,13727,13728,
13729,13730,13731,13733,13734,13736,13737,13739,
13741,13742,13744,13745,13747,13748,13749,13750,
13755,13758,13769,13771,13772,13774,13775,13776,
13777,13779,13782,13783,13784,13785,13786,13787,
13788,13789,13792,13793,13796,13798,13799,13800,
13801,13802,13803,13806,13808,13822,13823,13830,
13831,13834,13850,13855,13856,13860,13861,13864,
13866,13872,13874,13878,13879,13887,13893,13895,
13898,13899,13902,13905,13914,13941,13950,13952,
13959,13963,13967,13969,13972,13977,13987,13990,
13993,13994,13997,13998,14002,14006,14007,14012,
14013,14014,14015,14016,14017,14018,14022,14023,
14024,14025,14027,14028,14029,14030,14031,14032,
14033,14034,14035,14036,14038,14039,14040,14043,
14044,14047,14050,14052,14053,14054,14057,14063,
14064,14066,14067,14070,14075,14077,14079,14080,
14081,14083,14084,14085,14087,14088,14089,14093,
14094,14097,14098,14099,14100,14101,14103,14104,
14105,14106,14107,14108,14110,14111,14112,14113,
14117,14118,14119,14120,14121,14124,14125,14127,
14128,14129,14138,14141,14142,14147,14152,14154,
14162,14166,14169,14171,14172,14174,14179,14183,
14197,14204,14205,14210,14212,14213,14214,14216,
14217,14222,14224,14226,14246,14250,14259,14263,
14265,14274,14275,14276,14287,14288,14290,14291,
14292,14293,14294,14299,14304,14305,14307,14308,
14309,14310,14311,14312,14313,14314,14315,14316,
14317,14318,14321,14322,14323,14325,14328,14329,
14331,14334,14335,14336,14342,14343,14345,14349,
14352,14353,14356,14357,14358,14361,14368,14369,
14380,14388,14389,14391,14392,14393,14395,14397,
14403,14408,14409,14417,14419,14429,14432,14433,
14434,14436,14437,14439,14440,14441,14443,14444,
14445,14446,14447,14448,14449,14450,14452,14453,
14454,14455,14457,14458,14459,14461,14462,14463,
14467,14469,14470,14471,14472,14473,14476,14477,
14478,14479,14480,14481,14483,14484,14485,14486,
14493,14494,14495,14497,14498,14499,14504,14505,
14506,14512,14513,14518,14519,14520,14521,14523,
14524,14530,14534,14535,14537,14538,14539,14541,
14543,14544,14547,14552,14560,14566,14573,14574,
14575,14576,14577,14578,14579,14580,14581,14582,
14584,14585,14586,14589,14591,14592,14595,14596,
14597,14598,14599,14600,14601,14602,14603,14604,
14605,14606,14607,14608,14609,14611,14612,14613,
14614,14615,14618,14619,14620,14622,14623,14624,
14625,14626,14627,14628,14631,14632,14634,14635,
14637,14638,14639,14640,14642,14643,14645,14646,
14647,14648,14651,14652,14653,14654,14656,14657,
14658,14660,14662,14665,14666,14667,14668,14669,
14670,14671,14672,14674,14708,14709,14715,14716,
14719,14720,14722,14724,14732,14735,14737,14739,
14751,14758,14759,14768,14770,14771,14773,14774,
14782,14783,14784,14785,14788,14789,14792,14793,
14794,14795,14797,14800,14802,14803,14805,14806,
14808,14810,14812,14814,14815,14816,14817,14832,
14833,14835,14836,14837,14840,14841,14842,14844,
14845,14846,14848,14850,14851,14852,14853,14855,
14856,14859,14861,14863,14864,14871,14874,14878,
14879,14880,14883,14885,14886,14889,14891,14892,
14893,14894,14895,14896,14897,14898,14899,14900,
14901,14903,14904,14905,14906,14907,14908,14909,
14910,14911,14913,14914,14915,14916,14917,14918,
14919,14921,14923,14924,14925,14927,14928,14929,
14937,14941,14945,14985,14986,14987,14990,14992,
14994,15002,15003,15014,15015,15016,15019,15022,
15028,15031,15032,15034,15040,15044,15050,15051,
15052,15053,15058,15062,15067,15070,15079,15082,
15083,15086,15089,15090,15091,15102,15103,15106,
15114,15128,15129,15136,15138,15140,15141,15150,
15152,15153,15154,15155,15156,15157,15158,15159,
15164,15169,15171,15180,15187,15188,15191,15192,
15195,15199,15201,15203,15204,15206,15208,15209,
15214,15215,15216,15217,15218,15219,15220,15221,
15222,15225,15226,15227,15230,15231,15234,15236,
15237,15239,15240,15241,15242,15243,15244,15245,
15246,15248,15250,15251,15253,15254,15255,15256,
15257,15258,15259,15260,15261,15262,15264,15265,
15266,15267,15268,15270,15271,15275,15277,15279,
15280,15281,15282,15283,15284,15285,15286,15288,
15290,15291,15292,15294,15295,15296,15297,15301,
15304,15305,15306,15307,15308,15313,15314,15315,
15316,15317,15318,15319,15320,15321,15322,15323,
15324,15325,15328,15329,15330,15331,15333,15334,
15337,15338,15339,15340,15341,15344,15346,15347,
15348,15350,15360,15361,15362,15363,15364,15366,
15373,15376,15409,15421,15429,15442,15443,15450,
15453,15457,15458,15459,15461,15462,15464,15465,
15466,15467,15468,15471,15472,15474,15475,15477,
15479,15481,15482,15483,15484,15485,15487,15488,
15489,15491,15492,15494,15496,15500,15501,15504,
15505,15506,15508,15510,15511,15512,15513,15515,
15517,15518,15519,15520,15523,15524,15525,15527,
15529,15530,15531,15532,15534,15535,15536,15538,
15539,15541,15543,15546,15547,15549,15550,15551,
15553,15554,15555,15556,15560,15564,15565,15568,
15569,15571,15576,15577,15579,15580,15583,15585,
15587,15588,15592,15593,15594,15595,15597,15598,
15599,15600,15601,15603,15604,15605,15606,15607,
15608,15610,15611,15613,15615,15617,15622,15623,
15625,15626,15628,15629,15630,15631,15632,15633,
15634,15635,15638,15642,15645,15650,15654,15658,
15662,15668,15669,15671,15686,15693,15694,15695,
15698,15701,15720,15734,15735,15737,15738,15746,
15747,15748,15751,15752,15753,15754,15760,15761,
15762,15763,15764,15765,15768,15769,15770,15771,
15772,15776,15777,15778,15779,15780,15781,15784,
15785,15786,15788,15789,15790,15792,15795,15796,
15797,15798,15799,15800,15801,15802,15803,15805,
15806,15809,15810,15811,15813,15814,15815,15816,
15817,15821,15822,15823,15828,15831,15833,15836,
15842,15843,15844,15845,15848,15851,15852,15853,
15855,15856,15858,15859,15863,15864,15866,15869,
15870,15872,15873,15876,15878,15879,15881,15882,
15883,15884,15885,15886,15887,15889,15893,15894,
15895,15898,15902,15903,15905,15908,15909,15910,
15916,15917,15918,15922,15923,15925,15926,15929,
15930,15933,15934,15936,15938,15939,15941,15942,
15962,15965,15966,15970,16002,16003,16006,16014,
16020,16025,16045,16047,16049,16050,16052,16053,
16054,16056,16057,16059,16062,16063,16064,16068,
16069,16071,16073,16074,16075,16076,16079,16085,
16089,16092,16095,16099,16100,16102,16103,16104,
16106,16107,16109,16110,16112,16117,16118,16120,
16121,16124,16125,16127,16129,16131,16132,16133,
16136,16138,16140,16141,16142,16144,16145,16147,
16148,16150,16151,16152,16153,16154,16155,16156,
16157,16158,16159,16160,16162,16163,16164,16167,
16169,16171,16172,16173,16175,16182,16183,16186,
16187,16189,16192,16195,16196,16201,16202,16203,
16206,16208,16209,16214,16218,16220,16230,16232,
16234,16235,16238,16239,16240,16242,16251,16253,
16257,16263,16270,16272,16273,16277,16279,16282,
16283,16287,16289,16295,16299,16300,16303,16304,
16305,16306,16307,16308,16309,16313,16314,16319,
16321,16322,16323,16324,16325,16326,16327,16330,
16333,16335,16340,16341,16345,16351,16355,16360,
16366,16367,16368,16369,16370,16378,16380,16381,
16388,16390,16393,16396,16398,16402,16408,16410,
16412,16415,16418,16429,16430,16431,16433,16437,
16441,16442,16444,16445,16448,16449,16450,16451,
16452,16455,16456,16458,16460,16461,16462,16465,
16467,16470,16473,16474,16475,16476,16480,16484,
16485,16486,16489,16493,16495,16496,16497,16498,
16499,16500,16501,16502,16504,16505,16507,16508,
16510,16512,16514,16516,16523,16525,16529,16530,
16532,16533,16534,16535,16536,16539,16544,16545,
16551,16554,16555,16556,16559,16560,16561,16563,
16564,16566,16567,16568,16569,16573,16574,16575,
16578,16579,16580,16581,16583,16584,16585,16586,
16587,16588,16592,16593,16594,16596,16606,16609,
16621,16638,16641,16642,16646,16647,16650,16652,
16653,16656,16657,16659,16660,16662,16663,16667,
16668,16669,16673,16678,16679,16682,16684,16687,
16694,16695,16702,16704,16742,16751,16756,16760,
16766,16775,16778,16781,16783,16798,16799,16801,
16802,16804,16807,16808,16809,16810,16811,16812,
16813,16814,16816,16818,16819,16823,16824,16825,
16827,16829,16830,16831,16834,16835,16836,16837,
16838,16841,16846,16858,16859,16860,16862,16863,
16864,16865,16867,16868,16870,16871,16872,16874,
16876,16880,16881,16882,16883,16886,16888,16890,
16891,16892,16895,16896,16897,16899,16901,16906,
16909,16910,16915,16916,16918,16920,16921,16925,
16926,16927,16928,16929,16930,16932,16933,16934,
16935,16937,16940,16941,16942,16943,16944,16945,
16946,16947,16948,16949,16950,16954,16955,16956,
16957,16958,16959,16960,16963,16966,16967,16968,
16970,16973,16974,16975,16976,16977,16978,16979,
16981,16985,16986,16987,16992,16993,16994,16995,
16997,16998,16999,17000,17001,17003,17004,17005,
17006,17007,17009,17010,17011,17013,17014,17015,
17016,17017,17018,17020,17021,17022,17023,17024,
17025,17026,17027,17028,17029,17030,17031,17032,
17033,17034,17035,17037,17038,17039,17041,17042,
17043,17044,17045,17050,17051,17052,17053,17056,
17060,17061,17067,17068,17069,17071,17073,17076,
17077,17079,17081,17082,17083,17084,17089,17091,
17092,17093,17095,17099,17105,17108,17110,17111,
17113,17115,17124,17127,17128,17129,17134,17135,
17136,17137,17139,17140,17141,17142,17143,17144,
17146,17147,17148,17149,17150,17151,17153,17155,
17156,17159,17162,17166,17167,17168,17179,17186,
17187,17189,17192,17194,17197,17200,17203,17204,
17205,17207,17212,17214,17215,17219,17221,17222,
17223,17224,17225,17226,17227,17228,17229,17230,
17231,17233,17238,17239,17240,17244,17250,17251,
17252,17254,17260,17261,17262,17265,17273,17276,
17277,17278,17281,17285,17291,17292,17293,17297,
17300,17303,17310,17311,17314,17315,17322,17326,
17338,17339,17340,17348,17350,17359,17360,17363,
17365,17366,17373,17374,17375,17377,17385,17386,
17387,17388,17391,17392,17393,17400,17401,17402,
17403,17404,17406,17407,17412,17413,17415,17416,
17420,17424,17429,17437,17447,17451,17453,17454,
17455,17456,17459,17464,17466,17469,17471,17472,
17477,17478,17480,17481,17485,17502,17512,17513,
17515,17518,17523,17526,17528,17531,17535,17538,
17543,17546,17547,17552,17558,17559,17560,17563,
17565,17577,17582,17585,17588,17594,17596,17600,
17601,17604,17606,17608,17610,17612,17613,17616,
17617,17619,17620,17625,17628,17629,17633,17635,
17637,17645,17656,17661,17665,17666,17670,17672,
17674,17675,17676,17677,17678,17680,17682,17683,
17685,17686,17687,17688,17689,17693,17694,17695,
17696,17697,17698,17699,17700,17702,17703,17705,
17706,17708,17711,17713,17714,17716,17717,17718,
17719,17721,17722,17723,17724,17726,17727,17728,
17729,17730,17731,17734,17735,17736,17739,17743,
17756,17758,17759,17760,17765,17766,17769,17772,
17774,17775,17780,17781,17786,17789,17792,17794,
17804,17807,17810,17813,17814,17815,17819,17821,
17827,17830,17831,17834,17839,17840,17844,17854,
17856,17857,17859,17860,17861,17863,17865,17868,
17869,17871,17872,17874,17876,17877,17878,17881,
17885,17887,17889,17890,17891,17892,17896,17898,
17899,17900,17901,17902,17903,17904,17905,17906,
17908,17909,17910,17912,17913,17914,17915,17916,
17918,17919,17920,17922,17924,17925,17926,17927,
17928,17930,17931,17932,17935,17938,17940,17941,
17943,17944,17948,17949,17950,17955,17957,17958,
17959,17962,17963,17964,17965,17966,17969,17971,
17973,17974,17975,17978,17979,17983,17984,17985,
17988,17990,17991,17992,17994,17995,17996,17997,
17999,18006,18011,18015,18017,18018,18033,18035,
18039,18041,18042,18044,18045,18047,18048,18050,
18051,18060,18061,18069,18075,18077,18085,18086,
18087,18098,18099,18100,18102,18103,18104,18105,
18106,18107,18108,18109,18110,18113,18116,18117,
18120,18121,18122,18123,18124,18126,18127,18128,
18130,18131,18132,18139,18141,18143,18144,18145,
18147,18148,18149,18151,18152,18153,18155,18156,
18157,18159,18161,18162,18163,18165,18166,18167,
18168,18170,18171,18172,18173,18174,18175,18176,
18177,18178,18180,18181,18182,18183,18185,18187,
18190,18196,18197,18199,18202,18203,18204,18206,
18208,18209,18210,18211,18212,18213,18214,18216,
18217,18218,18219,18220,18221,18223,18225,18226,
18228,18230,18231,18232,18233,18234,18235,18237,
18238,18239,18240,18242,18243,18244,18245,18246,
18247,18248,18250,18251,18255,18258,18259,18260,
18261,18263,18267,18268,18269,18270,18271,18272,
18273,18274,18276,18278,18283,18284,18285,18286,
18287,18288,18289,18291,18292,18293,18294,18295,
18296,18297,18298,18299,18301,18302,18303,18305,
18306,18307,18308,18309,18310,18311,18316,18319,
18320,18325,18326,18328,18329,18330,18332,18337,
18342,18343,18355,18356,18386,18390,18393,18396,
18397,18400,18401,18402,18404,18405,18408,18410,
18412,18414,18415,18417,18420,18422,18425,18427,
18430,18433,18434,18435,18440,18442,18443,18444,
18451,18453,18454,18455,18458,18461,18462,18466,
18467,18468,18469,18471,18473,18474,18475,18480,
18481,18484,18491,18492,18493,18494,18496,18500,
18501,18502,18506,18508,18509,18511,18513,18514,
18515,18518,18519,18520,18521,18523,18524,18526,
18527,18528,18529,18530,18531,18533,18534,18540,
18544,18545,18546,18550,18551,18552,18553,18557,
18558,18560,18561,18562,18563,18564,18566,18567,
18568,18569,18570,18571,18574,18577,18582,18583,
18585,18590,18593,18596,18597,18598,18599,18601,
18603,18604,18609,18613,18615,18616,18617,18619,
18624,18625,18626,18628,18629,18630,18631,18632,
18633,18634,18635,18636,18637,18638,18639,18640,
18641,18642,18643,18645,18646,18647,18650,18652,
18653,18654,18655,18656,18659,18660,18661,18662,
18663,18667,18668,18671,18672,18673,18679,18680,
18681,18683,18684,18685,18686,18687,18688,18689,
18690,18691,18692,18695,18698,18703,18705,18706,
18708,18711,18712,18713,18714,18718,18719,18720,
18721,18722,18724,18725,18726,18727,18728,18729,
18730,18731,18732,18734,18735,18736,18737,18738,
18739,18740,18741,18742,18743,18744,18745,18746,
18747,18748,18749,18750,18751,18752,18753,18754,
18755,18756,18757,18758,18764,18772,18773,18774,
18775,18776,18777,18778,18779,18781,18782,18784,
18790,18791,18793,18794,18795,18796,18798,18799,
18802,18805,18806,18808,18824,18825,18832,18833,
18835,18836,18838,18842,18866,18885,18886,18887,
18893,18895,18896,18897,18901,18902,18905,18907,
18908,18910,18912,18914,18915,18917,18919,18921,
18925,18927,18929,18931,18933,18936,18937,18938,
18941,18942,18943,18944,18945,18947,18948,18950,
18951,18952,18954,18958,18959,18961,18963,18964,
18965,18966,18968,18971,18972,18975,18976,18977,
18978,18979,18981,18984,18986,18988,18989,18990,
18991,18995,18996,18998,18999,19000,19001,19003,
19004,19005,19006,19008,19009,19013,19016,19017,
19018,19020,19027,19028,19031,19034,19039,19045,
19047,19048,19049,19050,19051,19054,19055,19056,
19057,19059,19063,19070,19071,19072,19073,19074,
19075,19076,19077,19078,19079,19080,19081,19082,
19083,19084,19085,19087,19088,19089,19095,19097,
19098,19099,19101,19104,19105,19108,19109,19111,
19112,19114,19115,19116,19117,19118,19119,19120,
19123,19124,19126,19127,19128,19129,19130,19132,
19133,19134,19135,19138,19139,19140,19141,19142,
19143,19149,19150,19152,19153,19156,19157,19160,
19161,19162,19164,19165,19166,19167,19169,19170,
19171,19172,19173,19175,19176,19178,19182,19183,
19184,19185,19186,19187,19188,19189,19190,19191,
19192,19193,19194,19197,19198,19199,19200,19201,
19202,19205,19206,19207,19208,19209,19210,19211,
19216,19218,19219,19220,19221,19222,19225,19226,
19227,19228,19229,19230,19232,19234,19238,19239,
19240,19243,19244,19245,19246,19249,19251,19254,
19255,19262,19263,19265,19266,19267,19268,19270,
19271,19279,19282,19284,19285,19288,19290,19291,
19305,19308,19316,19335,19336,19379,19380,19381,
19385,19389,19395,19398,19401,19404,19405,19410,
19411,19413,19414,19424,19425,19428,19429,19431,
19436,19437,19438,19439,19442,19447,19448,19451,
19453,19463,19467,19468,19470,19480,19481,19482,
19485,19486,19490,19491,19493,19494,19497,19499,
19500,19502,19503,19505,19507,19513,19514,19515,
19517,19519,19520,19523,19524,19526,19527,19528,
19534,19536,19537,19538,19540,19541,19543,19544,
19545,19547,19549,19550,19552,19553,19554,19555,
19558,19559,19560,19561,19562,19563,19565,19566,
19569,19571,19573,19576,19577,19578,19582,19583,
19584,19588,19597,19615,19616,19626,19648,19659,
19661,19662,19665,19666,19667,19668,19669,19670,
19673,19675,19676,19677,19678,19679,19680,19681,
19682,19683,19684,19685,19686,19687,19688,19689,
19691,19692,19694,19697,19704,19710,19711,19712,
19713,19714,19715,19716,19717,19718,19719,19721,
19723,19724,19725,19728,19729,19730,19732,19733,
19734,19735,19737,19738,19740,19741,19742,19746,
19747,19748,19749,19750,19751,19752,19753,19756,
19758,19759,19761,19762,19765,19766,19767,19768,
19770,19775,19778,19781,19782,19783,19784,19785,
19786,19787,19788,19789,19792,19794,19797,19798,
19799,19800,19801,19802,19804,19805,19806,19807,
19808,19809,19810,19811,19812,19815,19816,19817,
19818,19819,19822,19823,19824,19826,19827,19829,
19830,19831,19832,19833,19834,19835,19840,19841,
19842,19844,19846,19847,19851,19852,19855,19857,
19858,19861,19862,19863,19864,19865,19866,19871,
19879,19880,19884,19886,19887,19892,19894,19895,
19899,19901,19903,19904,19906,19911,19912,19916,
19919,19920,19921,19922,19924,19926,19927,19928,
19931,19938,19940,19943,19944,19945,19946,19948,
19950,19952,19955,19958,19965,19966,19967,19968,
19973,19975,19976,19977,19978,19980,19981,19984,
19988,19991,19992,19993,19995,19996,19998,20000,
20001,20002,20003,20004,20005,20006,20008,20009,
20010,20013,20014,20015,20017,20019,20020,20021,
20022,20023,20025,20026,20027,20028,20029,20030,
20031,20032,20034,20035,20036,20037,20038,20042,
20044,20046,20047,20048,20049,20050,20051,20052,
20055,20056,20057,20058,20061,20067,20070,20072,
20076,20077,20081,20083,20084,20091,20095,20099,
20101,20105,20106,20107,20108,20109,20110,20112,
20114,20115,20116,20119,20122,20124,20133,20134,
20136,20137,20138,20139,20140,20141,20142,20143,
20144,20145,20147,20148,20151,20152,20153,20155,
20156,20157,20158,20159,20161,20163,20164,20167,
20168,20171,20172,20176,20177,20178,20179,20180,
20181,20183,20186,20189,20193,20195,20198,20199,
20201,20202,20203,20206,20212,20214,20220,20221,
20222,20223,20225,20226,20227,20228,20230,20231,
20232,20240,20242,20245,20246,20253,20256,20258,
20267,20268,20271,20272,20273,20274,20275,20277,
20278,20281,20283,20286,20287,20288,20294,20295,
20310,20311,20319,20321,20331,20343,20344,20345,
20347,20349,20350,20351,20352,20353,20355,20356,
20358,20360,20361,20362,20364,20365,20366,20368,
20369,20375,20377,20378,20380,20387,20392,20393,
20408,20409,20420,20422,20430,20431,20433,20434,
20436,20437,20438,20442,20443,20444,20446,20448,
20472,20512,20522,20523,20524,20526,20528,20529,
20531,20532,20542,20547,20568,20572,20578,20580,
20581,20582,20583,20584,20585,20588,20589,20590,
20591,20592,20594,20595,20596,20597,20598,20599,
20600,20601,20602,20603,20604,20605,20607,20608,
20609,20610,20612,20614,20615,20618,20620,20622,
20623,20624,20626,20627,20629,20630,20633,20634,
20635,20640,20643,20644,20647,20648,20649,20650,
20652,20653,20654,20655,20656,20659,20660,20661,
20664,20666,20667,20668,20669,20670,20672,20674,
20675,20676,20677,20678,20679,20683,20684,20685,
20691,20695,20706,20715,20717,20718,20723,20724,
20727,20731,20733,20735,20737,20738,20743,20747,
20753,20754,20756,20762,20764,20765,20766,20767,
20768,20769,20770,20771,20774,20775,20776,20777,
20779,20780,20781,20782,20783,20784,20785,20787,
20788,20789,20792,20793,20794,20798,20800,20801,
20802,20803,20808,20811,20814,20817,20819,20820,
20822,20823,20824,20825,20826,20827,20828,20829,
20830,20831,20832,20833,20834,20835,20836,20837,
20838,20839,20840,20841,20842,20843,20844,20845,
20847,20848,20849,20850,20851,20852,20853,20854,
20855,20856,20857,20858,20859,20860,20861,20862,
20864,20865,20866,20869,20870,20874,20875,20876,
20878,20879,20881,20883,20885,20886,20887,20888,
20890,20891,20892,20893,20896,20897,20898,20899,
20900,20905,20907,20909,20912,20913,20921,20923,
20929,20931,20933,20934,20936,20940,20943,20944,
20945,20947,20949,20950,20951,20952,20953,20954,
20955,20956,20958,20959,20960,20962,20963,20964,
20965,20966,20967,20968,20969,20970,20971,20972,
20974,20976,20977,20979,20980,20981,20982,20983,
20984,20985,20986,20987,20988,20990,20991,20992,
20993,20994,20996,20997,20998,20999,21001,21002,
21003,21005,21006,21008,21009,21010,21011,21012,
21013,21016,21017,21019,21020,21022,21024,21025,
21026,21027,21028,21031,21032,21033,21034,21035,
21040,21041,21043,21044,21048,21051,21052,21053,
21054,21055,21056,21057,21059,21061,21062,21063,
21064,21065,21066,21067,21068,21069,21071,21072,
21074,21075,21076,21077,21078,21079,21080,21081,
21082,21083,21084,21085,21086,21087,21089,21090,
21092,21094,21095,21096,21097,21098,21101,21103,
21104,21105,21106,21107,21108,21109,21110,21112,
21117,21119,21120,21124,21126,21127,21134,21139,
21140,21141,21146,21147,21149,21152,21155,21157,
21159,21160,21162,21163,21180,21190,21196,21197,
21201,21202,21203,21212,21213,21214,21215,21216,
21217,21218,21219,21229,21263,21284,21296,21298,
21302,21312,21313,21314,21315,21316,21318,21319,
21323,21325,21326,21328,21329,21330,21331,21333,
21334,21335,21336,21338,21340,21341,21346,21348,
21354,21355,21356,21357,21358,21359,21360,21361,
21362,21363,21365,21366,21367,21370,21371,21379,
21383,21385,21387,21404,21409,21421,21422,21424,
21425,21426,21427,21428,21430,21431,21437,21439,
21441,21443,21444,21445,21446,21448,21449,21451,
21452,21453,21456,21457,21469,21470,21473,21480,
21483,21488,21490,21491,21496,21497,21498,21499,
21500,21501,21502,21503,21509,21510,21511,21513,
21514,21515,21517,21522,21523,21524,21528,21532,
21535,21537,21538,21539,21540,21541,21542,21543,
21545,21547,21548,21551,21552,21553,21554,21555,
21556,21557,21558,21559,21560,21562,21564,21565,
21567,21568,21569,21570,21571,21572,21573,21574,
21575,21576,21579,21580,21581,21585,21588,21592,
21594,21595,21596,21598,21599,21600,21601,21602,
21603,21604,21606,21607,21608,21610,21611,21612,
21613,21616,21617,21618,21621,21622,21623,21625,
21626,21627,21629,21630,21631,21632,21633,21634,
21639,21640,21641,21643,21646,21650,21651,21653,
21654,21655,21656,21657,21658,21659,21660,21661,
21663,21666,21668,21670,21671,21672,21673,21675,
21681,21684,21686,21688,21692,21694,21696,21697,
21699,21700,21702,21703,21712,21714,21720,21721,
21722,21723,21724,21725,21726,21727,21728,21729,
21730,21731,21732,21734,21735,21737,21738,21739,
21741,21742,21744,21746,21747,21748,21749,21750,
21752,21753,21754,21755,21756,21757,21759,21760,
21762,21764,21766,21768,21769,21771,21774,21775,
21778,21779,21780,21781,21782,21783,21784,21785,
21786,21787,21788,21789,21790,21791,21792,21794,
21795,21800,21801,21805,21807,21809,21810,21813,
21814,21815,21818,21819,21823,21824,21826,21827,
21828,21829,21831,21832,21838,21840,21841,21842,
21843,21844,21845,21846,21847,21849,21850,21851,
21852,21853,21854,21855,21856,21857,21858,21859,
21860,21861,21863,21864,21865,21866,21867,21868,
21869,21870,21872,21874,21875,21878,21879,21880,
21882,21883,21886,21887,21888,21891,21893,21894,
21902,21903,21910,21919,21920,21921,21924,21967,
21969,21970,21974,21975,21977,21979,21982,21983,
21984,21986,21987,21989,21990,21991,21992,21993,
21994,22000,22002,22004,22008,22009,22010,22011,
22014,22015,22018,22019,22020,22021,22022,22023,
22024,22025,22026,22027,22028,22032,22037,22055,
22057,22065,22074,22077,22080,22082,22093,22097,
22111,22113,22119,22120,22121,22123,22124,22125,
22127,22130,22131,22132,22133,22134,22136,22140,
22142,22143,22148,22151,22152,22153,22154,22155,
22161,22164,22165,22166,22167,22168,22169,22172,
22178,22180,22182,22183,22184,22186,22192,22194,
22197,22198,22199,22205,22206,22207,22208,22209,
22211,22212,22213,22214,22216,22217,22218,22219,
22220,22223,22224,22226,22227,22229,22230,22231,
22232,22233,22235,22237,22238,22239,22240,22244,
22245,22246,22248,22251,22253,22254,22255,22258,
22261,22263,22266,22267,22274,22275,22276,22277,
22278,22279,22281,22282,22283,22284,22287,22288,
22289,22290,22291,22293,22295,22296,22299,22313,
22315,22316,22317,22321,22322,22324,22325,22326,
22327,22329,22330,22333,22334,22346,22347,22348,
22349,22354,22365,22366,22370,22372,22373,22374,
22376,22380,22381,22382,22401,22405,22409,22411,
22412,22413,22416,22419,22421,22422,22426,22428,
22429,22432,22433,22435,22436,22437,22438,22439,
22440,22441,22449,22451,22464,22472,22473,22478,
22479,22480,22483,22484,22486,22487,22493,22494,
22498,22499,22500,22501,22502,22504,22505,22506,
22507,22508,22509,22514,22518,22519,22520,22521,
22522,22525,22526,22527,22528,22530,22531,22532,
22533,22534,22536,22538,22540,22542,22543,22544,
22545,22546,22548,22549,22550,22551,22552,22553,
22554,22555,22556,22558,22559,22560,22562,22563,
22566,22568,22571,22572,22574,22575,22576,22580,
22581,22582,22584,22585,22587,22592,22593,22595,
22598,22601,22603,22604,22607,22614,22615,22616,
22618,22619,22620,22621,22623,22625,22626,22628,
22629,22631,22633,22639,22640,22641,22643,22645,
22646,22647,22652,22653,22654,22672,22673,22676,
22683,22689,22694,22696,22699,22702,22703,22706,
22707,22708,22735,22740,22741,22743,22744,22745,
22747,22748,22749,22750,22752,22753,22760,22761,
22762,22763,22764,22765,22766,22768,22769,22770,
22771,22772,22773,22774,22775,22776,22777,22779,
22780,22782,22783,22784,22785,22786,22787,22788,
22789,22790,22791,22792,22793,22794,22795,22796,
22797,22798,22799,22800,22809,22813,22821,22822,
22839,22842,22845,22846,22847,22848,22849,22850,
22851,22852,22855,22856,22857,22858,22859,22861,
22862,22863,22865,22866,22869,22870,22871,22872,
22874,22875,22878,22887,22890,22893,22894,22895,
22897,22898,22905,22913,22918,22943,22944,22946,
22948,22951,22953,22956,22957,22964,22974,22976,
22977,22985,22994,22996,22998,23004,23007,23009,
23015,23017,23018,23019,23022,23025,23034,23035,
23037,23038,23039,23040,23042,23043,23044,23045,
23047,23049,23050,23052,23054,23055,23056,23057,
23058,23059,23067,23069,23070,23071,23072,23074,
23075,23076,23082,23083,23085,23087,23088,23089,
23090,23093,23095,23097,23098,23099,23100,23103,
23104,23105,23107,23108,23109,23110,23111,23113,
23114,23118,23122,23129,23131,23146,23148,23152,
23154,23160,23164,23165,23204,23207,23210,23211,
23213,23214,23218,23223,23239,23240,23242,23245,
23246,23247,23248,23249,23250,23251,23252,23256,
23260,23261,23264,23265,23266,23270,23271,23272,
23274,23277,23278,23279,23280,23281,23284,23285,
23287,23288,23289,23293,23294,23295,23296,23297,
23298,23302,23303,23304,23306,23307,23309,23310,
23311,23312,23313,23314,23319,23320,23322,23323,
23324,23325,23329,23330,23331,23332,23333,23334,
23335,23340,23341,23342,23344,23345,23346,23347,
23349,23350,23351,23352,23353,23354,23355,23356,
23358,23359,23360,23361,23363,23365,23366,23368,
23369,23370,23371,23373,23377,23378,23380,23381,
23383,23384,23385,23386,23389,23390,23391,23392,
23393,23395,23398,23401,23402,23405,23414,23417,
23418,23421,23425,23430,23432,23444,23446,23448,
23452,23453,23454,23455,23459,23461,23465,23466,
23467,23469,23470,23471,23472,23474,23477,23478,
23480,23481,23482,23483,23484,23486,23487,23488,
23489,23492,23495,23502,23503,23504,23505,23506,
23511,23514,23516,23519,23520,23521,23522,23524,
23526,23527,23528,23529,23530,23532,23533,23534,
23536,23539,23540,23541,23542,23543,23544,23545,
23547,23548,23549,23551,23552,23553,23554,23559,
23564,23565,23566,23567,23568,23569,23570,23571,
23572,23574,23576,23578,23579,23580,23581,23583,
23584,23585,23586,23587,23591,23592,23594,23595,
23596,23597,23598,23602,23606,23607,23608,23609,
23610,23611,23613,23614,23615,23616,23617,23618,
23619,23620,23621,23622,23623,23624,23625,23626,
23627,23628,23629,23630,23631,23632,23633,23634,
23635,23636,23637,23638,23639,23640,23641,23642,
23643,23644,23645,23646,23647,23648,23649,23650,
23651,23654,23656,23657,23658,23659,23662,23663,
23664,23665,23667,23668,23669,23671,23677,23678,
23679,23680,23681,23684,23685,23686,23687,23688,
23691,23692,23693,23694,23695,23698,23712,23713,
23737,23738,23739,23740,23743,23744,23747,23749,
23751,23752,23753,23755,23756,23757,23761,23762,
23763,23764,23768,23769,23770,23771,23775,23776,
23777,23778,23782,23791,23792,23793,23794,23795,
23796,23797,23798,23799,23800,23801,23802,23803,
23805,23807,23809,23810,23811,23812,23813,23814,
23815,23816,23817,23818,23819,23820,23821,23822,
23823,23824,23825,23826,23827,23829,23830,23831,
23832,23833,23834,23840,23842,23843,23844,23845,
23847,23848,23849,23850,23852,23853,23854,23856,
23857,23858,23859,23860,23861,23862,23863,23864,
23865,23868,23870,23871,23872,23873,23878,23879,
23882,23883,23885,23901,23918,23920,23940,23945,
23946,23949,23950,23954,23955,23957,23958,23959,
23962,23963,23965,23966,23970,23972,23974,23975,
23977,23980,23981,23983,23984,23987,23995,23999,
24000,24001,24002,24005,24007,24028,24033,24034,
24036,24038,24039,24040,24043,24044,24047,24048,
24049,24050,24053,24061,24063,24066,24077,24078,
24079,24080,24082,24085,24087,24093,24097,24102,
24110,24112,24113,24114,24120,24123,24124,24129,
24141,24144,24145,24146,24149,24150,24152,24153,
24155,24156,24157,24158,24159,24161,24162,24164,
24166,24167,24168,24169,24171,24172,24173,24174,
24184,24185,24193,24194,24215,24219,24223,24232,
24233,24236,24252,24253,24255,24256,24259,24260,
24263,24264,24265,24266,24268,24269,24270,24272,
24273,24274,24275,24276,24277,24278,24280,24281,
24283,24285,24287,24288,24290,24291,24292,24293,
24296,24297,24298,24299,24303,24307,24308,24310,
24312,24313,24320,24321,24322,24323,24324,24325,
24326,24327,24328,24329,24331,24332,24335,24336,
24337,24339,24340,24342,24344,24345,24349,24350,
24351,24374,24384,24385,24395,24404,24406,24409,
24410,24414,24415,24418,24419,24420,24421,24423,
24424,24425,24426,24427,24428,24431,24435,24438,
24459,24460,24461,24462,24463,24464,24465,24466,
24470,24472,24473,24477,24479,24480,24482,24483,
24484,24485,24486,24487,24488,24489,24490,24491,
24492,24493,24495,24497,24499,24500,24501,24503,
24504,24505,24506,24508,24511,24514,24517,24518,
24520,24522,24527,24528,24529,24531,24532,24553,
24563,24571,24575,24576,24581,24582,24587,24618,
24625,24626,24627,24628,24630,24631,24632,24633,
24636,24637,24638,24677,24680,24681,24682,24685,
24688,24689,24690,24693,24694,24696,24698,24699,
24700,24701,24703,24705,24708,24711,24713,24714,
24716,24717,24720,24721,24722,24724,24725,24728,
24731,24732,24733,24734,24735,24736,24737,24739,
24740,24741,24743,24744,24748,24750,24751,24753,
24754,24756,24759,24760,24761,24762,24763,24764,
24765,24769,24770,24771,24775,24776,24779,24780,
24781,24782,24784,24785,24786,24789,24790,24791,
24792,24793,24794,24795,24797,24798,24799,24800,
24801,24804,24805,24807,24808,24809,24810,24812,
24813,24814,24815,24818,24826,24828,24829,24830,
24832,24833,24838,24841,24842,24843,24844,24847,
24851,24852,24854,24855,24856,24857,24858,24859,
24860,24861,24862,24866,24868,24871,24873,24875,
24876,24878,24880,24881,24884,24886,24887,24889,
24892,24894,24897,24903,24904,24905,24906,24907,
24912,24914,24916,24917,24920,24921,24925,24926,
24927,24928,24930,24932,24933,24936,24952,24954,
24955,24956,24959,24961,24962,24963,24971,24976,
24977,24978,24980,24981,24982,24983,24984,24986,
24988,24990,24994,24995,24996,24998,25000,25001,
25002,25008,25009,25010,25011,25012,25013,25014,
25015,25016,25017,25018,25019,25020,25022,25024,
25025,25026,25029,25030,25031,25033,25035,25036,
25037,25038,25039,25042,25048,25050,25051,25052,
25053,25054,25055,25056,25057,25059,25062,25064,
25065,25066,25067,25068,25069,25071,25072,25074,
25075,25076,25077,25079,25080,25081,25082,25083,
25084,25085,25086,25088,25089,25090,25091,25093,
25097,25098,25099,25104,25106,25108,25114,25115,
25116,25117,25118,25119,25121,25122,25123,25125,
25126,25127,25128,25130,25131,25132,25133,25134,
25135,25136,25137,25140,25142,25143,25144,25145,
25146,25147,25149,25151,25152,25154,25155,25157,
25159,25161,25164,25165,25170,25173,25174,25176,
25182,25183,25184,25185,25190,25287,25296,25305,
25306,25313,25314,25319,25323,25325,25329,25334,
25335,25336,25337,25338,25339,25340,25341,25343,
25345,25346,25349,25350,25353,25354,25355,25356,
25359,25360,25361,25366,25369,25371,25372,25374,
25375,25380,25381,25383,25384,25385,25386,25387,
25389,25391,25392,25394,25396,25398,25401,25402,
25403,25404,25405,25406,25407,25408,25409,25410,
25411,25413,25414,25415,25417,25420,25421,25425,
25426,25430,25434,25436,25447,25490,25507,25522,
25526,25533,25534,25536,25539,25542,25544,25549,
25551,25554,25555,25556,25557,25558,25560,25562,
25567,25568,25569,25572,25575,25576,25577,25579,
25580,25581,25582,25583,25584,25585,25586,25590,
25591,25596,25597,25598,25599,25600,25601,25602,
25603,25605,25606,25608,25609,25610,25611,25612,
25613,25615,25616,25617,25618,25619,25620,25621,
25622,25623,25624,25625,25626,25627,25628,25629,
25630,25631,25632,25633,25634,25635,25636,25637,
25638,25639,25640,25641,25642,25643,25644,25645,
25646,25647,25648,25649,25650,25651,25652,25653,
25654,25655,25657,25658,25659,25660,25661,25663,
25666,25669,25673,25674,25675,25676,25677,25680,
25681,25683,25684,25693,25697,25698,25699,25700,
25704,25705,25706,25707,25709,25710,25711,25712,
25716,25719,25720,25721,25723,25725,25729,25730,
25733,25735,25737,25739,25740,25741,25742,25747,
25748,25751,25754,25756,25757,25758,25759,25760,
25761,25762,25763,25765,25766,25767,25768,25769,
25770,25771,25772,25773,25775,25777,25778,25782,
25786,25787,25788,25789,25790,25792,25793,25794,
25795,25796,25797,25798,25799,25801,25802,25803,
25804,25805,25806,25807,25808,25809,25810,25811,
25813,25814,25815,25817,25821,25822,25823,25830,
25832,25833,25834,25837,25838,25839,25842,25848,
25850,25854,25858,25861,25862,25863,25864,25865,
25867,25869,25870,25871,25873,25884,25888,25889,
25895,25899,25903,25906,25908,25910,25911,25913,
25914,25916,25917,25919,25923,25924,25925,25926,
25927,25928,25931,25932,25933,25936,25938,25939,
25940,25941,25942,25943,25944,25945,25947,25948,
25949,25951,25952,25953,25954,25956,25957,25958,
25960,25961,25962,25963,25964,25965,25966,25967,
25968,25975,25983,25994,25997,26017,26019,26020,
26021,26022,26024,26025,26027,26028,26029,26030,
26031,26032,26033,26035,26036,26037,26039,26040,
26042,26047,26048,26049,26050,26052,26053,26055,
26056,26057,26058,26060,26061,26062,26065,26070,
26073,26074,26108,26110,26111,26112,26113,26114,
26116,26117,26118,26119,26126,26128,26129,26135,
26140,26141,26142,26144,26150,26159,26163,26166,
26167,26169,26173,26174,26175,26177,26182,26183,
26187,26192,26193,26197,26199,26200,26206,26208,
26218,26219,26225,26226,26228,26229,26231,26232,
26233,26234,26235,26236,26242,26245,26246,26247,
26248,26251,26252,26254,26255,26256,26257,26258,
26260,26261,26262,26263,26264,26265,26268,26269,
26270,26271,26272,26274,26275,26276,26277,26278,
26279,26280,26281,26283,26284,26285,26287,26288,
26289,26290,26291,26295,26298,26302,26309,26313,
26314,26315,26316,26320,26321,26322,26323,26324,
26326,26327,26328,26329,26344,26348,26356,26357,
26360,26361,26362,26363,26364,26365,26366,26367,
26368,26370,26371,26372,26376,26379,26398,26437,
26467,26470,26471,26472,26474,26477,26478,26479,
26481,26482,26483,26484,26485,26486,26487,26490,
26491,26492,26493,26494,26495,26496,26497,26500,
26502,26503,26504,26505,26506,26509,26510,26512,
26514,26515,26516,26517,26518,26519,26520,26521,
26522,26523,26524,26525,26526,26528,26529,26530,
26534,26536,26537,26538,26539,26540,26541,26542,
26543,26544,26545,26547,26548,26551,26552,26553,
26554,26561,26562,26563,26578,26581,26582,26595,
26597,26599,26600,26602,26603,26604,26605,26606,
26607,26609,26611,26613,26615,26616,26618,26621,
26622,26623,26629,26630,26632,26635,26638,26639,
26642,26643,26644,26645,26648,26649,26652,26653,
26655,26658,26661,26662,26663,26666,26667,26670,
26674,26676,26679,26681,26682,26684,26685,26687,
26692,26693,26694,26695,26697,26698,26699,26700,
26701,26704,26707,26709,26712,26714,26719,26721,
26723,26725,26727,26728,26732,26738,26740,26742,
26743,26746,26748,26749,26751,26752,26753,26755,
26756,26757,26758,26759,26761,26763,26764,26765,
26766,26768,26769,26770,26773,26774,26775,26777,
26779,26781,26782,26784,26786,26787,26788,26791,
26792,26793,26794,26795,26796,26797,26798,26799,
26800,26801,26802,26804,26806,26808,26809,26810,
26814,26815,26819,26821,26823,26824,26825,26826,
26829,26830,26832,26833,26834,26835,26836,26839,
26840,26841,26842,26846,26848,26849,26852,26853,
26854,26861,26863,26865,26868,26871,26872,26873,
26874,26875,26876,26877,26878,26879,26880,26881,
26882,26883,26885,26893,26899,26904,26907,26908,
26915,26917,26922,26924,26930,26946,26955,26956,
26966,26971,26974,26976,26977,26978,26980,26981,
26982,26988,26990,26991,26993,26994,26995,26996,
26997,26998,26999,27000,27008,27009,27012,27013,
27014,27015,27016,27017,27018,27019,27020,27021,
27023,27026,27029,27032,27034,27036,27038,27040,
27046,27051,27054,27057,27058,27061,27067,27068,
27069,27078,27093,27095,27127,27128,27129,27130,
27131,27132,27133,27134,27135,27136,27137,27138,
27139,27140,27141,27142,27143,27144,27145,27146,
27147,27148,27149,27150,27151,27152,27153,27154,
27155,27156,27157,27158,27159,27160,27161,27162,
27163,27164,27165,27166,27167,27168,27169,27171,
27172,27173,27174,27175,27176,27177,27178,27179,
27180,27181,27182,27184,27185,27186,27187,27188,
27189,27190,27191,27193,27195,27197,27198,27199,
27200,27201,27202,27207,27208,27209,27217,27218,
27219,27220,27221,27222,27223,27226,27227,27228,
27229,27230,27232,27233,27235,27237,27239,27240,
27241,27242,27244,27245,27246,27247,27251,27252,
27255,27256,27257,27260,27261,27266,27268,27270,
27272,27273,27274,27275,27276,27280,27282,27283,
27284,27285,27288,27289,27290,27291,27292,27294,
27296,27303,27304,27307,27308,27309,27310,27322,
27324,27327,27328,27329,27331,27339,27340,27342,
27343,27345,27346,27348,27350,27352,27359,27360,
27364,27365,27367,27368,27369,27370,27371,27373,
27376,27377,27378,27379,27380,27382,27384,27385,
27387,27390,27396,27397,27405,27406,27407,27410,
27413,27414,27418,27419,27422,27423,27424,27425,
27429,27430,27432,27433,27451,27470,27475,27477,
27478,27479,27482,27484,27485,27487,27494,27500,
27501,27508,27509,27511,27512,27515,27517,27518,
27555,27563,27564,27566,27568,27570,27571,27572,
27574,27577,27579,27580,27582,27583,27587,27588,
27591,27592,27596,27597,27598,27600,27601,27602,
27603,27604,27611,27616,27617,27619,27620,27623,
27624,27625,27626,27627,27673,27674,27675,27677,
27679,27680,27681,27682,27683,27684,27685,27686,
27687,27689,27691,27692,27694,27698,27699,27700,
27704,27705,27706,27707,27709,27712,27713,27715,
27716,27721,27722,27724,27725,27728,27729,27731,
27735,27737,27738,27739,27742,27745,27751,27756,
27757,27759,27764,27767,27768,27770,27772,27776,
27777,27782,27791,27797,27802,27803,27804,27805,
27807,27810,27812,27813,27814,27815,27816,27818,
27819,27820,27821,27822,27824,27828,27829,27830,
27832,27833,27834,27835,27836,27837,27838,27839,
27840,27841,27842,27843,27844,27848,27849,27850,
27851,27852,27853,27854,27855,27857,27858,27859,
27860,27864,27866,27867,27871,27873,27876,27877,
27878,27879,27881,27883,27886,27887,27890,27891,
27895,27899,27900,27901,27902,27903,27907,27909,
27913,27916,27923,27926,27929,27932,27933,27934,
27940,27941,27942,27946,27947,27948,27949,27950,
27951,27952,27954,27956,27962,27963,27964,27966,
27968,27974,27975,27976,27977,27979,27981,27983,
27984,27987,27994,27997,27998,27999,28000,28005,
28006,28008,28010,28011,28013,28017,28018,28019,
28020,28022,28023,28024,28025,28026,28027,28028,
28029,28031,28032,28033,28034,28035,28043,28050,
28056,28063,28066,28074,28075,28076,28077,28079,
28080,28083,28085,28086,28087,28088,28090,28091,
28092,28093,28094,28095,28097,28098,28099,28102,
28104,28105,28106,28107,28108,28110,28113,28114,
28115,28116,28117,28118,28119,28120,28122,28124,
28125,28128,28129,28130,28131,28133,28135,28136,
28137,28139,28140,28141,28142,28147,28148,28149,
28150,28151,28152,28153,28154,28155,28156,28158,
28160,28161,28162,28163,28166,28169,28172,28173,
28174,28175,28176,28178,28179,28180,28182,28184,
28185,28186,28188,28189,28190,28191,28192,28193,
28194,28200,28218,28235,28236,28263,28269,28270,
28271,28272,28273,28274,28275,28276,28277,28280,
28286,28287,28288,28289,28291,28292,28293,28294,
28295,28297,28298,28306,28310,28312,28313,28314,
28319,28348,28353,28354,28368,28381,28383,28385,
28388,28389,28390,28391,28393,28394,28400,28401,
28402,28403,28404,28405,28406,28407,28408,28409,
28412,28413,28415,28416,28419,28420,28421,28422,
28423,28424,28426,28427,28428,28429,28430,28431,
28432,28434,28435,28436,28437,28438,28439,28442,
28443,28444,28445,28446,28447,28448,28449,28450,
28451,28452,28455,28456,28458,28462,28463,28464,
28465,28466,28467,28468,28469,28471,28472,28473,
28474,28476,28477,28480,28481,28484,28485,28486,
28487,28488,28490,28491,28492,28493,28497,28499,
28500,28502,28503,28506,28507,28508,28511,28512,
28513,28514,28515,28523,28531,28534,28547,28549,
28550,28552,28553,28554,28555,28556,28557,28558,
28559,28561,28563,28564,28565,28566,28567,28568,
28569,28573,28574,28575,28576,28577,28578,28579,
28582,28584,28585,28588,28591,28592,28594,28595,
28597,28599,28600,28601,28603,28604,28607,28609,
28610,28611,28614,28615,28617,28618,28622,28625,
28626,28627,28629,28630,28631,28632,28633,28636,
28637,28638,28639,28641,28645,28657,28659,28665,
28670,28671,28672,28673,28676,28680,28681,28682,
28683,28696,28697,28698,28699,28703,28704,28709,
28710,28711,28712,28713,28715,28716,28718,28719,
28720,28721,28722,28723,28724,28726,28727,28728,
28729,28730,28731,28732,28733,28734,28735,28736,
28737,28738,28739,28741,28744,28746,28748,28750,
28753,28755,28757,28758,28759,28760,28761,28763,
28764,28765,28766,28767,28768,28770,28773,28774,
28779,28781,28782,28785,28786,28787,28789,28791,
28797,28799,28800,28801,28802,28811,28812,28813,
28814,28815,28816,28817,28818,28819,28822,28823,
28824,28825,28826,28828,28832,28833,28839,28840,
28841,28843,28844,28864,28865,28879,28880,28881,
28882,28883,28884,28885,28887,28888,28889,28891,
28892,28893,28894,28899,28900,28901,28903,28904,
28905,28909,28910,28912,28913,28914,28915,28916,
28917,28918,28919,28920,28921,28922,28923,28930,
28935,28937,28938,28943,28944,28954,28956,28957,
28958,28959,28960,28964,28965,28972,28974,28976,
28977,28978,28979,28980,28981,28982,28984,28985,
28988,28989,28990,28991,28993,28994,28995,28996,
29001,29002,29005,29006,29007,29008,29009,29010,
29012,29013,29014,29015,29016,29018,29019,29020,
29021,29022,29023,29024,29025,29026,29027,29028,
29029,29030,29031,29032,29034,29039,29041,29042,
29043,29044,29045,29047,29049,29051,29052,29053,
29054,29056,29058,29059,29061,29064,29068,29069,
29070,29072,29076,29078,29079,29080,29081,29083,
29084,29085,29086,29088,29090,29091,29092,29093,
29096,29098,29099,29100,29101,29102,29103,29104,
29105,29106,29107,29108,29110,29111,29112,29113,
29114,29116,29117,29120,29144,29156,29179,29180,
29183,29184,29194,29195,29260,29263,29314,29323,
29324,29325,29326,29327,29328,29329,29330,29331,
29332,29334,29335,29336,29337,29339,29342,29343,
29344,29345,29346,29347,29350,29373,29379,29380,
29381,29382,29383,29384,29385,29386,29387,29388,
29389,29390,29391,29392,29393,29394,29395,29396,
29397,29398,29399,29400,29401,29402,29404,29405,
29406,29407,29409,29416,29417,29418,29422,29425,
29428,29458,29459,29460,29461,29463,29469,29470,
29471,29472,29473,29474,29476,29477,29478,29482,
29484,29487,29488,29489,29490,29491,29493,29495,
29496,29497,29498,29499,29500,29502,29504,29505,
29507,29508,29509,29510,29511,29513,29515,29516,
29520,29521,29522,29525,29526,29527,29528,29529,
29530,29534,29535,29536,29538,29540,29541,29543,
29544,29546,29547,29548,29549,29570,29572,29573,
29574,29575,29584,29586,29593,29594,29595,29603,
29605,29615,29623,29635,29649,29650,29652,29653,
29654,29656,29657,29658,29660,29662,29664,29665,
29666,29667,29668,29669,29671,29672,29674,29675,
29676,29677,29678,29680,29681,29688,29713,29714,
29715,29716,29717,29718,29719,29720,29721,29723,
29724,29725,29727,29728,29731,29733,29734,29735,
29736,29737,29738,29739,29740,29742,29756,29780,
29794,29810,29812,29814,29815,29817,29818,29819,
29820,29821,29823,29825,29827,29828,29830,29831,
29832,29834,29836,29837,29838,29839,29840,29842,
29843,29844,29846,29849,29850,29853,29858,29894,
29901,29902,29905,29908,29909,29911,29913,29914,
29916,29918,29920,29921,29924,29926,29932,29933,
29936,29938,29953,29955,29970,29972,29974,29975,
29978,29983,29984,29986,29987,29990,29992,29993,
29997,29998,29999,30001,30004,30006,30007,30008,
30009,30012,30015,30016,30017,30018,30024,30025,
30032,30034,30035,30038,30041,30042,30046,30048,
30049,30050,30052,30053,30054,30056,30057,30058,
30059,30061,30062,30064,30066,30069,30072,30074,
30077,30078,30079,30081,30082,30086,30088,30089,
30090,30091,30092,30093