16,75,93,107,113,135,153,172,
179,210,227,265,269,304,305,312,
319,337,338,341,351,366,367,376,
403,419,422,424,442,468,472,474,
486,490,506,534,540,543,550,586,
595,633,636,652,671,685,736,767,
773,784,787,802,820,825,850,893,
904,910,914,939,950,967,983,989,
1011,1015,1019,1051,1053,1060,1062,1095,
1109,1112,1126,1130,1152,1178,1185,1187,
1192,1206,1209,1225,1242,1246,1248,1255,
1263,1319,1344,1360,1362,1375,1430,1447,
1454,1455,1486,1538,1560,1561,1579,1631,
1644,1651,1664,1679,1694,1723,1737,1758,
1770,1785,1826,1838,1847,1850,1859,1860,
1866,1883,1884,1886,1940,1946,1953,1964,
1993,1995,2003,2014,2033,2038,2048,2050,
2057,2121,2131,2132,2165,2179,2189,2192,
2202,2224,2232,2244,2307,2314,2319,2325,
2342,2347,2353,2367,2382,2408,2422,2476,
2481,2483,2506,2525,2529,2535,2539,2545,
2572,2582,2595,2604,2628,2642,2644,2664,
2669,2672,2683,2699,2719,2724,2727,2757,
2758,2790,2847,2853,2869,2898,2917,2944,
2955,2972,2977,2997,3027,3034,3042,3202,
3250,3303,3339,3355,3360,3390,3405,3417,
3421,3423,3458,3524,3531,3545,3546,3567,
3573,3574,3580,3613,3622,3633,3667,3684,
3694,3703,3714,3725,3760,3786,3811,3841,
3845,3849,3862,3869,3879,3895,3899,3951,
3978,3984,3986,4021,4037,4060,4070,4085,
4088,4112,4131,4137,4152,4174,4184,4226,
4233,4248,4280,4288,4304,4336,4337,4384,
4406,4407,4410,4439,4445,4460,4462,4507,
4520,4528,4543,4551,4556,4578,4585,4605,
4611,4613,4629,4654,4662,4689,4705,4734,
4738,4748,4754,4764,4767,4797,4800,4837,
4861,4868,4883,4886,4912,4917,4961,4962,
4974,4989,5009,5063,5072,5108,5119,5126,
5128,5137,5145,5151,5190,5196,5203,5245,
5253,5280,5285,5289,5297,5321,5322,5330,
5343,5430,5444,5485,5489,5499,5537,5538,
5551,5553,5601,5613,5620,5628,5629,5635,
5636,5650,5663,5672,5690,5692,5725,5742,
5744,5758,5796,5825,5844,5866,5884,5901,
5908,5914,5915,5947,5951,5971,5975,5986,
6004,6086,6114,6143,6163,6173,6216,6236,
6247,6251,6259,6270,6287,6295,6298,6306,
6323,6340,6342,6343,6351,6360,6363,6375,
6384,6395,6460,6463,6465,6527,6542,6547,
6577,6609,6633,6649,6659,6684,6701,6721,
6750,6761,6768,6778,6791,6805,6807,6812,
6830,6832,6833,6885,6924,6936,6938,6941,
6972,6978,7005,7017,7050,7063,7085,7087,
7113,7123,7156,7160,7177,7185,7188,7192,
7213,7247,7293,7352,7368,7378,7385,7416,
7442,7443,7468,7509,7523,7532,7535,7568,
7606,7643,7654,7656,7662,7688,7738,7785,
7802,7807,7837,7861,7893,7897,7913,7942,
7947,7956,7978,7999,8001,8021,8031,8040,
8050,8060,8062,8063,8069,8080,8091,8111,
8160,8197,8201,8220,8254,8255,8294,8302,
8309,8317,8334,8367,8382,8419,8514,8539,
8548,8581,8582,8598,8615,8620,8632,8639,
8654,8696,8715,8723,8761,8769,8798,8799,
8813,8819,8824,8834,8842,8850,8857,8886,
8888,8889,8894,8920,8933,8943,8959,8975,
8977,8979,8983,9016,9042,9053,9148,9150,
9170,9177,9224,9227,9310,9313,9317,9360,
9368,9379,9381,9385,9394,9407,9411,9422,
9441,9454,9499,9510,9512,9539,9569,9577,
9607,9614,9656,9682,9705,9707,9728,9731,
9736,9753,9755,9778,9839,9842,9856,9858,
9866,9876,9914,9915,9941,9952,9958,9967,
9968,9997,10026,10054,10085,10086,10088,10111,
10128,10142,10159,10193,10194,10201,10230,10233,
10259,10297,10304,10320,10322,10326,10336,10340,
10342,10367,10393,10405,10414,10492,10534,10548,
10555,10561,10565,10568,10571,10596,10609,10641,
10646,10650,10689,10720,10725,10741,10794,10825,
10839,10851,10874,10905,10913,10942,10970,10993,
11001,11034,11036,11072,11093,11098,11110,11137,
11163,11165,11167,11216,11235,11239,11266,11325,
11349,11374,11377,11379,11404,11408,11429,11443,
11484,11497,11510,11522,11559,11583,11586,11590,
11607,11614,11636,11649,11681,11693,11696,11697,
11708,11731,11746,11750,11816,11825,11836,11846,
11853,11882,11887,11889,11902,11917,11968,11995,
12010,12025,12080,12112,12137,12148,12151,12164,
12173,12183,12212,12215,12216,12234,12246,12248,
12280,12290,12308,12312,12332,12342,12346,12347,
12379,12383,12392,12420,12423,12431,12458,12461,
12496,12507,12508,12540,12544,12552,12571,12591,
12631,12644,12649,12657,12680,12712,12715,12723,
12728,12729,12743,12749,12761,12763,12783,12789,
12794,12804,12844,12848,12856,12922,12966,12978,
13001,13029,13034,13039,13057,13065,13081,13082,
13103,13105,13122,13177,13198,13205,13211,13254,
13277,13323,13332,13346,13406,13427,13450,13466,
13493,13502,13513,13522,13524,13540,13559,13571,
13577,13578,13595,13597,13598,13627,13636,13643,
13644,13674,13680,13722,13723,13754,13780,13795,
13808,13813,13815,13825,13841,13848,13921,13926,
13936,13956,13996,14004,14014,14017,14033,14074,
14105,14110,14112,14128,14140,14172,14188,14229,
14246,14250,14257,14262,14273,14322,14329,14379,
14383,14391,14411,14448,14459,14460,14469,14486,
14493,14523,14563,14611,14625,14628,14636,14645,
14662,14720,14726,14734,14779,14785,14791,14833,
14836,14854,14855,14869,14887,14909,14933,14943,
14956,14964,14967,14973,15013,15046,15067,15103,
15133,15162,15191,15205,15207,15222,15244,15262,
15269,15271,15278,15317,15331,15332,15339,15346,
15369,15372,15384,15394,15420,15431,15441,15455,
15474,15489,15521,15532,15547,15555,15558,15577,
15659,15668,15724,15744,15772,15774,15781,15794,
15812,15820,15835,15839,15868,15885,15890,15926,
15950,15958,15965,15977,16009,16027,16029,16042,
16047,16049,16088,16105,16108,16140,16149,16179,
16181,16195,16215,16225,16233,16236,16267,16281,
16293,16303,16382,16412,16450,16452,16507,16511,
16514,16519,16523,16536,16576,16595,16622,16623,
16625,16627,16634,16662,16684,16696,16698,16703,
16746,16750,16762,16763,16840,16858,16860,16861,
16879,16897,16902,16923,16941,16956,16957,16963,
16969,16977,16983,17000,17007,17010,17020,17022,
17057,17114,17116,17119,17125,17141,17145,17183,
17206,17208,17240,17249,17265,17280,17283,17289,
17325,17344,17363,17365,17371,17374,17397,17398,
17415,17444,17458,17461,17489,17503,17518,17520,
17555,17558,17637,17643,17684,17686,17689,17721,
17732,17734,17742,17762,17775,17776,17790,17795,
17806,17814,17823,17841,17850,17868,17871,17878,
17901,17927,17967,17971,18004,18006,18045,18047,
18063,18065,18076,18080,18096,18113,18116,18123,
18167,18194,18239,18249,18257,18264,18265,18285,
18313,18340,18343,18347,18355,18364,18367,18368,
18369,18392,18397,18408,18441,18466,18469,18505,
18518,18524,18562,18573,18577,18599,18603,18607,
18611,18631,18633,18635,18639,18686,18736,18753,
18774,18782,18785,18805,18822,18872,18887,18889,
18893,18902,18929,18955,18968,18986,19014,19017,
19025,19051,19063,19068,19090,19099,19124,19127,
19147,19173,19174,19180,19183,19197,19205,19251,
19252,19271,19276,19283,19289,19290,19291,19328,
19336,19343,19347,19354,19357,19398,19412,19444,
19452,19486,19506,19522,19527,19575,19578,19591,
19635,19639,19647,19663,19671,19675,19744,19752,
19754,19762,19796,19798,19828,19838,19842,19856,
19887,19907,19917,19945,19949,19976,19994,20006,
20075,20113,20124,20127,20129,20134,20196,20202,
20203,20206,20214,20217,20221,20232,20234,20278,
20280,20306,20308,20319,20335,20337,20361,20369,
20376,20390,20391,20414,20417,20425,20430,20450,
20457,20494,20500,20509,20511,20533,20539,20563,
20583,20601,20610,20638,20639,20641,20666,20667,
20673,20675,20681,20689,20690,20700,20712,20734,
20736,20744,20746,20751,20760,20771,20792,20793,
20794,20820,20823,20829,20841,20873,20874,20877,
20896,20929,20931,20955,20982,20996,21000,21004,
21015,21034,21044,21055,21056,21077,21094,21111,
21142,21170,21177,21215,21219,21223,21268,21285,
21289,21290,21291,21294,21300,21333,21339,21384,
21394,21436,21452,21494,21500,21501,21504,21514,
21549,21550,21565,21573,21578,21667,21669,21674,
21685,21699,21702,21726,21766,21778,21793,21798,
21811,21835,21853,21871,21887,21920,21921,21925,
21987,21989,22007,22059,22061,22070,22097,22112,
22113,22123,22129,22130,22142,22155,22195,22234,
22276,22291,22301,22308,22324,22363,22380,22381,
22396,22407,22450,22479,22482,22513,22523,22524,
22538,22547,22548,22549,22584,22618,22630,22651,
22663,22666,22667,22668,22674,22715,22726,22741,
22768,22800,22821,22836,22889,22912,22941,22948,
23031,23041,23051,23060,23093,23097,23107,23118,
23139,23157,23167,23172,23196,23213,23218,23221,
23227,23230,23273,23278,23300,23301,23310,23312,
23336,23338,23342,23351,23354,23390,23396,23435,
23469,23514,23535,23544,23547,23557,23561,23564,
23568,23570,23588,23590,23642,23649,23655,23657,
23672,23687,23720,23723,23745,23771,23777,23779,
23848,23864,23873,23913,23914,23930,23933,23982,
23994,24013,24022,24023,24027,24059,24061,24063,
24069,24072,24095,24099,24119,24138,24145,24155,
24156,24160,24165,24174,24218,24277,24283,24289,
24292,24301,24334,24373,24382,24404,24422,24428,
24453,24454,24457,24470,24477,24479,24496,24516,
24517,24534,24535,24539,24540,24553,24577,24582,
24583,24598,24641,24686,24703,24710,24734,24746,
24760,24777,24784,24793,24829,24912,24948,24972,
24993,25015,25063,25098,25128,25133,25163,25182,
25195,25196,25199,25224,25270,25303,25314,25315,
25358,25373,25385,25388,25411,25413,25426,25431,
25433,25453,25456,25472,25483,25502,25510,25520,
25542,25546,25571,25595,25601,25609,25643,25648,
25656,25684,25693,25704,25707,25714,25801,25803,
25806,25816,25819,25825,25829,25840,25845,25884,
25913,25945,25948,25953,25988,25996,26029,26032,
26059,26068,26094,26095,26108,26122,26126,26157,
26192,26222,26227,26244,26251,26258,26288,26301,
26325,26349,26374,26387,26396,26404,26420,26425,
26434,26444,26452,26454,26460,26480,26519,26530,
26543,26556,26559,26585,26609,26610,26625,26630,
26655,26661,26722,26786,26796,26799,26800,26804,
26809,26810,26813,26841,26842,26843,26857,26873,
26927,26928,26942,26963,26972,27003,27016,27050,
27053,27054,27075,27126,27179,27181,27190,27218,
27249,27250,27271,27279,27343,27361,27378,27389,
27424,27433,27472,27522,27552,27554,27555,27577,
27586,27602,27608,27609,27611,27635,27663,27691,
27704,27754,27755,27764,27765,27772,27775,27789,
27799,27808,27812,27816,27820,27836,27894,27898,
27908,27912,27915,27923,27931,27937,27944,27961,
27981,28068,28069,28094,28112,28126,28154,28160,
28243,28252,28305,28352,28361,28367,28373,28381,
28383,28388,28407,28410,28412,28417,28429,28433,
28441,28448,28456,28471,28524,28543,28554,28563,
28568,28623,28641,28650,28652,28653,28655,28687,
28697,28718,28727,28732,28745,28760,28762,28782,
28789,28791,28808,28821,28833,28917,28926,28930,
28931,28935,28938,28944,29007,29046,29056,29096,
29097,29126,29153,29158,29176,29213,29233,29237,
29246,29270,29289,29298,29317,29320,29321,29360,
29393,29400,29402,29434,29443,29457,29462,29490,
29499,29504,29513,29516,29555,29578,29583,29584,
29610,29618,29621,29631,29642,29647,29665,29669,
29679,29685,29700,29701,29712,29714,29736,29761,
29773,29782,29814,29849,29852,29862,29874,29892,
29897,29909,29930,29961,29972,30033,30036,30059,
30079,30113,30117,30137,30149,30152,30173,30200,
30202,30203,30223,30249,30253,30272,30275,30277,
30290,30294,30297,30306,30401,30410,30416,30451,
30453,30485,30567,30577,30581,30603,30605,30641,
30671,30700,30735,30742,30748,30749,30767,30772,
30774,30780,30811,30814,30838,30847,30850,30861,
30874,30945,30950,31004,31010,31013,31030,31046,
31057,31093,31094,31099,31100,31116,31118,31120,
31137,31138,31139,31166,31176,31189,31202,31217,
31234,31266,31310,31318,31340,31351,31358,31411,
31451,31454,31464,31551,31590,31591,31611,31626,
31686,31739,31740,31778,31798,31828,31848,31862,
31866,31895,31900,31977,31987,32009,32031,32034,
32039,32051,32069,32079,32089,32092,32174,32190,
32198,32216,32259,32268,32345,32352,32355,32360,
32376,32379,32387,32389,32395,32401,32445,32446,
32457,32464,32466,32506,32528,32538,32558,32575,
32577,32586,32589,32591,32592,32620,32632,32642,
32659,32671,32676,32689,32724,32757,32779,32804,
32818,32825,32840,32851,32887,32898,32908,32909,
32948,32975,32996,33012,33031,33050,33051,33052,
33081,33088,33094,33099,33111,33113,33125,33127,
33154,33158,33159,33181,33186,33209,33216,33246,
33315,33323,33329,33356,33359,33361,33362,33369,
33410,33418,33431,33441,33450,33457,33466,33469,
33475,33478,33497,33529,33554,33622,33639,33654,
33656,33677,33696,33718,33727,33733,33742,33780,
33800,33812,33820,33823,33824,33826,33836,33849,
33850,33856,33867,33891,33948,33984,34002,34004,
34017,34039,34040,34069,34083,34097,34104,34134,
34147,34174,34176,34181,34206,34208,34219,34220,
34253,34261,34299,34307,34322,34334,34335,34343,
34353,34354,34375,34381,34413,34434,34441,34447,
34455,34459,34460,34504,34512,34519,34543,34571,
34605,34622,34624,34629,34642,34644,34651,34653,
34660,34679,34699,34723,34724,34735,34737,34741,
34762,34837,34852,34856,34863,34879,34883,34910,
34941,34978,34984,34997,34999,35000,35006,35026,
35031,35042,35056,35062,35073,35088,35101,35117,
35122,35133,35149,35162,35163,35180,35191,35193,
35200,35201,35204,35260,35275,35276,35342,35388,
35394,35401,35411,35428,35442,35479,35531,35554,
35560,35567,35569,35581,35599,35606,35607,35624,
35651,35680,35730,35732,35734,35740,35745,35750,
35766,35779,35824,35832,35858,35859,35871,35890,
35913,35916,35917,35924,35947,35978,35988,35996,
36030,36041,36043,36062,36063,36071,36075,36110,
36113,36129,36178,36197,36199,36205,36210,36227,
36242,36246,36254,36272,36281,36284,36314,36346,
36359,36380,36382,36395,36397,36439,36477,36480,
36531,36533,36540,36563,36593,36608,36617,36623,
36682,36724,36727,36734,36735,36736,36749,36768,
36771,36787,36793,36795,36818,36830,36831,36832,
36845,36852,36856,36881,36892,36925,36957,36961,
36964,37027,37041,37055,37059,37105,37123,37155,
37162,37167,37175,37193,37214,37221,37241,37243,
37256,37268,37286,37292,37320,37332,37360,37371,
37400,37402,37419,37436,37454,37472,37474,37492,
37508,37565,37566,37577,37591,37612,37629,37650,
37680,37682,37700,37702,37712,37728,37738,37742,
37770,37772,37819,37838,37839,37870,37882,37895,
37907,37924,37928,37940,37988,38013,38030,38054,
38067,38092,38096,38104,38130,38138,38161,38164,
38249,38272,38291,38317,38344,38397,38410,38428,
38435,38439,38458,38483,38502,38504,38522,38526,
38572,38593,38603,38641,38657,38668,38697,38703,
38711,38722,38726,38738,38749,38752,38757,38771,
38809,38841,38865,38886,38891,38893,38901,38922,
38924,38927,38939,38940,39008,39010,39029,39042,
39052,39121,39128,39146,39180,39199,39251,39252,
39256,39280,39293,39331,39341,39358,39360,39418,
39420,39426,39431,39434,39436,39437,39439,39486,
39500,39510,39511,39525,39526,39565,39590,39604,
39637,39646,39650,39663,39678,39697,39721,39727,
39728,39737,39754,39760,39764,39773,39777,39783,
39789,39800,39818,39850,39894,39896,39920,39929,
39949,39958,39999,40032,40045,40048,40056,40069,
40074,40088,40097,40129,40138,40174,40178,40245,
40279,40281,40292,40311,40316,40318,40321,40332,
40339,40413,40441,40454,40475,40481,40497,40508,
40510,40534,40538,40550,40553,40565,40572,40611,
40616,40635,40646,40678,40684,40688,40716,40721,
40729,40736,40738,40765,40775,40819,40820,40838,
40841,40878,40887,40914,40935,40992,41026,41041,
41042,41048,41065,41084,41094,41101,41118,41124,
41152,41158,41159,41214,41220,41275,41280,41281,
41285,41303,41305,41306,41307,41325,41334,41356,
41358,41362,41365,41385,41404,41409,41426,41435,
41453,41487,41489,41500,41505,41507,41517,41523,
41557,41562,41577,41583,41592,41600,41604,41622,
41623,41626,41628,41649,41667,41684,41691,41695,
41711,41764,41766,41793,41799,41829,41832,41840,
41868,41882,41889,41918,41926,41937,41938,41939,
41941,41963,41964,41973,41978,41984,42010,42019,
42040,42044,42050,42058,42060,42074,42098,42109,
42122,42123,42158,42159,42188,42200,42212,42228,
42235,42246,42253,42296,42300,42306,42326,42344,
42347,42353,42357,42405,42410,42412,42424,42446,
42504,42512,42553,42569,42577,42591,42596,42633,
42638,42639,42653,42681,42696,42710,42720,42763,
42767,42771,42774,42776,42793,42821,42826,42837,
42839,42841,42843,42854,42859,42863,42864,42879,
42905,42940,42953,42967,42970,43006,43012,43029,
43046,43056,43074,43077,43088,43090,43102,43120,
43134,43139,43161,43202,43205,43213,43226,43243,
43251,43256,43276,43299,43326,43333,43336,43343,
43344,43366,43367,43372,43388,43391,43406,43438,
43470,43483,43511,43513,43537,43569,43576,43606,
43627,43638,43678,43683,43685,43752,43763,43774,
43794,43796,43814,43821,43853,43866,43887,43892,
43900,43907,43911,43913,43927,43933,43945,43948,
43961,43966,43971,44027,44034,44043,44076,44078,
44114,44127,44149,44176,44187,44201,44210,44241,
44260,44286,44294,44315,44320,44330,44336,44347,
44360,44376,44416,44419,44448,44457,44473,44505,
44538,44549,44556,44560,44575,44583,44588,44598,
44602,44628,44636,44638,44654,44670,44683,44698,
44704,44706,44711,44725,44740,44742,44763,44789,
44798,44801,44861,44877,44900,44902,44931,44947,
44954,44955,44959,45038,45076,45120,45128,45144,
45178,45180,45182,45183,45184,45196,45201,45235,
45239,45243,45270,45274,45288,45334,45336,45346,
45356,45358,45363,45419,45423,45459,45460,45480,
45499,45542,45564,45580,45586,45623,45677,45680,
45713,45722,45731,45751,45760,45803,45837,45852,
45857,45861,45862,45882,45885,45914,45920,45934,
45985,45986,45992,45995,46033,46056,46083,46084,
46105,46115,46160,46168,46169,46174,46197,46211,
46220,46229,46245,46257,46276,46294,46312,46318,
46322,46323,46337,46356,46380,46413,46417,46423,
46434,46439,46456,46476,46478,46482,46507,46540,
46546,46582,46597,46636,46675,46719,46720,46731,
46740,46797,46807,46846,46878,46887,46894,46905,
46920,46924,46926,46940,46943,46944,46955,46957,
46960,46967,46996,47023,47060,47061,47079,47081,
47109,47120,47125,47127,47138,47177,47180,47186,
47191,47193,47228,47238,47265,47275,47308,47319,
47320,47325,47333,47336,47341,47344,47359,47362,
47372,47411,47421,47454,47459,47500,47507,47526,
47540,47570,47620,47635,47639,47642,47645,47648,
47654,47661,47685,47686,47700,47718,47726,47728,
47775,47776,47778,47782,47785,47820,47822,47826,
47839,47841,47842,47853,47860,47871,47888,47889,
47892,47898,47921,47930,47931,47935,47945,47950,
47969,47982,47993,48011,48047,48061,48074,48076,
48078,48106,48107,48117,48128,48135,48151,48158,
48178,48198,48223,48236,48250,48251,48256,48289,
48308,48318,48321,48331,48333,48346,48352,48373,
48374,48380,48407,48419,48428,48436,48437,48445,
48466,48474,48528,48531,48533,48559,48607,48690,
48692,48713,48725,48770,48788,48795,48807,48840,
48845,48847,48913,48914,48916,48956,49017,49036,
49058,49072,49088,49093,49142,49153,49169,49181,
49185,49187,49211,49218,49222,49238,49256,49284,
49285,49286,49303,49313,49326,49405,49451,49483,
49521,49547,49549,49603,49636,49649,49652,49660,
49676,49696,49709,49727,49735,49746,49751,49776,
49809,49825,49831,49876,49880,49890,49893,49919,
49924,49925,49928,49947,49957,49962,49976,49983,
50027,50030,50048,50056,50089,50091,50098,50101,
50120,50144,50148,50150,50156,50210,50259,50265,
50273,50279,50354,50411,50477,50481,50494,50538,
50567,50585,50608,50621,50718,50732,50758,50760,
50811,50826,50849,50881,50894,50916,50923,50925,
50930,50960,50994,51022,51054,51094,51101,51104,
51125,51156,51163,51166,51187,51189,51287,51305,
51307,51321,51333,51350,51362,51366,51378,51387,
51389,51418,51423,51428,51440,51475,51520,51521,
51536,51552,51555,51571,51622,51624,51640,51647,
51649,51652,51679,51701,51710,51711,51727,51748,
51757,51760,51765,51806,51810,51842,51853,51854,
51861,51886,51911,51931,51945,51947,52000,52052,
52058,52064,52065,52066,52082,52088,52139,52233,
52240,52243,52259,52262,52267,52274,52284,52289,
52302,52310,52322,52338,52352,52386,52388,52403,
52431,52432,52442,52445,52453,52474,52548,52555,
52563,52567,52594,52603,52634,52659,52670,52673,
52704,52743,52755,52759,52777,52796,52834,52842,
52858,52884,52891,52894,52914,52919,52935,52939,
52945,52996,53007,53011,53012,53029,53039,53041,
53056,53085,53109,53128,53192,53206,53242,53245,
53268,53271,53283,53285,53297,53315,53327,53329,
53347,53351,53377,53384,53394,53438,53461,53492,
53622,53636,53677,53706,53738,53741,53749,53762,
53789,53804,53817,53827,53870,53873,53874,53881,
53899,53927,53938,53951,53955,53984,53986,53991,
53992,54038,54069,54103,54132,54143,54154,54178,
54186,54199,54207,54212,54223,54226,54227,54228,
54247,54253,54255,54285,54295,54341,54375,54427,
54429,54481,54490,54523,54532,54554,54568,54573,
54589,54600,54661,54677,54679,54680,54686,54699,
54708,54718,54784,54817,54826,54879,54903,54911,
54917,54959,54991,55020,55022,55024,55035,55045,
55051,55093,55127,55142,55172,55175,55187,55188,
55215,55225,55237,55267,55277,55329,55330,55339,
55351,55394,55399,55427,55431,55440,55463,55465,
55500,55507,55518,55550,55560,55583,55584,55610,
55613,55681,55705,55713,55735,55756,55764,55787,
55799,55807,55820,55826,55830,55833,55845,55879,
55904,55922,55923,56004,56010,56045,56048,56071,
56120,56122,56130,56142,56154,56157,56161,56169,
56185,56213,56249,56267,56271,56279,56285,56308,
56313,56316,56410,56422,56425,56438,56441,56446,
56462,56480,56484,56509,56515,56534,56548,56561,
56571,56578,56612,56623,56629,56646,56652,56659,
56660,56701,56704,56720,56741,56750,56765,56783,
56785,56792,56809,56813,56826,56827,56846,56852,
56863,56876,56908,56913,56951,56958,56981,56983,
56987,56992,56996,57001,57012,57021,57050,57087,
57098,57116,57119,57143,57180,57182,57194,57234,
57238,57264,57296,57299,57305,57306,57316,57327,
57336,57364,57389,57431,57435,57460,57466,57496,
57510,57526,57575,57578,57585,57612,57634,57674,
57677,57691,57696,57716,57717,57728,57737,57742,
57746,57767,57770,57779,57855,57910,57943,57951,
57971,57985,57995,58011,58018,58030,58032,58044,
58047,58055,58061,58073,58077,58087,58100,58113,
58127,58153,58160,58163,58164,58183,58223,58245,
58248,58271,58317,58323,58392,58395,58421,58428,
58430,58459,58464,58465,58467,58475,58476,58479,
58482,58486,58489,58545,58563,58569,58577,58582,
58626,58629,58635,58643,58650,58654,58662,58680,
58693,58754,58758,58760,58761,58769,58842,58898,
58899,58970,59015,59028,59060,59068,59080,59084,
59103,59140,59147,59159,59188,59228,59229,59240,
59246,59252,59255,59271,59286,59295,59348,59355,
59452,59457,59465,59472,59494,59506,59510,59521,
59523,59526,59531,59580,59586,59600,59601,59617,
59669,59694,59724,59728,59730,59732,59760,59812,
59819,59823,59824,59859,59889,59890,59900,59912,
59966,59969,59984,59990,59994,60010,60013,60026,
60069,60092,60096,60121,60175,60192,60193,60205,
60217,60223,60247,60251,60254,60259,60268,60276,
60283,60286,60338,60362,60374,60377,60392,60397,
60399,60405,60448,60451,60460,60462,60482,60495,
60498,60510,60513,60584,60593,60619,60642,60664,
60674,60681,60686,60700,60720,60722,60733,60768,
60784,60807,60821,60826,60862,60889,60907,60910,
60913,60985,60997,61001,61007,61019,61027,61038,
61040,61086,61106,61117,61142,61167,61172,61181,
61212,61214,61226,61235,61239,61241,61243,61265,
61277,61298,61312,61314,61324,61328,61341,61362,
61406,61429,61447,61473,61477,61478,61485,61489,
61505,61520,61576,61587,61608,61638,61646,61665,
61698,61703,61730,61784,61792,61820,61822,61828,
61829,61838,61840,61848,61851,61860,61863,61866,
61888,61893,61953,61964,62005,62009,62014,62075,
62079,62106,62112,62114,62117,62130,62152,62169,
62173,62175,62190,62206,62221,62226,62238,62271,
62274,62287,62307,62310,62314,62335,62336,62343,
62347,62348,62383,62445,62483,62505,62511,62512,
62529,62530,62537,62656,62669,62702,62704,62712,
62737,62743,62753,62763,62828,62829,62852,62862,
62863,62892,62929,62949,62960,62988,63007,63009,
63028,63086,63105,63125,63141,63161,63190,63195,
63200,63208,63259,63279,63289,63306,63314,63316,
63371,63378,63405,63410,63423,63430,63434,63438,
63442,63460,63470,63473,63504,63512,63523,63535,
63567,63576,63595,63621,63623,63629,63636,63646,
63662,63667,63702,63727,63744,63748,63808,63822,
63861,63863,63873,63889,63896,63909,63917,63929,
63959,63976,63995,64003,64021,64034,64055,64123,
64149,64155,64166,64212,64220,64221,64254,64263,
64279,64291,64300,64310,64328,64351,64412,64416,
64447,64468,64491,64492,64495,64544,64573,64599,
64661,64675,64708,64720,64724,64734,64752,64773,
64831,64832,64853,64865,64869,64896,64906,64911,
64964,65009,65015,65021,65029,65036,65040,65068,
65092,65100,65103,65109,65125,65126,65130,65143,
65159,65172,65197,65215,65237,65244,65263,65281,
65344,65372,65404,65406,65418,65439,65466,65500,
65518,65520,65522,65539,65545,65558,65588,65589,
65590,65603,65610,65617,65629,65638,65684,65701,
65746,65783,65793,65794,65796,65841,65850,65855,
65877,65890,65922,65957,65990,66011,66012,66022,
66035,66036,66050,66075,66140,66151,66167,66177,
66201,66205,66212,66213,66256,66258,66265,66283,
66319,66322,66327,66330,66339,66351,66357,66363,
66378,66427,66428,66434,66442,66459,66487,66488,
66509,66543,66555,66557,66659,66666,66729,66737,
66758,66777,66828,66829,66850,66875,66880,66906,
66912,66913,66916,66923,66938,66952,66966,66970,
66993,66995,66996,67016,67057,67060,67061,67063,
67070,67076,67078,67085,67096,67111,67115,67122,
67144,67149,67159,67165,67192,67205,67215,67222,
67255,67296,67298,67368,67377,67397,67403,67411,
67446,67447,67448,67517,67525,67529,67574,67583,
67588,67590,67643,67644,67648,67653,67664,67676,
67701,67704,67720,67755,67776,67797,67826,67827,
67832,67837,67839,67845,67853,67862,67866,67868,
67897,67932,67985,68006,68027,68030,68060,68063,
68065,68101,68120,68185,68215,68225,68246,68298,
68310,68322,68327,68333,68340,68393,68409,68436,
68447,68460,68461,68466,68467,68492,68506,68517,
68519,68526,68569,68596,68619,68623,68632,68637,
68639,68655,68706,68714,68724,68768,68795,68808,
68852,68874,68875,68887,68926,68936,68981,68994,
69012,69015,69017,69034,69047,69058,69087,69111,
69127,69139,69145,69206,69226,69254,69268,69295,
69335,69351,69359,69386,69393,69412,69419,69428,
69435,69485,69495,69496,69498,69540,69544,69558,
69560,69579,69594,69608,69609,69611,69632,69639,
69663,69666,69668,69678,69691,69694,69700,69717,
69728,69744,69753,69759,69764,69792,69796,69808,
69817,69821,69829,69840,69878,69883,69896,69904,
69905,69982,69998,70012,70013,70021,70066,70070,
70073,70087,70111,70120,70133,70161,70231,70309,
70333,70378,70380,70434,70435,70436,70441,70446,
70488,70515,70517,70537,70545,70566,70577,70579,
70580,70584,70594,70625,70633,70639,70714,70750,
70753,70755,70756,70767,70788,70793,70795,70828,
70853,70962,70991,71012,71033,71052,71065,71075,
71078,71080,71096,71106,71109,71125,71163,71221,
71222,71243,71247,71258,71264,71274,71285,71291,
71307,71310,71314,71328,71346,71358,71366,71378,
71383,71394,71397,71400,71432,71441,71456,71480,
71488,71499,71504,71518,71543,71576,71639,71641,
71656,71683,71732,71749,71787,71799,71808,71812,
71822,71827,71899,71901,71915,71958,71962,71963,
71971,71993,72031,72034,72053,72069,72071,72115,
72141,72158,72161,72198,72203,72229,72247,72262,
72284,72318,72326,72342,72354,72369,72387,72399,
72406,72417,72434,72513,72520,72523,72533,72538,
72548,72600,72607,72609,72616,72654,72658,72673,
72678,72679,72700,72780,72804,72815,72851,72876,
72883,72910,72912,72928,72937,72984,72985,72986,
73003,73010,73016,73040,73046,73048,73057,73058,
73081,73102,73121,73150,73160,73168,73172,73173,
73176,73189,73195,73199,73212,73232,73248,73249,
73268,73271,73273,73277,73304,73314,73339,73349,
73365,73379,73382,73388,73394,73410,73414,73419,
73421,73427,73429,73432,73434,73440,73453,73456,
73461,73462,73475,73494,73499,73501,73506,73510,
73521,73534,73546,73552,73553,73572,73659,73768,
73788,73794,73816,73827,73849,73859,73909,73920,
73926,73952,73954,73961,74011,74014,74025,74047,
74080,74087,74100,74103,74119,74129,74163,74189,
74205,74282,74290,74334,74335,74364,74402,74417,
74418,74476,74479,74484,74499,74500,74520,74552,
74555,74561,74569,74584,74590,74609,74627,74641,
74660,74661,74664,74673,74695,74702,74717,74718,
74773,74774,74785,74788,74857,74916,74918,74958,
74960,74969,74978,75003,75069,75080,75087,75094,
75124,75150,75163,75230,75275,75288,75291,75313,
75337,75341,75343,75395,75398,75407,75415,75433,
75447,75454,75466,75472,75482,75490,75524,75537,
75568,75591,75621,75676,75678,75697,75720,75721,
75722,75726,75739,75744,75753,75763,75785,75787,
75793,75797,75804,75816,75820,75821,75831,75862,
75868,75891,75895,75921,75934,75936,75949,75955,
75964,75982,75983,75996,76018,76022,76038,76040,
76043,76047,76053,76096,76103,76104,76125,76142,
76151,76165,76184,76188,76214,76218,76232,76240,
76248,76252,76297,76315,76332,76340,76363,76385,
76419,76431,76433,76454,76466,76480,76494,76502,
76518,76569,76580,76585,76606,76607,76618,76627,
76629,76643,76673,76701,76738,76746,76754,76767,
76792,76797,76826,76829,76869,76916,76930,76948,
76964,76967,77001,77002,77026,77027,77051,77086,
77099,77122,77158,77165,77170,77174,77175,77177,
77186,77202,77205,77209,77224,77240,77246,77254,
77326,77329,77344,77350,77376,77406,77409,77427,
77443,77472,77477,77514,77523,77535,77568,77573,
77596,77603,77608,77637,77669,77671,77677,77699,
77713,77724,77737,77741,77757,77774,77783,77786,
77828,77839,77883,77900,77970,77994,78004,78037,
78050,78056,78095,78114,78118,78119,78120,78168,
78179,78183,78206,78231,78271,78286,78310,78323,
78333,78353,78372,78378,78380,78399,78412,78418,
78429,78450,78465,78468,78482,78492,78520,78526,
78531,78544,78548,78597,78627,78659,78679,78685,
78710,78745,78775,78789,78816,78825,78828,78830,
78837,78842,78854,78858,78860,78866,78907,78940,
78941,78943,78956,78959,78960,78994,79000,79047,
79052,79056,79069,79117,79157,79178,79192,79198,
79210,79234,79237,79254,79283,79289,79292,79330,
79331,79367,79375,79378,79386,79398,79400,79408,
79411,79412,79419,79424,79439,79440,79454,79458,
79462,79499,79515,79641,79697,79705,79709,79721,
79741,79742,79743,79756,79771,79789,79790,79803,
79822,79837,79852,79855,79866,79891,79897,79922,
79943,79997,80009,80023,80028,80029,80049,80059,
80062,80063,80167,80215,80258,80269,80271,80276,
80300,80302,80305,80313,80315,80337,80340,80380,
80396,80416,80420,80422,80441,80472,80484,80501,
80504,80522,80527,80532,80537,80544,80617,80652,
80674,80715,80718,80742,80752,80758,80769,80783,
80784,80795,80820,80828,80835,80843,80854,80855,
80887,80895,80911,80915,80939,80940,80945,80956,
80958,81005,81046,81084,81090,81093,81100,81108,
81122,81153,81155,81169,81172,81176,81179,81223,
81250,81282,81302,81360,81378,81385,81386,81396,
81490,81497,81510,81534,81550,81582,81588,81651,
81670,81674,81676,81721,81737,81772,81775,81783,
81788,81801,81803,81816,81841,81842,81844,81872,
81915,81939,81943,81958,81964,81967,81981,82002,
82006,82039,82046,82056,82077,82081,82083,82095,
82124,82133,82135,82159,82173,82176,82183,82206,
82211,82215,82278,82285,82309,82310,82338,82346,
82351,82381,82399,82411,82424,82517,82518,82520,
82529,82553,82588,82591,82597,82600,82630,82657,
82670,82691,82707,82712,82730,82743,82749,82762,
82780,82789,82813,82818,82821,82859,82861,82877,
82885,82912,82945,82963,82977,82980,83006,83016,
83023,83054,83069,83080,83095,83101,83102,83135,
83139,83140,83184,83191,83204,83223,83224,83253,
83259,83304,83312,83346,83370,83381,83437,83529,
83541,83542,83547,83554,83577,83578,83587,83609,
83610,83635,83644,83662,83674,83705,83707,83721,
83726,83752,83754,83796,83832,83862,83878,83887,
83911,83915,83929,83944,83946,83953,83962,83978,
83980,83992,83996,84018,84052,84096,84168,84191,
84206,84215,84236,84240,84254,84258,84261,84263,
84264,84266,84283,84294,84320,84335,84342,84358,
84376,84402,84405,84410,84420,84432,84446,84451,
84454,84472,84481,84512,84520,84531,84545,84557,
84561,84583,84594,84598,84612,84622,84623,84638,
84640,84642,84646,84674,84686,84720,84813,84815,
84858,84875,84877,84878,84882,84887,84889,84905,
84907,84917,84919,84928,84935,84950,85012,85022,
85024,85026,85056,85068,85091,85102,85109,85113,
85126,85138,85150,85157,85164,85169,85172,85173,
85176,85188,85216,85217,85327,85329,85414,85418,
85440,85457,85468,85479,85482,85486,85495,85508,
85512,85525,85533,85538,85552,85570,85571,85589,
85608,85616,85638,85639,85642,85670,85675,85680,
85690,85705,85706,85715,85744,85745,85758,85768,
85828,85835,85870,85871,85880,85902,85919,85977,
85987,86004,86014,86015,86016,86066,86083,86149,
86162,86182,86189,86194,86217,86260,86267,86271,
86300,86304,86305,86323,86326,86344,86378,86413,
86423,86432,86445,86487,86508,86551,86622,86627,
86638,86645,86659,86703,86713,86744,86780,86812,
86816,86817,86822,86829,86843,86875,86876,86882,
86887,86890,86975,86977,86979,87002,87006,87018,
87053,87055,87057,87076,87136,87153,87158,87163,
87207,87209,87211,87265,87274,87288,87323,87352,
87412,87415,87417,87426,87483,87492,87496,87499,
87516,87541,87565,87586,87639,87667,87675,87692,
87719,87724,87742,87748,87760,87782,87814,87822,
87830,87831,87877,87882,87885,87889,87899,87900,
87921,87928,87930,87940,87945,87986,87996,87999,
88037,88050,88052,88082,88092,88118,88134,88144,
88162,88187,88227,88289,88382,88431,88467,88479,
88497,88547,88550,88552,88559,88561,88577,88580,
88610,88633,88638,88641,88646,88686,88699,88722,
88769,88770,88786,88835,88850,88874,88888,88892,
88900,88903,88923,88947,88975,88976,88979,89034,
89043,89069,89099,89102,89112,89126,89152,89167,
89182,89188,89191,89216,89221,89246,89248,89271,
89277,89311,89318,89331,89346,89348,89349,89354,
89368,89380,89390,89415,89461,89524,89542,89564,
89573,89601,89621,89668,89677,89705,89706,89779,
89849,89878,89883,89885,89905,89922,89927,89937,
89954,89988,90003,90056,90057,90078,90142,90168,
90175,90189,90203,90232,90250,90251,90266,90292,
90314,90324,90332,90349,90365,90385,90422,90424,
90483,90511,90526,90542,90566,90585,90610,90633,
90644,90650,90656,90660,90699,90729,90730,90731,
90738,90815,90818,90829,90830,90844,90856,90857,
90859,90891,90907,90946,90950,90951,90968,90976,
90990,91017,91035,91070,91093,91106,91114,91120,
91129,91141,91171,91201,91209,91216,91233,91237,
91257,91267,91269,91286,91303,91309,91316,91320,
91345,91360,91364,91367,91391,91405,91421,91431,
91471,91494,91543,91559,91587,91621,91640,91672,
91685,91712,91719,91752,91771,91779,91787,91795,
91810,91821,91846,91866,91885,91916,91920,91929,
91943,91966,91977,91986,91997,92007,92020,92084,
92129,92161,92182,92216,92221,92237,92267,92275,
92296,92315,92318,92319,92371,92395,92430,92452,
92460,92476,92493,92500,92521,92532,92536,92551,
92552,92567,92581,92584,92619,92655,92656,92684,
92690,92722,92783,92816,92828,92897,92918,92927,
92929,92945,92961,93034,93058,93061,93067,93089,
93093,93108,93164,93179,93181,93187,93192,93193,
93202,93248,93254,93260,93290,93292,93328,93350,
93406,93421,93444,93446,93451,93474,93513,93539,
93547,93548,93605,93624,93651,93654,93669,93670,
93710,93739,93742,93764,93771,93786,93790,93796,
93800,93812,93815,93818,93837,93843,93850,93866,
93909,93918,93931,93944,93971,93982,93985,94000,
94002,94086,94120,94178,94180,94208,94216,94224,
94264,94265,94269,94278,94285,94287,94289,94294,
94297,94298,94299,94303,94342,94345,94353,94414,
94446,94462,94464,94469,94491,94515,94522,94540,
94561,94574,94576,94578,94596,94677,94683,94692,
94741,94747,94768,94777,94798,94801,94810,94816,
94819,94933,94946,94951,94953,94978,94994,95011,
95020,95022,95025,95033,95036,95079,95105,95107,
95108,95117,95123,95129,95158,95199,95218,95311,
95316,95318,95319,95334,95337,95350,95362,95376,
95420,95424,95464,95479,95494,95495,95503,95523,
95538,95550,95588,95596,95619,95633,95653,95661,
95666,95701,95715,95750,95761,95763,95770,95772,
95816,95829,95857,95906,95907,95939,95947,95963,
95967,95975,95992,95994,96024,96025,96028,96034,
96040,96077,96106,96112,96183,96191,96202,96214,
96244,96274,96288,96308,96321,96324,96367,96385,
96390,96397,96415,96421,96424,96425,96461,96494,
96506,96559,96573,96594,96613,96625,96643,96650,
96664,96700,96717,96725,96728,96749,96762,96775,
96781,96791,96798,96840,96847,96868,96952,96956,
97010,97023,97087,97097,97114,97154,97168,97182,
97196,97201,97228,97239,97262,97339,97360,97390,
97439,97441,97507,97527,97547,97548,97549,97555,
97589,97593,97667,97711,97735,97763,97773,97780,
97798,97811,97869,97875,97878,97953,97957,97960,
97965,97975,98000,98014,98016,98021,98030,98039,
98040,98072,98124,98176,98196,98209,98231,98233,
98267,98274,98320,98326,98335,98354,98366,98367,
98373,98408,98427,98430,98448,98456,98493,98497,
98512,98518,98521,98529,98538,98542,98556,98574,
98576,98577,98578,98581,98589,98622,98632,98633,
98692,98737,98766,98813,98855,98866,98879,98945,
98946,98956,98964,98967,98974,98985,98998,99081,
99093,99125,99157,99166,99168,99172,99181,99197,
99209,99214,99258,99268,99335,99352,99353,99382,
99385,99415,99429,99491,99556,99563,99573,99575,
99579,99580,99582,99613,99703,99714,99717,99721,
99737,99744,99768,99795,99807,99817,99881,99888,
99894,99909,99939,99989,100015,100050,100143,100151,
100163,100182,100188,100190,100217,100222,100258,100284,
100312,100335,100337,100340,100345,100368,100406,100413,
100423,100518,100525,100533,100544,100552,100560,100576,
100585,100590,100661,100686,100708,100713,100717,100719,
100724,100736,100741,100745,100749,100779,100784,100792,
100811,100824,100838,100847,100848,100876,100879,100882,
100888,100942,100955,101034,101037,101056,101081,101162,
101164,101186,101213,101218,101219,101225,101240,101249,
101255,101274,101284,101288,101290,101294,101303,101314,
101344,101345,101355,101357,101376,101396,101420,101429,
101433,101440,101496,101517,101530,101551,101570,101598,
101611,101615,101621,101622,101631,101641,101649,101686,
101720,101737,101743,101754,101820,101838,101856,101891,
101902,101933,101964,101970,101982,101994,102006,102017,
102062,102063,102070,102117,102136,102138,102145,102177,
102179,102207,102213,102220,102230,102244,102247,102271,
102272,102275,102283,102296,102308,102310,102313,102324,
102327,102336,102339,102354,102356,102357,102359,102371,
102384,102387,102396,102437,102462,102473,102484,102504,
102507,102511,102548,102555,102562,102580,102584,102603,
102632,102637,102669,102696,102705,102734,102748,102802,
102816,102822,102842,102880,102888,102889,102891,102898,
102907,102939,102975,103009,103034,103046,103062,103076,
103084,103101,103105,103109,103146,103150,103201,103212,
103254,103345,103350,103358,103396,103416,103417,103459,
103469,103501,103511,103524,103554,103565,103576,103583,
103591,103600,103631,103646,103661,103670,103671,103674,
103679,103704,103719,103754,103772,103776,103780,103786,
103791,103807,103822,103831,103849,103866,103937,103941,
103977,103997,104006,104009,104054,104085,104086,104104,
104121,104132,104139,104167,104218,104256,104301,104302,
104332,104367,104387,104409,104422,104423,104429,104477,
104480,104495,104502,104531,104540,104563,104608,104618,
104627,104639,104711,104718,104731,104780,104783,104786,
104813,104821,104826,104856,104863,104868,104883,104900,
104924,104932,104941,104957,105000,105004,105010,105016,
105068,105070,105119,105123,105124,105144,105146,105154,
105161,105175,105202,105205,105218,105237,105247,105275,
105298,105302,105314,105315,105318,105323,105336,105363,
105364,105398,105402,105448,105471,105473,105498,105554,
105566,105574,105580,105593,105594,105616,105621,105637,
105645,105659,105671,105699,105716,105723,105724,105749,
105750,105755,105784,105790,105797,105852,105894,105903,
105904,105907,105930,105931,105934,105936,105937,105963,
105966,105992,106023,106035,106074,106077,106078,106090,
106119,106120,106123,106162,106178,106190,106192,106194,
106197,106199,106202,106209,106219,106236,106244,106253,
106258,106261,106265,106276,106278,106292,106293,106308,
106315,106342,106360,106388,106432,106442,106457,106463,
106478,106485,106499,106503,106529,106535,106560,106584,
106605,106615,106626,106636,106642,106646,106647,106687,
106688,106699,106737,106782,106792,106819,106844,106847,
106896,106897,106953,106971,106975,106985,107022,107026,
107030,107032,107145,107156,107191,107223,107244,107251,
107253,107254,107307,107329,107348,107350,107389,107451,
107485,107486,107492,107495,107506,107528,107536,107537,
107544,107559,107567,107630,107632,107640,107645,107647,
107648,107668,107688,107717,107728,107734,107745,107747,
107769,107773,107774,107791,107792,107802,107812,107847,
107848,107856,107899,107911,107921,107949,107983,107998,
108006,108022,108117,108130,108175,108181,108207,108232,
108243,108245,108288,108316,108324,108387,108417,108433,
108445,108469,108494,108499,108529,108535,108543,108552,
108622,108636,108661,108672,108673,108676,108706,108718,
108725,108727,108733,108747,108789,108803,108805,108809,
108820,108848,108851,108865,108902,108913,108963,109011,
109016,109028,109050,109067,109077,109092,109093,109127,
109138,109139,109147,109159,109185,109220,109252,109258,
109303,109324,109335,109366,109378,109382,109386,109387,
109395,109411,109436,109455,109481,109530,109532,109533,
109626,109638,109650,109667,109687,109699,109718,109730,
109742,109746,109748,109793,109823,109831,109833,109834,
109837,109843,109864,109875,109883,109886,109893,109894,
109925,110002,110010,110032,110039,110097,110125,110137,
110176,110191,110205,110222,110255,110262,110264,110282,
110319,110329,110332,110333,110346,110373,110374,110375,
110382,110384,110396,110411,110432,110434,110477,110481,
110487,110522,110556,110570,110571,110578,110582,110586,
110592,110627,110648,110677,110700,110741,110757,110758,
110764,110777,110793,110820,110874,110884,110891,110898,
110903,110913,110934,110937,110972,110976,110979,110996,
111002,111013,111034,111055,111070,111084,111103,111113,
111129,111151,111156,111170,111174,111176,111178,111189,
111195,111197,111221,111227,111243,111252,111290,111291,
111303,111315,111320,111343,111344,111361,111368,111385,
111401,111420,111470,111490,111502,111504,111505,111528,
111533,111534,111535,111551,111564,111566,111571,111579,
111586,111596,111618,111645,111683,111721,111728,111729,
111742,111750,111752,111775,111812,111827,111900,111913,
111924,111939,111951,111963,111971,112016,112024,112028,
112030,112036,112059,112075,112096,112123,112140,112147,
112162,112165,112166,112167,112169,112170,112175,112196,
112203,112210,112215,112219,112226,112236,112237,112238,
112240,112241,112255,112261,112273,112274,112288,112297,
112322,112362,112363,112409,112427,112447,112465,112470,
112489,112527,112542,112550,112565,112591,112604,112657,
112682,112695,112739,112755,112761,112780,112786,112791,
112794,112814,112826,112832,112862,112871,112873,112883,
112889,112923,112926,112965,112967,112973,112981,112992,
113001,113011,113040,113045,113055,113061,113103,113124,
113131,113136,113145,113154,113187,113199,113203,113217,
113224,113225,113268,113276,113283,113299,113319,113327,
113335,113355,113364,113424,113429,113430,113432,113448,
113493,113516,113522,113527,113588,113616,113622,113661,
113678,113680,113699,113719,113732,113749,113755,113768,
113776,113802,113803,113815,113830,113845,113857,113858,
113926,113927,113969,113995,113997,114012,114031,114060,
114081,114095,114109,114117,114118,114132,114148,114154,
114183,114188,114191,114196,114211,114237,114255,114261,
114262,114266,114282,114285,114286,114308,114369,114421,
114435,114450,114457,114470,114481,114497,114504,114513,
114552,114581,114585,114599,114605,114612,114628,114632,
114634,114647,114652,114660,114674,114692,114697,114707,
114708,114723,114739,114746,114767,114802,114803,114814,
114820,114831,114835,114844,114853,114863,114867,114909,
114927,115006,115027,115039,115055,115058,115073,115079,
115095,115108,115126,115140,115150,115170,115172,115175,
115178,115191,115217,115219,115222,115224,115226,115227,
115245,115251,115265,115279,115283,115289,115316,115320,
115339,115347,115354,115360,115395,115396,115400,115407,
115429,115433,115437,115460,115470,115512,115525,115567,
115578,115581,115608,115637,115676,115710,115715,115718,
115788,115792,115806,115817,115830,115854,115861,115863,
115881,115908,115926,115945,115947,115962,115989,116003,
116005,116026,116032,116043,116108,116131,116135,116159,
116162,116177,116179,116190,116223,116253,116295,116335,
116363,116392,116416,116422,116423,116438,116455,116475,
116478,116508,116517,116544,116582,116585,116599,116636,
116661,116663,116667,116683,116690,116710,116727,116737,
116765,116778,116789,116796,116806,116809,116817,116856,
116870,116880,116924,116937,116966,116968,116969,116990,
116998,117003,117017,117019,117024,117033,117064,117069,
117102,117103,117124,117130,117229,117246,117251,117275,
117284,117289,117337,117345,117348,117351,117352,117376,
117390,117405,117408,117437,117478,117496,117506,117508,
117509,117518,117525,117543,117549,117552,117558,117562,
117567,117579,117671,117678,117693,117701,117722,117725,
117731,117734,117739,117758,117768,117802,117811,117814,
117822,117847,117849,117861,117867,117925,117958,117959,
117975,117998,118015,118049,118056,118057,118081,118083,
118090,118091,118099,118106,118113,118114,118117,118132,
118141,118151,118154,118171,118172,118182,118185,118225,
118235,118264,118281,118285,118290,118303,118325,118351,
118359,118384,118406,118415,118417,118420,118438,118440,
118461,118485,118490,118526,118540,118561,118562,118580,
118610,118618,118660,118683,118688,118696,118699,118700,
118703,118705,118713,118717,118769,118773,118774,118778,
118780,118789,118806,118825,118849,118851,118860,118865,
118878,118915,118973,118978,118989,119015,119031,119032,
119056,119063,119074,119075,119114,119128,119149,119153,
119171,119179,119182,119192,119216,119284,119334,119345,
119347,119353,119357,119364,119395,119397,119464,119488,
119490,119508,119511,119537,119552,119554,119560,119565,
119582,119584,119595,119601,119608,119626,119627,119631,
119642,119647,119648,119655,119657,119659,119662,119665,
119688,119690,119697,119735,119749,119782,119828,119841,
119877,119882,119959,119974,119987,119994,120014,120019,
120035,120036,120072,120079,120098,120099,120132,120143,
120159,120200,120245,120246,120266,120304,120319,120334,
120342,120394,120404,120411,120418,120432,120433,120451,
120461,120462,120477,120483,120485,120490,120518,120535,
120576,120579,120583,120653,120655,120674,120687,120724,
120726,120737,120738,120740,120777,120782,120805,120810,
120812,120829,120866,120868,120893,120916,120976,120988,
121025,121044,121047,121049,121058,121060,121072,121085,
121092,121109,121121,121123,121132,121140,121162,121164,
121175,121185,121188,121189,121243,121276,121282,121308,
121312,121330,121337,121358,121359,121363,121383,121384,
121396,121398,121399,121405,121414,121471,121493,121528,
121557,121573,121591,121593,121624,121646,121705,121708,
121724,121728,121734,121752,121777,121803,121813,121853,
121890,121924,121948,121965,121982,121988,122005,122016,
122017,122049,122062,122069,122096,122108,122130,122145,
122157,122176,122177,122215,122264,122279,122305,122311,
122313,122345,122346,122395,122396,122423,122433,122434,
122439,122441,122450,122455,122472,122497,122501,122504,
122515,122532,122547,122559,122565,122623,122637,122641,
122667,122705,122714,122721,122730,122737,122755,122808,
122817,122824,122839,122841,122850,122880,122884,122900,
122935,122941,122943,122967,122981,122984,122997,123007,
123022,123024,123030,123034,123046,123061,123084,123125,
123149,123153,123157,123208,123210,123229,123252,123258,
123270,123279,123289,123297,123317,123324,123330,123348,
123355,123384,123406,123484,123486,123529,123535,123553,
123588,123590,123638,123649,123657,123695,123706,123725,
123738,123752,123786,123790,123793,123827,123843,123858,
123890,123892,123902,123944,123963,123994,124039,124062,
124084,124111,124117,124131,124158,124191,124201,124204,
124206,124223,124239,124243,124261,124262,124268,124285,
124287,124296,124345,124371,124378,124392,124403,124439,
124459,124462,124472,124474,124475,124480,124485,124495,
124510,124514,124531,124537,124562,124567,124573,124593,
124600,124632,124646,124656,124710,124711,124713,124735,
124747,124755,124756,124774,124775,124786,124816,124821,
124835,124847,124856,124867,124878,124904,124929,124939,
124940,124941,124971,124973,124979,124980,124989,125008,
125036,125073,125087,125091,125101,125112,125114,125115,
125126,125146,125181,125196,125208,125209,125215,125221,
125227,125240,125263,125302,125303,125310,125312,125320,
125343,125349,125368,125373,125380,125419,125456,125465,
125490,125491,125501,125549,125551,125586,125602,125614,
125643,125676,125720,125727,125744,125766,125781,125806,
125836,125862,125868,125881,125885,125895,125902,125926,
125993,126003,126025,126070,126087,126115,126148,126172,
126213,126254,126257,126258,126260,126297,126308,126318,
126337,126347,126370,126397,126401,126409,126426,126431,
126432,126444,126448,126457,126478,126511,126513,126552,
126574,126608,126632,126643,126664,126712,126738,126748,
126763,126776,126817,126822,126846,126889,126907,126913,
126938,126953,126998,127032,127040,127049,127065,127087,
127097,127137,127145,127146,127158,127185,127204,127215,
127223,127278,127300,127303,127307,127308,127355,127357,
127365,127366,127410,127427,127434,127437,127452,127461,
127477,127509,127537,127538,127577,127591,127613,127618,
127626,127661,127673,127708,127729,127772,127779,127780,
127787,127791,127794,127803,127840,127852,127932,127936,
127939,127947,127970,127981,128000,128002,128042,128059,
128062,128076,128091,128111,128157,128193,128197,128232,
128358,128363,128387,128388,128390,128394,128432,128448,
128449,128454,128497,128505,128514,128545,128558,128617,
128675,128697,128700,128709,128735,128739,128755,128763,
128768,128783,128789,128800,128817,128860,128884,128890,
128896,128901,128918,128974,128997,129004,129070,129103,
129114,129124,129127,129153,129159,129178,129189,129204,
129215,129224,129259,129337,129361,129376,129409,129413,
129429,129433,129494,129510,129515,129525,129531,129559,
129560,129570,129592,129605,129634,129775,129776,129788,
129853,129856,129861,129904,129926,129934,129943,129994,
130056,130086,130092,130100,130114,130119,130138,130169,
130192,130200,130244,130279,130314,130316,130377,130413,
130434,130437,130438,130449,130462,130470,130474,130478,
130494,130507,130520,130525,130555,130596,130655,130659,
130662,130669,130699,130713,130731,130741,130770,130774,
130794,130824,130840,130849,130850,130900,130904,130914,
130918,130920,130935,130959,130987,131008,131016,131047,
131052,131069,131076,131079,131088,131105,131125,131137,
131146,131154,131166,131170,131172,131207,131221,131222,
131224,131225,131226,131233,131234,131254,131283,131297,
131304,131336,131378,131416,131445,131459,131473,131515,
131525,131558,131561,131568,131573,131574,131594,131601,
131627,131645,131670,131683,131691,131708,131727,131728,
131740,131743,131745,131772,131779,131786,131789,131811,
131831,131855,131889,131896,131901,131930,131956,131981,
132072,132073,132104,132111,132140,132156,132173,132174,
132186,132191,132234,132259,132283,132299,132325,132332,
132349,132363,132394,132395,132452,132477,132486,132499,
132509,132516,132579,132591,132592,132602,132622,132660,
132698,132785,132787,132836,132848,132868,132927,132932,
132945,132953,132967,132970,132994,133024,133029,133048,
133080,133091,133096,133099,133136,133187,133213,133224,
133225,133226,133239,133316,133317,133344,133383,133389,
133446,133471,133542,133551,133572,133629,133652,133667,
133672,133673,133691,133699,133707,133717,133718,133722,
133738,133746,133771,133781,133810,133831,133865,133881,
133896,133932,133990,133996,134011,134032,134034,134062,
134079,134081,134105,134154,134170,134176,134182,134183,
134185,134200,134202,134216,134224,134236,134246,134255,
134261,134292,134336,134341,134352,134360,134361,134375,
134405,134464,134466,134467,134592,134610,134625,134632,
134637,134653,134667,134696,134708,134729,134825,134872,
134880,134936,134947,134957,134961,134963,134985,134994,
135007,135029,135089,135113,135120,135123,135128,135155,
135158,135171,135196,135201,135205,135207,135210,135223,
135237,135246,135254,135259,135269,135282,135320,135343,
135349,135350,135362,135393,135394,135398,135420,135454,
135458,135470,135500,135501,135522,135543,135544,135573,
135583,135587,135590,135625,135691,135711,135715,135717,
135739,135741,135768,135771,135847,135855,135878,135889,
135894,135900,135901,135903,135907,135913,135978,135979,
135982,135984,135989,136005,136087,136141,136145,136170,
136179,136184,136186,136192,136219,136226,136230,136257,
136305,136327,136328,136330,136341,136343,136345,136358,
136362,136364,136367,136380,136399,136408,136423,136435,
136513,136526,136528,136563,136598,136618,136619,136627,
136644,136691,136694,136709,136713,136724,136734,136753,
136757,136806,136812,136877,136920,136935,136953,136959,
136965,136987,136990,137001,137032,137033,137045,137048,
137067,137091,137100,137117,137122,137148,137166,137174,
137212,137215,137226,137228,137268,137334,137345,137370,
137371,137373,137378,137382,137383,137391,137397,137412,
137475,137504,137507,137509,137510,137513,137532,137533,
137536,137544,137551,137564,137576,137603,137605,137660,
137718,137740,137744,137745,137758,137764,137770,137811,
137813,137814,137823,137829,137847,137868,137896,137923,
137924,137938,137940,137944,137967,137978,137979,137980,
137991,138001,138089,138105,138112,138120,138122,138129,
138146,138148,138149,138157,138160,138163,138178,138180,
138201,138202,138214,138225,138261,138268,138284,138285,
138288,138290,138297,138305,138312,138320,138338,138349,
138367,138371,138383,138401,138418,138426,138430,138435,
138437,138448,138454,138457,138458,138463,138464,138476,
138482,138487,138506,138517,138541,138542,138566,138574,
138581,138603,138624,138645,138652,138667,138688,138701,
138708,138713,138717,138725,138731,138817,138879,138906,
138948,138976,139042,139044,139048,139073,139086,139103,
139123,139140,139162,139167,139171,139191,139196,139215,
139221,139229,139244,139248,139267,139285,139331,139339,
139366,139385,139420,139424,139439,139479,139494,139510,
139518,139527,139537,139539,139545,139554,139569,139597,
139620,139644,139660,139665,139683,139702,139703,139706,
139720,139723,139734,139743,139746,139751,139752,139757,
139764,139803,139805,139806,139807,139823,139828,139839,
139843,139848,139852,139855,139858,139859,139863,139912,
139926,139958,139969,139987,139988,140015,140033,140041,
140048,140058,140075,140077,140085,140097,140125,140178,
140196,140231,140241,140243,140294,140367,140370,140371,
140373,140405,140460,140493,140503,140507,140527,140528,
140544,140551,140583,140588,140603,140611,140624,140630,
140644,140646,140699,140730,140731,140872,140874,140876,
140883,140891,140923,140932,140944,140961,140969,141015,
141024,141031,141036,141047,141070,141090,141129,141130,
141163,141169,141179,141183,141190,141245,141246,141253,
141266,141298,141328,141355,141369,141375,141384,141447,
141457,141468,141469,141471,141474,141479,141489,141511,
141536,141552,141562,141567,141605,141607,141614,141640,
141645,141667,141671,141676,141691,141700,141703,141707,
141709,141721,141736,141769,141786,141810,141856,141919,
141940,141944,141946,141955,141956,141959,141960,141991,
142015,142021,142035,142039,142044,142062,142069,142079,
142094,142097,142136,142157,142165,142168,142209,142234,
142255,142296,142310,142320,142323,142336,142342,142370,
142380,142397,142414,142432,142437,142477,142485,142493,
142502,142533,142541,142556,142584,142607,142616,142622,
142624,142630,142638,142641,142682,142695,142717,142741,
142817,142827,142840,142851,142862,142927,142966,142971,
142976,142993,143008,143010,143013,143014,143017,143030,
143052,143053,143069,143129,143134,143158,143160,143194,
143203,143227,143280,143288,143299,143319,143326,143335,
143347,143362,143364,143374,143390,143393,143460,143503,
143526,143560,143562,143601,143603,143612,143625,143628,
143631,143634,143636,143657,143664,143668,143677,143694,
143702,143725,143754,143774,143788,143816,143833,143834,
143843,143862,143889,143895,143908,143909,143935,143954,
143967,143988,143998,144013,144096,144098,144112,144120,
144126,144147,144181,144191,144212,144221,144229,144249,
144258,144276,144296,144332,144361,144399,144409,144432,
144436,144464,144468,144469,144479,144484,144503,144506,
144544,144606,144630,144637,144656,144666,144699,144716,
144726,144744,144763,144771,144778,144828,144832,144851,
144875,144878,144882,144885,144886,144960,144980,144986,
144990,145001,145017,145025,145030,145041,145047,145098,
145113,145144,145182,145200,145289,145303,145333,145341,
145345,145363,145442,145451,145490,145515,145549,145554,
145567,145569,145591,145598,145605,145613,145637,145640,
145643,145650,145652,145675,145694,145729,145763,145806,
145822,145848,145854,145858,145862,145923,145949,145979,
145989,145992,146000,146037,146048,146050,146125,146139,
146166,146187,146189,146195,146250,146254,146262,146264,
146289,146315,146323,146342,146367,146399,146413,146421,
146422,146426,146442,146458,146514,146527,146551,146589,
146593,146612,146635,146648,146651,146657,146665,146685,
146718,146735,146746,146774,146781,146825,146840,146848,
146849,146860,146871,146884,146895,146939,146962,146972,
146974,146979,147008,147038,147059,147064,147089,147095,
147135,147139,147146,147159,147193,147196,147239,147250,
147268,147288,147292,147307,147312,147321,147327,147375,
147385,147386,147399,147434,147476,147490,147530,147531,
147552,147567,147568,147586,147603,147604,147607,147613,
147624,147636,147643,147687,147697,147709,147714,147748,
147754,147774,147789,147799,147826,147833,147854,147911,
147931,147937,147948,147956,147958,147975,147984,147993,
148021,148040,148068,148093,148105,148129,148146,148155,
148162,148185,148204,148205,148212,148222,148237,148243,
148255,148288,148296,148346,148354,148410,148420,148445,
148468,148478,148483,148495,148517,148526,148534,148561,
148574,148588,148613,148616,148626,148649,148653,148694,
148703,148706,148750,148763,148792,148818,148828,148829,
148866,148880,148903,148920,148929,148941,148990,149023,
149031,149036,149040,149045,149068,149088,149119,149125,
149139,149156,149169,149177,149188,149198,149214,149215,
149229,149231,149243,149268,149271,149298,149315,149337,
149363,149400,149426,149427,149433,149439,149447,149451,
149486,149499,149502,149504,149507,149525,149545,149558,
149564,149567,149568,149570,149593,149602,149613,149628,
149629,149634,149636,149643,149695,149700,149773,149779,
149784,149800,149832,149849,149888,149911,149932,149955,
150004,150030,150036,150040,150070,150080,150094,150101,
150106,150129,150152,150164,150184,150185,150212,150214,
150217,150220,150234,150243,150270,150285,150315,150332,
150348,150352,150353,150379,150382,150385,150389,150395,
150396,150400,150421,150424,150428,150452,150457,150464,
150471,150485,150495,150496,150529,150554,150567,150579,
150581,150627,150655,150656,150678,150689,150697,150736,
150741,150757,150769,150774,150798,150822,150823,150851,
150867,150883,150903,150925,150949,150960,150963,150973,
150987,150990,151014,151018,151055,151070,151084,151093,
151097,151102,151129,151179,151260,151305,151308,151309,
151315,151319,151320,151321,151336,151342,151359,151383,
151402,151412,151418,151427,151442,151452,151466,151469,
151470,151529,151532,151565,151571,151599,151605,151625,
151650,151663,151673,151675,151684,151716,151723,151754,
151762,151778,151779,151795,151814,151818,151834,151847,
151869,151892,151895,151925,151929,151936,151944,151951,
151957,151963,151998,152000,152021,152050,152071,152076,
152107,152108,152122,152136,152150,152159,152190,152207,
152208,152236,152244,152262,152301,152307,152310,152312,
152337,152389,152400,152405,152429,152457,152464,152512,
152538,152580,152587,152590,152650,152674,152727,152757,
152768,152781,152790,152794,152800,152813,152829,152858,
152882,152900,152909,152918,152922,152930,152998,153007,
153014,153046,153050,153063,153081,153146,153155,153158,
153172,153200,153209,153211,153249,153257,153276,153317,
153318,153321,153323,153333,153345,153352,153388,153403,
153411,153412,153421,153450,153452,153454,153459,153464,
153479,153485,153505,153520,153530,153541,153555,153561,
153563,153567,153623,153647,153660,153672,153707,153753,
153759,153768,153772,153784,153800,153802,153812,153824,
153835,153854,153879,153923,153957,153975,153986,153991,
153995,154011,154057,154073,154082,154086,154087,154099,
154143,154159,154174,154209,154249,154268,154302,154303,
154304,154342,154349,154366,154376,154393,154406,154412,
154416,154497,154534,154544,154604,154623,154649,154665,
154672,154698,154699,154703,154727,154739,154752,154783,
154788,154794,154806,154834,154835,154862,154864,154914,
154939,154948,154958,154963,154966,154972,154995,155009,
155012,155015,155022,155040,155060,155066,155090,155101,
155108,155110,155145,155152,155161,155163,155170,155180,
155183,155184,155197,155203,155205,155243,155282,155283,
155304,155312,155340,155355,155401,155403,155416,155427,
155449,155456,155469,155502,155513,155527,155533,155535,
155541,155566,155573,155586,155591,155602,155675,155680,
155695,155737,155747,155758,155762,155787,155796,155838,
155847,155851,155876,155903,155908,155915,155926,155951,
155958,155972,155974,155979,155996,156021,156022,156070,
156078,156086,156089,156097,156124,156142,156149,156162,
156197,156199,156206,156237,156270,156278,156282,156284,
156301,156309,156316,156319,156343,156352,156379,156398,
156437,156443,156467,156471,156484,156526,156535,156591,
156596,156625,156649,156657,156686,156698,156713,156720,
156721,156776,156809,156813,156835,156849,156865,156867,
156881,156887,156910,156919,156978,156981,156984,156992,
157028,157033,157038,157045,157061,157075,157080,157145,
157146,157149,157197,157213,157215,157254,157259,157262,
157287,157304,157327,157328,157367,157393,157406,157429,
157446,157477,157478,157490,157511,157529,157600,157603,
157606,157626,157633,157648,157654,157670,157680,157685,
157686,157804,157820,157841,157856,157861,157863,157874,
157884,157890,157895,157913,157917,157924,157936,157939,
157949,157950,157974,157977,157980,157984,158041,158049,
158062,158113,158138,158171,158207,158213,158247,158283,
158321,158332,158338,158358,158366,158373,158376,158377,
158382,158385,158421,158448,158481,158486,158523,158526,
158549,158582,158612,158650,158676,158705,158767,158768,
158795,158821,158824,158838,158842,158846,158849,158868,
158870,158873,158878,158893,158928,158936,158978,159030,
159060,159070,159084,159127,159128,159131,159142,159148,
159158,159212,159257,159264,159271,159307,159309,159316,
159344,159371,159377,159411,159421,159437,159442,159448,
159467,159500,159524,159544,159661,159670,159678,159691,
159768,159787,159792,159797,159827,159863,159871,159884,
159891,159914,159944,159947,159949,159960,159968,159969,
159972,159976,159980,159982,159999,160025,160051,160100,
160112,160142,160157,160171,160224,160247,160278,160283,
160315,160321,160324,160331,160333,160337,160360,160362,
160378,160381,160412,160425,160446,160461,160478,160490,
160492,160515,160532,160546,160553,160572,160621,160650,
160662,160674,160713,160715,160751,160797,160807,160810,
160857,160860,160870,160879,160881,160918,160927,160934,
160950,161005,161017,161021,161035,161046,161048,161066,
161067,161150,161157,161158,161178,161190,161209,161215,
161261,161262,161263,161281,161282,161297,161306,161310,
161331,161357,161361,161366,161393,161407,161412,161416,
161441,161443,161444,161461,161526,161527,161551,161562,
161567,161576,161601,161622,161626,161640,161668,161702,
161714,161724,161743,161750,161754,161756,161762,161815,
161834,161843,161857,161860,161878,161882,161916,161951,
161976,162019,162043,162062,162106,162109,162121,162141,
162145,162163,162176,162177,162195,162198,162216,162227,
162232,162242,162273,162274,162290,162291,162324,162370,
162376,162377,162392,162396,162422,162435,162455,162477,
162479,162516,162524,162528,162530,162587,162603,162606,
162642,162646,162670,162684,162704,162730,162736,162737,
162744,162765,162770,162773,162819,162891,162922,162970,
162975,162983,163012,163013,163014,163040,163066,163074,
163089,163111,163167,163171,163243,163263,163273,163284,
163286,163338,163370,163373,163377,163391,163396,163405,
163429,163440,163441,163474,163475,163478,163484,163496,
163507,163542,163588,163614,163630,163639,163679,163692,
163699,163716,163719,163723,163752,163774,163793,163810,
163813,163830,163864,163865,163869,163870,163888,163898,
163911,163963,163980,164005,164016,164025,164087,164122,
164127,164128,164135,164138,164163,164165,164215,164226,
164232,164248,164258,164265,164282,164296,164297,164304,
164316,164340,164346,164359,164368,164375,164382,164406,
164438,164446,164448,164511,164530,164536,164554,164572,
164577,164590,164628,164656,164659,164668,164677,164683,
164694,164704,164714,164740,164790,164797,164802,164810,
164825,164832,164834,164839,164841,164850,164859,164877,
164878,164881,164896,164931,164938,164953,164958,164996,
165009,165039,165055,165058,165094,165124,165151,165155,
165167,165186,165224,165226,165270,165279,165289,165301,
165312,165313,165367,165399,165400,165402,165413,165428,
165433,165470,165481,165491,165520,165531,165553,165566,
165569,165602,165614,165617,165677,165679,165680,165692,
165701,165717,165733,165739,165741,165765,165775,165793,
165794,165826,165847,165871,165877,165890,165909,165926,
165930,165936,165947,165952,165957,165961,165971,165978,
165986,165992,165995,165998,166002,166016,166017,166023,
166036,166039,166043,166058,166082,166106,166108,166131,
166136,166156,166183,166191,166212,166214,166235,166236,
166250,166264,166280,166282,166295,166300,166313,166357,
166388,166399,166416,166524,166525,166549,166557,166573,
166585,166589,166599,166618,166620,166621,166623,166667,
166674,166685,166694,166695,166706,166711,166713,166724,
166736,166750,166807,166820,166841,166882,166885,166896,
166907,166917,166938,166956,166973,166976,166983,166990,
167001,167006,167033,167054,167070,167078,167090,167119,
167133,167137,167149,167150,167151,167152,167167,167196,
167201,167203,167213,167215,167229,167245,167287,167310,
167311,167315,167316,167317,167361,167378,167383,167421,
167437,167451,167463,167490,167528,167530,167569,167574,
167580,167587,167604,167652,167653,167660,167674,167687,
167688,167698,167707,167739,167745,167764,167777,167785,
167798,167825,167842,167865,167899,167919,167931,167962,
167972,167975,168010,168017,168018,168024,168031,168032,
168040,168041,168069,168071,168083,168094,168124,168135,
168141,168143,168149,168151,168157,168183,168194,168232,
168244,168284,168311,168318,168321,168356,168378,168414,
168417,168491,168513,168519,168529,168592,168595,168599,
168614,168624,168625,168626,168658,168697,168781,168792,
168794,168801,168814,168817,168832,168878,168890,168918,
168922,168946,168963,168965,169000,169002,169006,169013,
169014,169025,169065,169067,169068,169071,169072,169077,
169105,169121,169155,169171,169179,169188,169206,169215,
169223,169224,169225,169238,169239,169241,169248,169253,
169282,169294,169304,169339,169341,169357,169361,169363,
169380,169387,169402,169411,169419,169440,169441,169461,
169524,169529,169564,169567,169580,169586,169590,169591,
169596,169607,169616,169618,169619,169658,169667,169674,
169683,169690,169692,169719,169727,169729,169730,169767,
169785,169821,169878,169910,169922,169942,169957,170040,
170056,170069,170103,170106,170118,170131,170149,170165,
170217,170219,170247,170275,170281,170283,170289,170301,
170305,170322,170327,170335,170336,170354,170369,170380,
170393,170412,170441,170442,170447,170456,170489,170490,
170504,170510,170511,170512,170537,170547,170557,170574,
170589,170618,170632,170645,170688,170695,170696,170710,
170730,170738,170746,170753,170763,170774,170813,170843,
170892,170893,170902,170916,170920,170944,170949,171060,
171066,171087,171091,171106,171116,171139,171149,171162,
171186,171199,171212,171217,171224,171225,171226,171254,
171264,171346,171359,171375,171385,171386,171393,171395,
171403,171406,171433,171437,171442,171463,171467,171473,
171479,171481,171525,171528,171535,171545,171548,171550,
171555,171568,171575,171576,171598,171610,171613,171621,
171622,171624,171625,171627,171649,171686,171691,171705,
171706,171719,171742,171754,171761,171771,171786,171829,
171848,171858,171864,171866,171879,171882,171896,171897,
171907,171912,171916,171926,171950,171964,172005,172010,
172046,172053,172067,172085,172094,172133,172170,172182,
172206,172207,172212,172241,172247,172252,172261,172264,
172265,172274,172291,172295,172303,172309,172335,172350,
172377,172391,172393,172416,172476,172487,172503,172517,
172545,172555,172575,172585,172624,172637,172673,172674,
172678,172686,172715,172722,172723,172737,172744,172750,
172773,172797,172820,172852,172870,172884,172890,172910,
172935,172944,172962,173007,173034,173036,173042,173077,
173119,173120,173144,173188,173190,173197,173199,173213,
173217,173224,173234,173254,173261,173286,173288,173294,
173303,173309,173311,173313,173322,173344,173370,173409,
173414,173419,173421,173445,173454,173473,173475,173509,
173513,173518,173536,173545,173558,173570,173587,173592,
173602,173640,173651,173694,173756,173757,173769,173789,
173791,173803,173835,173885,173891,173906,173910,173923,
173925,173928,173965,173978,174022,174072,174096,174107,
174116,174117,174127,174136,174151,174178,174182,174210,
174216,174222,174232,174263,174264,174278,174286,174287,
174288,174308,174309,174320,174392,174431,174440,174460,
174463,174466,174481,174486,174490,174511,174531,174533,
174556,174558,174573,174584,174688,174692,174707,174711,
174714,174715,174717,174720,174726,174750,174779,174783,
174791,174805,174826,174840,174850,174869,174901,174914,
174959,174966,174969,174973,174974,174991,175002,175045,
175054,175062,175079,175095,175116,175134,175144,175145,
175165,175171,175204,175214,175226,175240,175242,175259,
175275,175311,175333,175342,175359,175380,175396,175397,
175415,175430,175434,175444,175473,175479,175483,175484,
175490,175509,175511,175539,175548,175597,175626,175632,
175643,175661,175676,175677,175707,175715,175752,175763,
175795,175812,175852,175905,175907,175916,175930,176003,
176016,176021,176022,176046,176053,176069,176072,176078,
176079,176102,176118,176129,176132,176203,176218,176262,
176278,176296,176318,176319,176328,176364,176366,176370,
176381,176396,176418,176420,176428,176472,176473,176490,
176501,176503,176506,176519,176523,176545,176561,176575,
176582,176590,176601,176602,176628,176631,176653,176654,
176665,176674,176683,176708,176737,176747,176751,176766,
176770,176825,176878,176892,176894,176895,176925,176948,
176950,177018,177072,177097,177112,177120,177121,177144,
177155,177169,177199,177212,177213,177238,177242,177248,
177256,177270,177284,177306,177315,177357,177366,177381,
177382,177392,177396,177404,177410,177422,177424,177430,
177441,177448,177454,177458,177464,177469,177485,177492,
177531,177538,177548,177567,177588,177603,177616,177617,
177622,177625,177626,177630,177637,177645,177654,177680,
177696,177757,177761,177768,177781,177784,177840,177845,
177856,177864,177925,177930,177940,177945,177953,177960,
177991,178000,178005,178007,178019,178027,178057,178072,
178095,178100,178116,178127,178142,178186,178199,178213,
178241,178271,178319,178324,178334,178341,178367,178417,
178435,178449,178450,178453,178457,178465,178473,178490,
178492,178496,178515,178519,178520,178538,178553,178560,
178567,178569,178572,178580,178586,178629,178631,178648,
178649,178654,178678,178687,178713,178721,178730,178774,
178783,178790,178798,178817,178828,178830,178932,178942,
178969,178987,179000,179009,179015,179019,179045,179088,
179090,179095,179114,179122,179141,179163,179177,179238,
179259,179263,179272,179275,179286,179289,179293,179322,
179356,179359,179378,179379,179389,179406,179416,179488,
179491,179503,179504,179505,179514,179518,179547,179555,
179556,179585,179599,179602,179605,179630,179650,179653,
179681,179682,179702,179710,179734,179746,179756,179772,
179779,179783,179817,179875,179880,179888,179892,179905,
179920,179935,179961,179978,179991,180007,180012,180014,
180015,180050,180057,180081,180087,180109,180180,180217,
180232,180239,180247,180262,180299,180302,180332,180335,
180347,180358,180376,180380,180384,180385,180405,180408,
180428,180456,180464,180484,180505,180510,180540,180551,
180553,180623,180660,180661,180680,180713,180723,180728,
180741,180744,180750,180757,180773,180775,180788,180811,
180819,180839,180841,180870,180872,180915,180919,180924,
180927,180929,180937,180940,180948,180959,180975,180999,
181018,181019,181022,181025,181077,181078,181083,181121,
181137,181174,181175,181186,181222,181225,181230,181247,
181258,181263,181269,181275,181279,181322,181352,181360,
181374,181383,181387,181424,181452,181465,181486,181489,
181525,181587,181605,181653,181680,181685,181690,181734,
181749,181810,181885,181893,181898,181904,181906,181923,
181926,181955,181962,181974,181997,182002,182005,182053,
182054,182070,182089,182096,182098,182144,182174,182206,
182221,182251,182252,182257,182268,182276,182294,182313,
182319,182391,182413,182427,182444,182452,182454,182457,
182465,182477,182511,182534,182573,182594,182597,182600,
182654,182659,182664,182675,182688,182689,182695,182708,
182730,182734,182738,182743,182770,182781,182789,182814,
182821,182832,182846,182851,182932,182946,182953,182961,
182978,182981,182990,183008,183011,183022,183036,183069,
183076,183077,183080,183123,183133,183157,183162,183174,
183176,183179,183181,183184,183185,183190,183191,183193,
183237,183242,183258,183268,183269,183273,183321,183340,
183344,183348,183379,183398,183440,183464,183471,183474,
183487,183498,183523,183525,183548,183552,183575,183601,
183608,183615,183623,183624,183627,183641,183651,183655,
183679,183687,183689,183700,183702,183744,183750,183760,
183774,183778,183796,183810,183822,183839,183847,183855,
183862,183874,183876,183879,183908,183932,183946,183969,
183993,184033,184038,184056,184061,184069,184086,184101,
184105,184116,184155,184157,184172,184177,184190,184222,
184257,184292,184302,184307,184323,184332,184344,184357,
184388,184403,184441,184445,184474,184492,184501,184518,
184558,184569,184577,184602,184619,184628,184655,184656,
184660,184666,184683,184685,184686,184687,184689,184799,
184826,184830,184848,184878,184903,184932,184937,184952,
184966,184973,184977,184988,185009,185026,185052,185056,
185115,185119,185147,185155,185168,185188,185196,185256,
185283,185301,185317,185319,185325,185371,185372,185389,
185416,185426,185428,185462,185464,185485,185492,185514,
185517,185519,185540,185541,185558,185584,185603,185606,
185610,185611,185613,185617,185659,185663,185668,185705,
185724,185750,185752,185777,185788,185789,185864,185967,
185968,185985,186004,186019,186025,186060,186064,186070,
186071,186083,186114,186129,186130,186180,186209,186214,
186226,186311,186324,186344,186356,186358,186379,186383,
186398,186434,186450,186467,186477,186482,186485,186503,
186511,186524,186556,186557,186558,186566,186589,186594,
186596,186608,186619,186630,186673,186690,186712,186729,
186750,186779,186793,186810,186824,186858,186887,186895,
186896,186899,186916,186917,186932,186946,186966,186973,
187003,187018,187019,187021,187068,187082,187128,187143,
187151,187182,187212,187248,187265,187275,187288,187291,
187296,187304,187309,187316,187328,187392,187432,187433,
187442,187449,187455,187479,187488,187516,187517,187527,
187533,187536,187555,187560,187567,187568,187571,187612,
187613,187657,187662,187680,187687,187724,187766,187790,
187797,187813,187827,187829,187853,187856,187864,187871,
187878,187890,187944,187980,187998,187999,188002,188045,
188053,188056,188066,188071,188090,188092,188146,188150,
188206,188220,188254,188274,188299,188303,188316,188329,
188332,188349,188361,188377,188396,188411,188420,188422,
188423,188425,188432,188435,188462,188466,188468,188497,
188498,188502,188517,188538,188553,188577,188586,188591,
188600,188613,188622,188656,188665,188674,188683,188686,
188705,188723,188729,188753,188759,188762,188774,188782,
188827,188860,188877,188894,188901,188973,188980,188984,
189044,189046,189090,189101,189131,189136,189142,189166,
189173,189270,189276,189277,189280,189383,189408,189459,
189464,189539,189547,189548,189576,189587,189592,189613,
189618,189630,189654,189670,189704,189710,189711,189731,
189734,189739,189748,189775,189797,189817,189818,189828,
189841,189843,189847,189859,189861,189888,189910,189932,
189945,189946,189949,189957,189965,189970,189977,189987,
189995,189998,190012,190013,190034,190085,190091,190101,
190117,190142,190158,190177,190184,190185,190204,190207,
190239,190244,190247,190258,190272,190276,190293,190294,
190298,190319,190320,190333,190342,190367,190376,190405,
190407,190421,190435,190455,190502,190503,190516,190537,
190552,190556,190570,190594,190595,190601,190610,190620,
190639,190679,190717,190741,190755,190775,190800,190824,
190917,190982,190986,190991,190999,191001,191004,191007,
191023,191041,191064,191082,191102,191111,191112,191155,
191156,191160,191163,191167,191188,191203,191243,191284,
191298,191329,191352,191354,191355,191356,191360,191389,
191390,191392,191397,191438,191449,191451,191513,191551,
191587,191600,191647,191661,191700,191711,191716,191717,
191721,191740,191755,191762,191782,191786,191827,191842,
191875,191923,191925,191928,192000,192001,192055,192076,
192078,192088,192105,192133,192141,192175,192176,192181,
192217,192218,192220,192249,192252,192254,192256,192257,
192274,192278,192289,192294,192297,192304,192313,192314,
192348,192351,192354,192377,192412,192456,192477,192479,
192481,192487,192494,192506,192508,192533,192549,192571,
192577,192586,192591,192608,192633,192640,192650,192668,
192684,192728,192797,192798,192806,192807,192809,192828,
192865,192892,192955,192969,192992,192994,193000,193025,
193033,193039,193084,193140,193153,193156,193166,193180,
193210,193230,193253,193264,193286,193311,193336,193356,
193361,193375,193412,193418,193423,193446,193449,193523,
193537,193552,193576,193581,193622,193625,193650,193723,
193725,193783,193801,193809,193811,193846,193900,193907,
193909,193944,193982,194035,194041,194048,194049,194054,
194056,194079,194081,194091,194096,194117,194123,194124,
194153,194166,194168,194172,194222,194225,194285,194368,
194375,194381,194383,194398,194416,194417,194427,194491,
194507,194525,194533,194571,194575,194588,194591,194593,
194627,194633,194665,194672,194734,194746,194752,194758,
194765,194768,194771,194776,194779,194789,194790,194822,
194836,194858,194884,194885,194888,194889,194890,194891,
194895,194913,194923,194925,194927,194949,194956,194990,
195007,195015,195038,195063,195083,195107,195119,195126,
195140,195160,195166,195169,195189,195193,195195,195197,
195205,195225,195242,195244,195249,195257,195292,195295,
195308,195310,195320,195383,195388,195413,195456,195466,
195505,195561,195584,195616,195630,195685,195689,195732,
195802,195813,195815,195832,195839,195840,195861,195864,
195872,195947,195958,195986,195996,196027,196031,196046,
196054,196112,196116,196123,196125,196129,196135,196142,
196145,196165,196176,196191,196241,196273,196294,196326,
196347,196391,196408,196420,196426,196451,196455,196469,
196479,196486,196493,196495,196499,196559,196561,196571,
196593,196648,196653,196659,196692,196698,196714,196719,
196731,196750,196753,196760,196765,196783,196788,196794,
196802,196830,196875,196891,196963,197005,197013,197036,
197077,197078,197083,197127,197146,197153,197156,197170,
197199,197219,197222,197229,197252,197262,197299,197301,
197313,197317,197335,197354,197367,197368,197375,197382,
197432,197435,197436,197469,197520,197527,197562,197568,
197574,197577,197595,197664,197685,197687,197690,197693,
197695,197703,197715,197731,197762,197769,197775,197788,
197809,197833,197852,197862,197908,197927,197949,197958,
197990,198019,198021,198041,198070,198107,198133,198166,
198175,198182,198207,198213,198219,198236,198238,198242,
198273,198283,198284,198304,198317,198351,198359,198405,
198409,198425,198436,198441,198460,198465,198479,198489,
198492,198513,198534,198552,198557,198575,198588,198663,
198671,198674,198685,198700,198752,198762,198775,198795,
198797,198810,198838,198848,198849,198892,198905,198941,
198943,198979,199034,199062,199073,199087,199122,199131,
199133,199156,199192,199230,199247,199265,199278,199286,
199289,199315,199322,199341,199362,199376,199383,199407,
199412,199416,199418,199428,199436,199446,199448,199461,
199522,199550,199569,199574,199575,199577,199599,199600,
199606,199610,199616,199621,199629,199641,199677,199691,
199717,199729,199776,199787,199805,199829,199845,199847,
199848,199857,199878,199887,199907,199915,199920,199929,
199949,199963,199971,199973,199979,199987,199989,199994,
200002,200010,200013,200021,200031,200055,200065,200133,
200154,200156,200171,200200,200263,200271,200300,200311,
200316,200321,200350,200355,200364,200372,200405,200406,
200407,200432,200448,200450,200452,200464,200474,200476,
200479,200489,200490,200494,200545,200555,200568,200582,
200585,200587,200591,200611,200638,200641,200651,200653,
200666,200678,200679,200681,200728,200751,200763,200796,
200819,200820,200837,200844,200863,200868,200875,200878,
200893,200906,200914,200933,200951,200969,200980,201020,
201028,201042,201063,201069,201087,201093,201147,201151,
201153,201217,201246,201276,201286,201294,201327,201338,
201354,201380,201381,201388,201407,201422,201458,201464,
201471,201531,201534,201552,201571,201574,201595,201598,
201616,201642,201677,201679,201697,201701,201705,201708,
201727,201737,201746,201747,201771,201777,201790,201818,
201824,201829,201833,201837,201865,201881,201918,201929,
201943,201950,201951,201972,201977,201994,202008,202015,
202018,202037,202038,202056,202059,202096,202099,202112,
202117,202122,202129,202136,202190,202191,202207,202237,
202252,202256,202271,202283,202308,202335,202357,202379,
202384,202393,202399,202402,202403,202410,202414,202425,
202440,202441,202444,202445,202464,202484,202500,202505,
202512,202523,202543,202564,202583,202595,202609,202617,
202638,202656,202658,202659,202670,202697,202710,202728,
202731,202809,202818,202828,202849,202872,202874,202884,
202890,202893,202926,202931,202949,202958,202983,203000,
203001,203033,203039,203041,203048,203060,203075,203076,
203077,203096,203103,203148,203194,203229,203230,203330,
203394,203396,203403,203429,203478,203480,203489,203497,
203523,203554,203556,203571,203586,203604,203605,203638,
203651,203655,203664,203679,203739,203743,203809,203854,
203855,203856,203888,203893,203912,203913,203938,203952,
203964,203965,203974,203976,203992,203999,204005,204042,
204071,204075,204089,204110,204118,204123,204130,204150,
204162,204182,204198,204213,204221,204232,204280,204291,
204294,204320,204341,204347,204350,204387,204396,204427,
204428,204457,204459,204461,204474,204494,204508,204514,
204525,204536,204544,204573,204581,204584,204587,204597,
204603,204606,204624,204637,204651,204652,204666,204672,
204684,204700,204710,204746,204800,204811,204829,204840,
204863,204864,204865,204876,204909,204912,204915,204928,
204956,204958,204966,204969,204978,204995,205009,205049,
205099,205107,205153,205174,205217,205240,205279,205286,
205308,205318,205329,205339,205368,205373,205385,205391,
205400,205406,205407,205413,205444,205448,205482,205483,
205497,205498,205519,205521,205544,205577,205580,205616,
205645,205661,205664,205679,205691,205747,205749,205759,
205762,205766,205771,205772,205774,205784,205785,205790,
205801,205808,205835,205854,205884,205902,205952,205971,
205977,205984,205986,206033,206051,206055,206070,206108,
206135,206162,206178,206193,206201,206238,206261,206265,
206279,206301,206313,206314,206326,206333,206344,206350,
206374,206394,206421,206483,206485,206495,206499,206500,
206505,206511,206517,206519,206539,206542,206616,206622,
206623,206633,206634,206652,206654,206701,206752,206767,
206793,206830,206833,206834,206839,206847,206863,206864,
206865,206866,206908,206917,206925,206934,206938,206956,
206975,206979,206985,207001,207046,207059,207072,207076,
207083,207095,207106,207157,207189,207209,207219,207222,
207249,207279,207307,207317,207320,207329,207337,207342,
207362,207363,207375,207378,207380,207389,207394,207409,
207422,207444,207449,207484,207570,207576,207584,207649,
207667,207685,207690,207702,207712,207713,207736,207743,
207760,207771,207802,207805,207840,207853,207863,207870,
207871,207895,207896,207915,207935,207947,207988,208001,
208003,208011,208023,208026,208047,208072,208107,208115,
208119,208127,208142,208180,208199,208257,208259,208269,
208302,208306,208312,208313,208329,208364,208365,208367,
208368,208376,208400,208402,208404,208408,208417,208435,
208458,208467,208472,208474,208482,208508,208510,208545,
208575,208589,208590,208594,208600,208602,208607,208610,
208615,208627,208651,208658,208681,208689,208709,208725,
208742,208768,208789,208793,208805,208812,208822,208829,
208889,208893,208917,208925,208927,208950,208973,208977,
208979,208986,209028,209036,209057,209060,209073,209128,
209130,209170,209177,209199,209202,209214,209227,209244,
209273,209292,209300,209306,209308,209334,209338,209340,
209342,209387,209407,209408,209421,209486,209495,209496,
209504,209514,209516,209521,209583,209585,209596,209601,
209611,209635,209661,209663,209668,209672,209679,209687,
209691,209694,209714,209729,209762,209813,209817,209837,
209838,209859,209861,209881,209891,209892,209903,209921,
209979,209983,209985,209987,210004,210010,210018,210019,
210087,210112,210119,210145,210193,210197,210202,210205,
210219,210245,210252,210259,210271,210277,210302,210305,
210362,210367,210377,210378,210385,210410,210438,210472,
210502,210503,210516,210548,210574,210606,210623,210628,
210665,210704,210736,210751,210777,210781,210788,210800,
210813,210818,210861,210867,210883,210889,210891,210897,
210928,210930,210941,210983,210999,211005,211020,211046,
211047,211054,211062,211116,211117,211148,211174,211220,
211229,211237,211264,211280,211305,211315,211319,211325,
211350,211388,211412,211428,211429,211434,211439,211441,
211442,211458,211460,211464,211475,211501,211506,211517,
211526,211533,211536,211564,211569,211581,211618,211638,
211670,211692,211705,211728,211740,211804,211843,211854,
211859,211891,211892,211896,211906,211908,211948,211959,
211966,211968,211979,211980,211984,211990,211996,212015,
212033,212058,212080,212096,212109,212114,212116,212130,
212165,212181,212187,212230,212237,212252,212257,212269,
212276,212288,212325,212370,212397,212423,212424,212429,
212501,212505,212535,212553,212567,212584,212586,212596,
212597,212599,212602,212620,212621,212645,212648,212651,
212661,212711,212720,212729,212751,212779,212784,212817,
212828,212839,212848,212850,212872,212893,212903,212914,
212944,212952,212958,212963,213000,213002,213036,213062,
213097,213114,213133,213137,213140,213211,213215,213223,
213296,213306,213319,213348,213391,213394,213403,213412,
213448,213480,213513,213519,213546,213552,213567,213569,
213577,213578,213581,213582,213583,213611,213612,213629,
213652,213674,213691,213710,213722,213763,213768,213786,
213827,213842,213851,213869,213877,213884,213905,213910,
213918,213931,213948,213952,213965,214015,214050,214079,
214084,214109,214124,214134,214143,214184,214187,214220,
214239,214243,214249,214250,214251,214256,214261,214271,
214275,214291,214304,214306,214359,214370,214378,214409,
214412,214414,214417,214498,214516,214593,214611,214641,
214662,214680,214697,214707,214715,214753,214758,214769,
214789,214790,214797,214817,214827,214856,214880,214883,
214892,214911,214929,214940,214950,214961,214987,214994,
215019,215043,215045,215072,215089,215177,215215,215251,
215261,215264,215274,215280,215291,215303,215321,215326,
215343,215353,215395,215409,215413,215423,215425,215451,
215467,215474,215489,215498,215504,215505,215510,215521,
215576,215585,215617,215627,215633,215635,215638,215651,
215680,215726,215732,215738,215746,215749,215750,215758,
215781,215803,215846,215863,215866,215867,215881,215888,
215917,215943,215947,215979,216027,216033,216060,216078,
216080,216082,216083,216086,216102,216118,216149,216156,
216173,216176,216177,216180,216182,216211,216215,216224,
216235,216256,216292,216305,216311,216395,216398,216413,
216431,216432,216471,216496,216535,216552,216559,216628,
216629,216631,216648,216654,216658,216663,216677,216684,
216716,216748,216767,216807,216836,216848,216857,216859,
216876,216881,216886,216891,216901,216911,216930,216931,
216955,216974,216989,217052,217075,217079,217091,217103,
217104,217114,217119,217161,217169,217171,217184,217187,
217198,217211,217220,217225,217236,217257,217258,217289,
217303,217311,217345,217349,217370,217442,217454,217511,
217520,217553,217556,217557,217572,217578,217583,217590,
217597,217613,217615,217624,217643,217673,217694,217701,
217728,217742,217764,217767,217768,217772,217781,217792,
217821,217846,217849,217856,217868,217869,217931,217934,
217950,217971,217981,217986,218012,218057,218070,218071,
218097,218135,218146,218156,218159,218163,218180,218214,
218221,218238,218243,218258,218301,218336,218384,218452,
218455,218470,218472,218485,218490,218493,218495,218500,
218518,218520,218542,218543,218562,218581,218585,218593,
218604,218605,218609