1,2,4,5,7,8,10,17,
19,20,21,22,26,30,32,34,
36,38,39,41,44,46,51,52,
53,55,57,58,59,62,63,64,
66,67,73,74,77,83,87,89,
92,93,96,100,119,121,125,126,
132,136,138,141,142,148,152,156,
157,159,160,161,164,170,172,189,
190,191,194,202,208,210,212,215,
218,220,225,231,233,235,248,249,
254,260,262,264,266,270,271,277,
278,280,282,289,293,294,297,298,
304,307,313,314,315,319,322,326,
329,330,333,337,340,341,347,351,
354,356,364,378,380,382,388,393,
394,396,397,399,403,405,415,419,
423,425,432,438,442,449,450,457,
458,459,462,467,468,473,474,483,
487,488,491,506,514,517,519,521,
523,527,530,541,554,556,558,565,
568,569,570,582,584,585,587,588,
590,592,599,603,606,607,618,625,
626,627,628,648,651,652,658,663,
668,674,679,680,683,690,691,694,
699,701,705,707,709,710,715,719,
724,730,732,735,737,739,742,745,
746,747,752,756,761,763,766,771,
774,775,776,781,788,794,797,799,
802,803,805,807,814,843,846,849,
850,854,858,859,860,862,863,864,
867,872,878,880,884,885,889,901,
908,917,918,924,925,934,935,937,
939,945,957,961,966,967,968,972,
976,983,987,989,990,996,997,998,
1004,1016,1027,1032,1037,1038,1040,1044,
1047,1051,1055,1060,1065,1066,1068,1069,
1074,1075,1076,1079,1081,1082,1084,1091,
1096,1105,1106,1107,1113,1115,1118,1127,
1131,1132,1135,1136,1141,1146,1147,1149,
1155,1156,1160,1161,1171,1174,1176,1181,
1189,1192,1194,1195,1201,1207,1218,1230,
1237,1241,1243,1245,1248,1252,1259,1263,
1271,1272,1275,1276,1277,1278,1281,1282,
1283,1284,1289,1297,1298,1302,1306,1311,
1313,1317,1321,1322,1323,1326,1328,1329,
1335,1337,1339,1340,1344,1345,1346,1349,
1352,1354,1355,1358,1359,1362,1364,1366,
1369,1370,1374,1375,1376,1377,1378,1380,
1382,1385,1387,1388,1389,1390,1391,1395,
1397,1399,1400,1402,1403,1405,1406,1407,
1410,1411,1413,1414,1415,1422,1423,1424,
1425,1427,1430,1431,1432,1434,1436,1439,
1440,1445,1450,1456,1457,1460,1461,1465,
1468,1471,1472,1473,1474,1475,1481,1482,
1483,1487,1491,1493,1495,1507,1512,1518,
1524,1527,1530,1532,1533,1535,1538,1540,
1547,1555,1584,1587,1588,1593,1595,1596,
1605,1610,1613,1615,1621,1626,1627,1632,
1634,1640,1643,1651,1658,1659,1665,1672,
1673,1678,1686,1692,1701,1703,1713,1719,
1733,1736,1737,1739,1744,1748,1750,1763,
1765,1768,1769,1776,1784,1791,1792,1805,
1811,1812,1817,1824,1828,1832,1853,1854,
1855,1858,1861,1864,1868,1870,1873,1881,
1889,1892,1893,1895,1896,1897,1898,1903,
1906,1911,1914,1916,1918,1922,1923,1931,
1932,1934,1941,1942,1945,1946,1948,1951,
1956,1957,1963,1964,1965,1967,1969,1972,
1978,1981,1987,1989,1992,2003,2004,2006,
2016,2019,2026,2029,2030,2031,2034,2036,
2038,2042,2048,2049,2052,2056,2060,2062,
2068,2071,2072,2073,2078,2080,2082,2084,
2088,2090,2093,2097,2107,2108,2115,2127,
2136,2138,2147,2152,2155,2156,2157,2160,
2164,2169,2173,2175,2181,2183,2188,2192,
2201,2208,2212,2221,2222,2223,2227,2236,
2239,2244,2247,2249,2254,2255,2256,2259,
2261,2265,2274,2275,2278,2281,2291,2294,
2295,2296,2297,2299,2300,2310,2324,2328,
2330,2332,2334,2342,2347,2350,2352,2355,
2359,2361,2366,2369,2377,2384,2389,2395,
2396,2397,2401,2410,2411,2424,2427,2430,
2438,2439,2443,2464,2468,2469,2472,2475,
2477,2482,2483,2486,2489,2490,2495,2497,
2499,2501,2512,2513,2516,2519,2522,2524,
2526,2527,2529,2531,2534,2536,2537,2538,
2539,2541,2542,2543,2545,2546,2548,2550,
2551,2552,2554,2555,2557,2559,2560,2569,
2571,2580,2588,2589,2595,2599,2602,2603,
2604,2608,2611,2613,2615,2619,2620,2622,
2625,2628,2634,2638,2640,2643,2646,2647,
2649,2656,2664,2666,2676,2677,2679,2680,
2685,2688,2689,2690,2693,2695,2696,2701,
2703,2707,2709,2711,2712,2713,2715,2720,
2723,2726,2728,2733,2734,2735,2737,2738,
2739,2746,2754,2756,2758,2762,2765,2766,
2771,2772,2775,2778,2780,2785,2786,2789,
2790,2798,2799,2802,2807,2808,2823,2824,
2826,2827,2832,2836,2852,2858,2861,2863,
2865,2866,2874,2880,2891,2892,2896,2899,
2901,2902,2906,2907,2909,2913,2918,2920,
2923,2926,2933,2934,2942,2943,2944,2952,
2956,2965,2967,2972,2977,2978,2979,2980,
2981,2982,2983,2984,2985,2986,2987,2988,
2989,2990,2991,2992,2994,2995,2996,2997,
2998,3000,3001,3002,3003,3006,3008,3009,
3010,3011,3012,3014,3019,3022,3023,3024,
3025,3028,3029,3030,3032,3033,3034,3044,
3052,3054,3055,3064,3065,3066,3068,3069,
3070,3074,3079,3081,3082,3084,3085,3087,
3088,3089,3090,3095,3096,3097,3099,3102,
3103,3105,3106,3109,3119,3134,3135,3141,
3145,3147,3149,3150,3152,3154,3155,3156,
3157,3160,3162,3163,3165,3166,3167,3170,
3172,3173,3175,3176,3181,3182,3183,3184,
3185,3189,3190,3191,3192,3193,3201,3204,
3205,3207,3210,3212,3214,3215,3216,3222,
3223,3227,3232,3237,3240,3243,3248,3249,
3261,3279,3281,3293,3295,3310,3313,3321,
3324,3325,3328,3331,3333,3338,3346,3357,
3358,3359,3364,3368,3369,3370,3371,3372,
3375,3376,3377,3379,3383,3392,3396,3402,
3405,3410,3411,3412,3414,3418,3421,3422,
3426,3427,3428,3429,3430,3431,3445,3448,
3451,3454,3462,3468,3470,3473,3476,3477,
3479,3484,3487,3489,3503,3504,3507,3512,
3513,3514,3516,3517,3520,3528,3529,3530,
3532,3533,3535,3536,3537,3539,3546,3547,
3551,3552,3554,3555,3572,3575,3581,3583,
3584,3588,3594,3598,3600,3602,3605,3606,
3608,3613,3615,3616,3617,3623,3626,3629,
3630,3631,3632,3634,3635,3639,3640,3642,
3643,3645,3647,3648,3650,3651,3653,3654,
3655,3656,3658,3659,3660,3663,3664,3665,
3666,3669,3671,3672,3673,3674,3676,3677,
3679,3683,3687,3689,3690,3693,3696,3703,
3710,3711,3712,3713,3714,3722,3727,3728,
3732,3746,3765,3766,3767,3771,3788,3798,
3815,3818,3822,3825,3826,3827,3833,3834,
3843,3848,3851,3855,3858,3859,3865,3870,
3874,3877,3878,3879,3883,3888,3894,3898,
3902,3921,3923,3925,3926,3928,3930,3933,
3934,3936,3941,3942,3943,3944,3947,3953,
3962,3963,3964,3968,3973,3974,3983,3987,
3990,3992,3993,3995,3999,4004,4006,4007,
4015,4016,4017,4032,4033,4034,4036,4037,
4040,4048,4057,4058,4062,4063,4064,4067,
4068,4085,4091,4092,4093,4094,4095,4097,
4102,4111,4113,4114,4115,4120,4122,4131,
4132,4133,4135,4137,4139,4141,4143,4144,
4146,4148,4149,4151,4152,4153,4154,4155,
4160,4161,4162,4164,4166,4168,4169,4171,
4173,4174,4175,4176,4180,4181,4182,4190,
4191,4192,4195,4198,4201,4205,4206,4207,
4214,4215,4217,4218,4219,4221,4223,4227,
4229,4230,4233,4235,4236,4237,4241,4244,
4248,4249,4255,4257,4261,4262,4273,4275,
4276,4277,4286,4290,4292,4332,4333,4334,
4336,4337,4338,4343,4344,4345,4349,4354,
4358,4359,4361,4362,4363,4364,4370,4374,
4375,4376,4384,4385,4386,4387,4388,4390,
4393,4397,4411,4414,4416,4417,4418,4421,
4422,4423,4424,4425,4427,4430,4431,4432,
4433,4434,4435,4436,4437,4440,4442,4443,
4444,4445,4446,4458,4496,4499,4500,4504,
4518,4520,4521,4526,4530,4532,4533,4534,
4535,4536,4538,4541,4543,4545,4546,4547,
4558,4559,4563,4564,4565,4568,4570,4573,
4577,4578,4580,4582,4591,4594,4596,4597,
4599,4606,4607,4608,4609,4612,4613,4614,
4616,4622,4627,4628,4636,4660,4671,4677,
4679,4685,4691,4692,4694,4695,4699,4706,
4713,4716,4718,4727,4732,4733,4742,4748,
4750,4754,4758,4760,4761,4762,4766,4767,
4769,4773,4774,4775,4777,4779,4781,4782,
4783,4787,4791,4792,4795,4800,4802,4806,
4807,4816,4829,4839,4844,4851,4859,4861,
4865,4871,4872,4875,4877,4878,4882,4884,
4885,4886,4888,4889,4891,4894,4895,4900,
4905,4906,4910,4911,4912,4913,4919,4927,
4932,4933,4935,4937,4942,4943,4944,4946,
4949,4950,4955,4956,4967,4975,4977,4984,
4996,5017,5018,5019,5024,5035,5051,5052,
5054,5056,5058,5059,5072,5082,5084,5089,
5093,5101,5102,5103,5109,5111,5117,5119,
5123,5124,5143,5148,5151,5157,5168,5174,
5176,5178,5179,5184,5201,5206,5209,5212,
5213,5214,5215,5231,5234,5244,5247,5250,
5254,5265,5266,5267,5280,5288,5295,5302,
5305,5311,5331,5341,5342,5343,5345,5352,
5354,5355,5356,5359,5363,5365,5366,5368,
5369,5370,5371,5373,5379,5380,5381,5385,
5386,5387,5389,5391,5393,5394,5396,5397,
5398,5400,5406,5408,5409,5410,5411,5413,
5414,5415,5416,5420,5423,5424,5425,5426,
5427,5428,5431,5432,5433,5434,5436,5444,
5448,5449,5451,5458,5462,5464,5467,5472,
5479,5480,5488,5490,5496,5508,5516,5523,
5527,5532,5535,5543,5550,5553,5554,5555,
5557,5558,5559,5561,5567,5570,5571,5574,
5594,5608,5611,5613,5622,5624,5628,5629,
5630,5631,5647,5678,5681,5682,5692,5693,
5694,5695,5702,5705,5709,5710,5714,5715,
5722,5723,5725,5730,5731,5733,5734,5739,
5744,5745,5746,5748,5764,5765,5772,5776,
5785,5798,5801,5808,5811,5818,5831,5840,
5843,5856,5865,5869,5874,5876,5881,5885,
5894,5897,5918,5921,5936,5941,5944,5962,
5968,5969,5971,5982,5984,5991,5992,5999,
6009,6010,6014,6015,6017,6020,6028,6044,
6046,6047,6053,6059,6065,6067,6068,6071,
6072,6075,6080,6084,6086,6088,6089,6090,
6091,6093,6094,6096,6099,6103,6104,6107,
6110,6114,6115,6119,6122,6131,6133,6138,
6147,6148,6150,6151,6153,6155,6159,6163,
6164,6174,6176,6177,6180,6183,6189,6191,
6193,6194,6196,6197,6198,6199,6204,6206,
6207,6215,6219,6223,6228,6237,6250,6256,
6257,6258,6270,6271,6275,6278,6285,6299,
6302,6329,6335,6341,6342,6346,6348,6353,
6357,6360,6372,6386,6387,6393,6422,6424,
6430,6438,6439,6441,6442,6443,6449,6455,
6460,6461,6462,6466,6468,6471,6477,6478,
6482,6483,6484,6486,6487,6489,6491,6492,
6494,6500,6503,6504,6506,6509,6510,6515,
6518,6527,6528,6533,6534,6537,6538,6539,
6540,6552,6557,6561,6562,6574,6577,6579,
6588,6590,6592,6600,6607,6610,6614,6615,
6616,6617,6618,6619,6627,6628,6632,6636,
6637,6639,6647,6662,6664,6670,6671,6672,
6673,6676,6678,6679,6681,6682,6683,6686,
6687,6688,6689,6690,6691,6694,6696,6698,
6704,6708,6714,6715,6719,6723,6726,6732,
6733,6741,6742,6744,6747,6749,6757,6759,
6762,6767,6768,6770,6771,6773,6774,6775,
6776,6777,6778,6779,6785,6786,6790,6794,
6796,6798,6801,6802,6803,6804,6805,6807,
6808,6809,6811,6812,6816,6818,6819,6820,
6821,6828,6829,6833,6834,6835,6836,6838,
6839,6842,6843,6845,6846,6851,6855,6857,
6866,6868,6870,6872,6874,6884,6893,6901,
6906,6910,6917,6924,6925,6926,6927,6931,
6933,6935,6936,6937,6938,6939,6943,6944,
6945,6946,6948,6949,6951,6952,6953,6954,
6955,6956,6958,6959,6962,6968,6969,6974,
6977,6978,6979,6980,6983,6986,6987,6988,
6989,6993,6995,6996,7005,7011,7014,7021,
7029,7032,7034,7035,7038,7039,7040,7041,
7042,7044,7045,7047,7048,7050,7052,7053,
7054,7056,7065,7069,7086,7087,7090,7093,
7096,7100,7101,7102,7107,7108,7109,7110,
7112,7115,7117,7122,7128,7130,7131,7133,
7135,7136,7137,7138,7139,7140,7149,7179,
7183,7187,7191,7196,7204,7216,7217,7218,
7231,7233,7234,7236,7239,7251,7252,7255,
7260,7269,7283,7284,7289,7290,7292,7293,
7294,7309,7311,7314,7316,7319,7322,7325,
7330,7333,7334,7338,7343,7345,7347,7348,
7349,7351,7352,7354,7355,7358,7359,7360,
7368,7371,7372,7373,7378,7380,7381,7383,
7385,7386,7387,7396,7400,7407,7410,7421,
7426,7431,7441,7444,7446,7447,7450,7452,
7453,7454,7455,7456,7457,7458,7459,7460,
7461,7462,7463,7464,7469,7470,7471,7472,
7473,7475,7476,7477,7478,7479,7481,7482,
7484,7485,7486,7488,7490,7491,7492,7496,
7497,7501,7502,7503,7505,7506,7507,7509,
7510,7511,7512,7513,7514,7518,7519,7524,
7525,7527,7528,7529,7531,7534,7535,7538,
7540,7541,7542,7543,7544,7545,7553,7556,
7562,7567,7569,7579,7580,7604,7611,7618,
7639,7640,7661,7665,7671,7683,7700,7702,
7705,7707,7718,7723,7733,7743,7751,7753,
7789,7798,7805,7818,7821,7827,7843,7870,
7874,7875,7878,7883,7885,7896,7902,7904,
7919,7920,7923,7926,7933,7934,7939,7954,
7955,7959,7962,7964,7968,7972,7981,7982,
7983,7984,7986,7987,7989,7999,8003,8010,
8013,8019,8025,8027,8029,8031,8045,8046,
8047,8052,8064,8065,8066,8075,8082,8090,
8091,8094,8095,8096,8098,8099,8102,8104,
8105,8110,8114,8115,8117,8121,8122,8123,
8124,8128,8130,8131,8132,8134,8135,8136,
8139,8140,8141,8143,8144,8145,8147,8150,
8151,8152,8154,8156,8157,8158,8161,8162,
8163,8164,8165,8166,8169,8171,8173,8176,
8177,8178,8179,8182,8184,8186,8187,8189,
8190,8191,8192,8193,8196,8197,8198,8200,
8202,8203,8204,8226,8230,8234,8235,8237,
8238,8240,8242,8245,8246,8250,8252,8254,
8255,8256,8257,8258,8259,8260,8263,8265,
8268,8269,8270,8272,8275,8276,8278,8279,
8280,8281,8282,8283,8284,8285,8286,8287,
8288,8289,8290,8292,8293,8300,8301,8303,
8312,8313,8321,8324,8325,8329,8333,8335,
8336,8338,8339,8341,8346,8347,8348,8349,
8354,8355,8356,8366,8380,8381,8382,8388,
8404,8405,8406,8408,8410,8414,8416,8421,
8427,8432,8434,8439,8441,8443,8444,8450,
8451,8456,8457,8468,8480,8486,8489,8491,
8492,8493,8494,8496,8497,8498,8501,8503,
8504,8506,8510,8511,8518,8520,8524,8530,
8531,8535,8541,8542,8555,8572,8576,8579,
8584,8585,8587,8595,8596,8601,8603,8605,
8607,8608,8609,8618,8619,8620,8625,8631,
8632,8633,8634,8636,8637,8638,8640,8642,
8643,8644,8647,8648,8649,8650,8653,8654,
8655,8656,8657,8659,8660,8661,8662,8663,
8664,8666,8667,8668,8669,8673,8674,8675,
8679,8683,8686,8687,8690,8691,8693,8698,
8709,8716,8717,8719,8723,8725,8749,8754,
8766,8775,8776,8782,8786,8791,8792,8796,
8801,8808,8809,8810,8812,8817,8819,8822,
8823,8824,8825,8826,8829,8830,8831,8832,
8836,8837,8838,8839,8842,8843,8844,8846,
8849,8855,8856,8857,8858,8859,8860,8866,
8867,8868,8869,8870,8872,8879,8881,8884,
8885,8891,8892,8902,8903,8904,8908,8911,
8916,8922,8925,8929,8930,8935,8936,8941,
8942,8943,8957,8970,8972,8974,8979,8982,
8984,8985,8995,9002,9014,9017,9019,9029,
9036,9037,9038,9040,9042,9045,9050,9054,
9070,9073,9080,9083,9088,9089,9094,9098,
9099,9101,9102,9104,9105,9106,9124,9125,
9130,9132,9137,9138,9140,9141,9145,9147,
9149,9156,9157,9166,9167,9168,9183,9189,
9190,9197,9198,9207,9215,9228,9249,9250,
9255,9261,9267,9274,9285,9286,9289,9290,
9293,9295,9297,9298,9300,9304,9305,9309,
9316,9317,9318,9327,9330,9333,9338,9340,
9341,9343,9344,9345,9347,9348,9349,9351,
9352,9354,9357,9358,9359,9360,9361,9367,
9368,9373,9378,9379,9381,9382,9383,9386,
9387,9389,9390,9395,9399,9400,9401,9405,
9414,9418,9421,9422,9425,9427,9429,9437,
9450,9459,9466,9471,9472,9474,9475,9476,
9478,9481,9482,9483,9486,9487,9499,9500,
9501,9503,9504,9506,9508,9509,9510,9514,
9515,9521,9522,9524,9542,9543,9548,9569,
9577,9578,9580,9584,9591,9598,9600,9601,
9606,9607,9608,9613,9619,9625,9628,9630,
9631,9632,9633,9635,9641,9642,9644,9647,
9663,9665,9667,9686,9694,9695,9701,9702,
9703,9711,9713,9723,9724,9725,9734,9736,
9737,9739,9749,9755,9762,9763,9779,9791,
9800,9801,9802,9803,9811,9814,9816,9817,
9818,9820,9821,9822,9824,9825,9826,9827,
9828,9829,9830,9831,9833,9835,9836,9837,
9838,9839,9840,9842,9843,9844,9845,9846,
9850,9852,9858,9864,9873,9875,9876,9879,
9881,9883,9885,9886,9887,9888,9889,9891,
9892,9894,9895,9896,9900,9901,9902,9905,
9906,9908,9912,9918,9922,9923,9924,9925,
9928,9930,9931,9936,9937,9938,9939,9940,
9941,9943,9955,9957,9959,9964,9966,9972,
9977,9987,9989,9992,9996,9997,10001,10003,
10011,10012,10013,10016,10017,10024,10027,10031,
10036,10038,10039,10044,10046,10047,10050,10053,
10055,10056,10058,10059,10063,10064,10069,10070,
10071,10072,10073,10075,10077,10091,10099,10118,
10135,10136,10138,10142,10144,10157,10160,10172,
10175,10183,10184,10186,10187,10189,10192,10193,
10195,10199,10200,10204,10206,10208,10209,10216,
10217,10218,10219,10220,10221,10223,10224,10225,
10226,10228,10230,10231,10232,10236,10237,10240,
10243,10244,10245,10247,10248,10250,10252,10254,
10256,10263,10266,10271,10273,10276,10277,10278,
10298,10299,10301,10304,10324,10325,10327,10328,
10332,10334,10335,10338,10348,10349,10350,10351,
10352,10353,10354,10356,10368,10372,10378,10381,
10390,10394,10406,10418,10427,10428,10439,10440,
10441,10442,10443,10448,10452,10453,10455,10458,
10459,10460,10463,10465,10466,10467,10469,10470,
10471,10472,10474,10475,10476,10479,10482,10485,
10488,10490,10492,10493,10497,10499,10500,10502,
10503,10504,10506,10509,10511,10513,10514,10515,
10516,10526,10529,10530,10532,10536,10542,10552,
10555,10559,10564,10565,10566,10578,10580,10583,
10585,10588,10599,10604,10607,10614,10617,10619,
10620,10621,10628,10629,10632,10637,10646,10649,
10666,10668,10671,10673,10676,10679,10681,10683,
10686,10687,10688,10698,10710,10711,10715,10721,
10724,10731,10738,10743,10748,10759,10761,10766,
10769,10771,10777,10781,10782,10786,10787,10788,
10790,10795,10822,10851,10852,10855,10856,10858,
10859,10861,10862,10863,10866,10867,10868,10873,
10877,10878,10881,10882,10886,10887,10888,10889,
10894,10895,10896,10899,10900,10901,10902,10905,
10906,10907,10908,10909,10912,10913,10914,10915,
10916,10918,10919,10920,10921,10922,10925,10926,
10927,10930,10933,10934,10936,10937,10938,10939,
10941,10943,10944,10945,10946,10947,10948,10949,
10950,10951,10953,10954,10955,10970,10971,10972,
10973,10975,10982,10983,10989,11011,11026,11041,
11044,11052,11056,11057,11084,11092,11110,11116,
11130,11133,11136,11143,11152,11155,11158,11163,
11165,11167,11172,11173,11180,11181,11182,11190,
11191,11192,11194,11195,11196,11197,11198,11199,
11200,11201,11202,11203,11204,11205,11206,11207,
11208,11209,11210,11212,11213,11214,11215,11216,
11220,11246,11248,11253,11267,11272,11273,11276,
11282,11283,11284,11292,11294,11295,11296,11297,
11306,11307,11309,11313,11314,11323,11324,11329,
11331,11332,11334,11338,11343,11350,11351,11353,
11361,11368,11371,11372,11376,11377,11389,11397,
11405,11407,11414,11415,11416,11419,11431,11432,
11438,11440,11443,11446,11447,11448,11449,11451,
11452,11453,11454,11455,11456,11459,11476,11477,
11478,11486,11488,11501,11513,11515,11527,11540,
11550,11551,11553,11561,11574,11578,11580,11581,
11582,11583,11594,11598,11599,11600,11601,11602,
11604,11609,11610,11611,11612,11621,11622,11630,
11632,11633,11634,11635,11637,11640,11642,11655,
11660,11673,11677,11688,11689,11700,11724,11738,
11769,11772,11782,11785,11787,11796,11812,11814,
11840,11843,11850,11852,11855,11857,11860,11862,
11863,11864,11865,11869,11870,11871,11872,11875,
11877,11878,11879,11880,11881,11883,11885,11886,
11891,11899,11906,11913,11925,11926,11927,11931,
11934,11935,11936,11938,11939,11940,11942,11943,
11946,11947,11948,11949,11950,11951,11952,11953,
11954,11955,11956,11957,11960,11961,11963,11964,
11965,11966,11969,11970,11971,11973,11974,11984,
11985,11986,11989,11990,11992,11993,12001,12002,
12004,12006,12009,12012,12013,12014,12023,12027,
12028,12031,12046,12047,12048,12053,12057,12062,
12063,12070,12074,12075,12080,12083,12085,12091,
12094,12096,12097,12099,12101,12104,12105,12106,
12107,12109,12111,12112,12113,12115,12116,12117,
12120,12121,12122,12123,12129,12130,12148,12153,
12160,12162,12167,12173,12174,12184,12186,12187,
12193,12199,12201,12214,12217,12223,12224,12236,
12239,12247,12248,12255,12264,12271,12274,12275,
12276,12277,12278,12279,12287,12292,12301,12316,
12321,12323,12337,12338,12339,12342,12344,12346,
12349,12356,12358,12360,12361,12362,12363,12367,
12371,12373,12374,12376,12377,12379,12382,12384,
12385,12388,12390,12394,12403,12407,12408,12410,
12411,12423,12429,12438,12440,12451,12453,12455,
12456,12460,12461,12462,12465,12475,12476,12478,
12479,12480,12481,12482,12492,12495,12514,12515,
12517,12521,12531,12532,12533,12536,12538,12544,
12548,12561,12568,12572,12573,12578,12581,12588,
12593,12598,12605,12608,12615,12617,12619,12647,
12648,12652,12690,12692,12697,12701,12702,12704,
12706,12708,12710,12711,12726,12737,12740,12743,
12744,12745,12746,12758,12770,12771,12772,12774,
12775,12777,12778,12779,12781,12782,12789,12791,
12795,12797,12807,12812,12814,12819,12820,12821,
12822,12823,12826,12827,12830,12834,12852,12856,
12864,12876,12878,12880,12881,12884,12885,12886,
12889,12890,12892,12899,12925,12927,12928,12932,
12937,12938,12940,12948,12949,12951,12957,12965,
12968,12978,12986,12988,12990,12991,12993,13002,
13003,13006,13008,13013,13015,13018,13031,13036,
13039,13045,13048,13052,13055,13063,13066,13075,
13079,13083,13085,13089,13098,13105,13107,13120,
13134,13142,13144,13155,13156,13159,13162,13169,
13170,13179,13181,13182,13183,13184,13185,13186,
13187,13189,13191,13204,13205,13206,13213,13221,
13222,13223,13230,13231,13235,13236,13238,13239,
13242,13243,13244,13245,13250,13251,13253,13254,
13255,13258,13259,13260,13263,13267,13274,13283,
13289,13292,13301,13302,13308,13315,13317,13318,
13323,13326,13353,13354,13355,13357,13358,13359,
13364,13366,13370,13376,13378,13380,13381,13386,
13390,13419,13422,13425,13429,13433,13437,13438,
13443,13446,13448,13452,13455,13458,13460,13466,
13472,13474,13477,13493,13494,13502,13503,13508,
13511,13512,13522,13523,13526,13527,13529,13536,
13539,13540,13542,13543,13549,13572,13585,13588,
13590,13592,13594,13597,13598,13601,13602,13605,
13608,13611,13618,13627,13628,13632,13633,13635,
13636,13639,13641,13642,13643,13644,13649,13650,
13655,13657,13660,13667,13690,13693,13701,13713,
13732,13735,13738,13743,13752,13753,13766,13767,
13778,13790,13791,13797,13804,13805,13807,13811,
13812,13813,13815,13817,13820,13826,13827,13829,
13832,13836,13842,13844,13846,13851,13852,13853,
13857,13858,13859,13862,13863,13865,13870,13873,
13881,13882,13884,13885,13886,13889,13890,13891,
13892,13894,13896,13900,13901,13906,13907,13908,
13909,13912,13913,13915,13917,13918,13923,13924,
13925,13926,13927,13928,13929,13930,13934,13935,
13938,13940,13944,13954,13955,13961,13973,13989,
13991,13992,13999,14001,14005,14011,14019,14045,
14048,14051,14056,14058,14060,14062,14065,14068,
14069,14071,14072,14073,14074,14078,14082,14092,
14096,14102,14109,14122,14131,14132,14133,14134,
14135,14136,14137,14140,14143,14145,14146,14155,
14168,14185,14189,14190,14193,14196,14198,14199,
14200,14201,14202,14203,14206,14207,14208,14209,
14211,14215,14218,14219,14220,14221,14223,14225,
14227,14228,14229,14230,14231,14233,14234,14236,
14237,14238,14239,14242,14244,14245,14247,14248,
14249,14252,14253,14254,14255,14257,14258,14260,
14261,14262,14264,14267,14268,14269,14270,14271,
14272,14277,14278,14280,14281,14282,14283,14285,
14286,14289,14295,14296,14297,14298,14303,14330,
14332,14339,14340,14341,14347,14348,14355,14360,
14363,14364,14366,14371,14374,14375,14376,14377,
14378,14379,14381,14382,14383,14387,14390,14394,
14396,14398,14399,14400,14401,14402,14404,14405,
14406,14410,14411,14412,14413,14414,14415,14418,
14423,14425,14430,14431,14435,14442,14451,14456,
14465,14466,14475,14488,14496,14500,14501,14510,
14511,14514,14517,14526,14528,14532,14536,14545,
14546,14548,14549,14550,14551,14553,14554,14555,
14556,14557,14558,14561,14562,14563,14567,14568,
14569,14570,14571,14572,14588,14593,14594,14616,
14621,14629,14636,14641,14644,14649,14650,14663,
14673,14675,14676,14677,14678,14679,14680,14681,
14682,14683,14684,14685,14686,14687,14689,14690,
14691,14692,14693,14694,14695,14696,14697,14698,
14699,14700,14701,14702,14703,14704,14705,14706,
14707,14710,14712,14713,14714,14718,14721,14723,
14725,14726,14727,14729,14730,14731,14733,14734,
14736,14738,14740,14741,14742,14743,14744,14745,
14746,14747,14749,14750,14752,14753,14754,14755,
14756,14757,14761,14762,14763,14764,14765,14766,
14767,14769,14772,14775,14776,14777,14778,14779,
14780,14781,14786,14787,14790,14791,14798,14807,
14813,14819,14821,14826,14827,14828,14830,14831,
14838,14839,14843,14847,14849,14857,14858,14865,
14866,14867,14881,14884,14887,14888,14890,14958,
14969,14970,14972,14981,14982,14983,14984,14996,
14997,15012,15013,15021,15024,15030,15035,15036,
15054,15057,15060,15065,15069,15085,15093,15099,
15116,15117,15119,15120,15123,15126,15131,15139,
15142,15143,15146,15147,15148,15151,15162,15163,
15167,15168,15170,15173,15174,15176,15177,15194,
15200,15211,15213,15223,15224,15228,15233,15272,
15273,15299,15300,15309,15311,15312,15345,15351,
15352,15354,15367,15391,15395,15405,15406,15407,
15410,15411,15412,15413,15414,15415,15416,15418,
15419,15422,15423,15424,15425,15426,15427,15428,
15430,15431,15432,15433,15435,15436,15437,15438,
15439,15440,15441,15451,15452,15460,15470,15478,
15480,15490,15493,15495,15497,15499,15507,15509,
15522,15526,15528,15533,15537,15540,15542,15544,
15545,15552,15557,15561,15562,15563,15573,15574,
15591,15596,15609,15616,15619,15636,15643,15646,
15649,15651,15652,15653,15655,15657,15660,15661,
15663,15667,15670,15672,15673,15676,15679,15682,
15684,15685,15687,15688,15689,15691,15705,15706,
15713,15715,15725,15726,15731,15740,15741,15742,
15743,15744,15749,15750,15755,15775,15783,15791,
15793,15804,15807,15812,15818,15827,15857,15867,
15874,15875,15888,15891,15899,15900,15901,15904,
15906,15911,15912,15919,15927,15932,15937,15945,
15946,15947,15949,15971,15981,15989,15990,15998,
15999,16013,16015,16016,16019,16021,16023,16026,
16027,16029,16034,16035,16036,16039,16040,16041,
16042,16067,16077,16080,16081,16084,16086,16087,
16093,16097,16111,16115,16122,16126,16134,16135,
16143,16146,16149,16165,16168,16174,16176,16177,
16179,16181,16191,16193,16194,16197,16198,16199,
16200,16204,16211,16212,16213,16215,16216,16217,
16219,16222,16223,16227,16228,16229,16231,16233,
16236,16237,16241,16247,16249,16254,16265,16266,
16271,16280,16281,16284,16285,16286,16288,16293,
16298,16310,16320,16328,16334,16336,16339,16342,
16357,16363,16389,16392,16394,16395,16397,16399,
16400,16401,16403,16404,16405,16406,16411,16413,
16414,16416,16417,16419,16420,16421,16422,16423,
16424,16425,16427,16428,16432,16434,16436,16438,
16439,16446,16447,16454,16463,16466,16468,16471,
16472,16477,16487,16488,16490,16491,16494,16503,
16515,16518,16519,16520,16522,16528,16531,16537,
16538,16540,16541,16542,16546,16547,16548,16549,
16552,16553,16558,16565,16570,16576,16589,16590,
16630,16632,16633,16634,16640,16645,16651,16655,
16658,16665,16672,16675,16680,16683,16685,16686,
16688,16689,16690,16715,16744,16748,16754,16757,
16768,16769,16770,16771,16780,16782,16786,16791,
16792,16794,16797,16800,16803,16817,16826,16832,
16839,16840,16847,16848,16849,16850,16851,16852,
16853,16854,16855,16856,16857,16861,16866,16873,
16885,16887,16893,16894,16917,16919,16922,16923,
16924,16938,16961,16962,16964,16969,16980,16982,
16984,16989,17008,17012,17019,17046,17058,17066,
17074,17078,17087,17101,17102,17112,17119,17122,
17125,17145,17154,17158,17160,17161,17164,17165,
17169,17171,17172,17173,17177,17178,17180,17181,
17182,17188,17190,17191,17195,17210,17213,17220,
17235,17236,17237,17241,17242,17243,17245,17246,
17247,17248,17249,17253,17255,17257,17258,17267,
17268,17269,17270,17271,17279,17282,17283,17286,
17287,17288,17289,17294,17295,17296,17298,17299,
17301,17304,17306,17317,17329,17337,17344,17345,
17346,17347,17349,17353,17354,17355,17356,17357,
17361,17362,17364,17367,17370,17379,17381,17382,
17384,17409,17418,17442,17444,17445,17448,17452,
17457,17458,17461,17462,17463,17465,17468,17470,
17473,17474,17476,17479,17482,17484,17491,17492,
17493,17497,17499,17501,17504,17506,17507,17508,
17509,17510,17514,17516,17517,17524,17529,17530,
17534,17537,17539,17541,17544,17545,17548,17549,
17550,17551,17553,17555,17556,17557,17561,17566,
17567,17568,17569,17573,17574,17575,17578,17579,
17580,17581,17583,17592,17597,17615,17623,17624,
17626,17627,17631,17636,17641,17644,17647,17648,
17650,17659,17663,17669,17671,17679,17681,17690,
17691,17701,17707,17709,17710,17712,17720,17733,
17737,17738,17740,17744,17745,17747,17748,17749,
17750,17751,17753,17754,17755,17757,17762,17764,
17767,17768,17773,17776,17777,17778,17779,17796,
17797,17799,17800,17806,17818,17820,17822,17832,
17833,17835,17837,17838,17842,17847,17848,17849,
17851,17858,17862,17864,17867,17875,17879,17880,
17882,17886,17888,17893,17894,17895,17897,17907,
17911,17917,17921,17923,17929,17933,17934,17936,
17937,17942,17951,17954,17961,17967,17976,17981,
17986,17987,17989,17998,18002,18003,18004,18008,
18012,18014,18019,18023,18025,18026,18027,18029,
18030,18037,18043,18049,18052,18062,18063,18064,
18065,18066,18067,18068,18070,18071,18072,18073,
18074,18076,18078,18079,18080,18081,18082,18083,
18084,18088,18089,18090,18091,18092,18093,18094,
18095,18096,18097,18101,18115,18118,18129,18133,
18134,18137,18142,18160,18179,18184,18186,18188,
18189,18191,18192,18193,18194,18195,18198,18200,
18201,18207,18222,18236,18254,18257,18262,18264,
18275,18277,18281,18300,18304,18312,18314,18317,
18318,18322,18323,18324,18331,18333,18334,18336,
18338,18340,18344,18345,18346,18347,18348,18349,
18352,18353,18359,18360,18361,18362,18363,18364,
18365,18366,18367,18368,18369,18371,18372,18373,
18374,18376,18378,18379,18382,18383,18384,18385,
18388,18389,18391,18394,18395,18398,18403,18418,
18421,18426,18436,18441,18448,18449,18452,18456,
18464,18482,18487,18488,18495,18497,18498,18499,
18505,18507,18512,18522,18541,18542,18543,18547,
18555,18556,18572,18573,18575,18578,18580,18581,
18584,18605,18606,18608,18610,18611,18618,18620,
18621,18622,18649,18651,18657,18658,18665,18666,
18669,18670,18678,18694,18699,18700,18707,18709,
18710,18716,18717,18723,18759,18760,18765,18766,
18783,18785,18786,18787,18788,18789,18800,18809,
18810,18811,18812,18813,18826,18834,18840,18841,
18843,18844,18845,18853,18859,18867,18880,18898,
18900,18904,18906,18916,18920,18923,18930,18932,
18939,18949,18955,18956,18967,18970,18987,19007,
19010,19014,19037,19044,19053,19066,19093,19100,
19102,19113,19144,19145,19146,19147,19148,19155,
19159,19174,19177,19180,19213,19214,19223,19224,
19235,19236,19237,19241,19256,19259,19260,19272,
19275,19278,19280,19281,19286,19287,19289,19294,
19297,19299,19301,19302,19306,19322,19324,19325,
19326,19327,19329,19330,19332,19333,19339,19340,
19341,19342,19343,19346,19347,19348,19349,19350,
19351,19352,19353,19354,19355,19356,19357,19358,
19359,19360,19361,19362,19363,19364,19365,19366,
19367,19368,19369,19370,19372,19373,19374,19376,
19377,19382,19383,19384,19387,19390,19391,19392,
19393,19394,19396,19397,19402,19403,19407,19408,
19409,19412,19415,19416,19417,19419,19420,19426,
19441,19464,19465,19474,19475,19478,19484,19488,
19489,19496,19498,19501,19506,19508,19510,19511,
19512,19518,19521,19525,19530,19531,19532,19535,
19542,19548,19551,19556,19557,19564,19567,19568,
19572,19575,19579,19585,19586,19589,19594,19598,
19600,19601,19608,19610,19614,19617,19620,19621,
19627,19630,19631,19632,19633,19635,19636,19637,
19638,19639,19640,19641,19642,19643,19644,19645,
19646,19649,19650,19653,19654,19655,19657,19658,
19660,19695,19698,19699,19700,19701,19702,19703,
19705,19706,19707,19708,19709,19736,19754,19764,
19777,19790,19791,19795,19803,19820,19825,19828,
19837,19838,19843,19845,19848,19849,19850,19853,
19854,19859,19869,19873,19875,19876,19878,19881,
19882,19883,19885,19888,19889,19890,19891,19893,
19896,19897,19898,19900,19905,19907,19908,19909,
19910,19914,19915,19917,19929,19930,19934,19937,
19939,19941,19942,19949,19951,19953,19954,19960,
19961,19962,19963,19964,19970,19971,19972,19974,
19979,19982,19985,19987,19989,19990,19994,19997,
19999,20007,20012,20016,20018,20024,20039,20041,
20053,20059,20060,20062,20063,20065,20066,20069,
20073,20074,20075,20078,20079,20080,20085,20086,
20087,20088,20089,20094,20098,20100,20103,20121,
20135,20154,20162,20165,20166,20170,20173,20184,
20185,20188,20190,20192,20196,20197,20200,20204,
20205,20207,20210,20211,20213,20224,20229,20233,
20235,20236,20237,20238,20239,20241,20243,20247,
20248,20249,20250,20251,20252,20255,20265,20270,
20279,20291,20302,20307,20309,20312,20336,20339,
20346,20348,20354,20357,20363,20367,20370,20372,
20374,20376,20379,20381,20382,20383,20384,20385,
20386,20388,20390,20391,20398,20399,20403,20412,
20413,20419,20421,20424,20425,20427,20428,20429,
20435,20441,20449,20450,20451,20452,20453,20454,
20455,20456,20457,20458,20459,20460,20461,20462,
20463,20464,20465,20466,20467,20468,20469,20470,
20471,20473,20474,20475,20476,20477,20478,20479,
20480,20481,20482,20483,20484,20485,20486,20487,
20488,20489,20490,20491,20492,20493,20494,20495,
20496,20497,20498,20499,20500,20501,20502,20504,
20505,20506,20507,20508,20509,20510,20511,20513,
20514,20515,20516,20517,20518,20519,20520,20527,
20530,20534,20587,20593,20611,20616,20617,20619,
20625,20628,20631,20636,20637,20639,20641,20642,
20651,20657,20662,20663,20665,20671,20680,20681,
20689,20690,20696,20698,20700,20701,20702,20703,
20707,20708,20709,20710,20711,20712,20713,20716,
20719,20720,20726,20732,20742,20746,20748,20749,
20755,20757,20758,20759,20760,20772,20773,20778,
20790,20791,20797,20799,20805,20806,20807,20809,
20810,20812,20813,20816,20818,20821,20846,20863,
20867,20868,20871,20872,20873,20889,20894,20895,
20902,20903,20914,20917,20920,20922,20924,20925,
20926,20927,20932,20935,20937,20938,20941,20942,
20948,20975,20995,21000,21004,21007,21014,21018,
21023,21029,21030,21036,21037,21038,21039,21042,
21045,21046,21047,21049,21060,21093,21100,21113,
21122,21131,21132,21133,21135,21136,21142,21144,
21145,21150,21153,21154,21156,21158,21165,21167,
21168,21169,21171,21172,21173,21174,21175,21176,
21177,21178,21179,21181,21182,21183,21184,21185,
21186,21188,21189,21191,21192,21193,21195,21198,
21199,21200,21204,21206,21207,21208,21209,21210,
21211,21220,21247,21260,21290,21295,21297,21320,
21321,21322,21327,21332,21337,21344,21345,21347,
21349,21350,21351,21368,21369,21372,21373,21374,
21375,21377,21378,21380,21381,21382,21384,21386,
21388,21389,21392,21393,21394,21395,21396,21397,
21398,21399,21400,21401,21402,21403,21416,21429,
21433,21434,21435,21447,21455,21461,21465,21466,
21467,21474,21475,21476,21477,21478,21481,21482,
21484,21492,21493,21494,21508,21512,21516,21531,
21544,21549,21550,21561,21566,21577,21583,21586,
21589,21590,21591,21597,21619,21620,21628,21635,
21644,21645,21647,21648,21649,21652,21662,21664,
21665,21667,21669,21674,21676,21677,21678,21679,
21680,21682,21683,21685,21687,21689,21690,21691,
21693,21695,21698,21701,21704,21705,21706,21707,
21708,21709,21710,21711,21713,21715,21716,21717,
21718,21733,21736,21740,21751,21758,21761,21776,
21797,21817,21821,21822,21825,21830,21848,21871,
21873,21876,21877,21889,21890,21892,21895,21896,
21897,21898,21899,21900,21904,21905,21906,21907,
21908,21909,21911,21912,21913,21914,21915,21917,
21918,21923,21925,21926,21927,21928,21929,21930,
21931,21932,21933,21934,21935,21936,21937,21938,
21939,21940,21941,21942,21944,21945,21948,21950,
21951,21952,21953,21954,21955,21956,21957,21958,
21961,21962,21965,21966,21968,21973,21976,21978,
21980,21981,21985,21988,21995,21997,21998,21999,
22001,22006,22012,22013,22017,22030,22035,22042,
22043,22044,22046,22047,22049,22050,22051,22052,
22053,22054,22056,22058,22059,22060,22061,22062,
22063,22064,22066,22067,22068,22069,22070,22072,
22073,22075,22076,22078,22079,22081,22083,22084,
22085,22086,22087,22088,22089,22090,22091,22092,
22098,22101,22106,22110,22112,22114,22118,22122,
22141,22144,22157,22162,22175,22190,22204,22210,
22215,22222,22228,22236,22247,22249,22250,22270,
22271,22273,22297,22312,22314,22318,22323,22328,
22331,22332,22335,22336,22340,22341,22343,22344,
22345,22353,22359,22361,22363,22368,22371,22377,
22385,22389,22393,22395,22398,22399,22400,22406,
22418,22424,22425,22442,22443,22446,22452,22453,
22455,22457,22458,22459,22460,22461,22462,22465,
22467,22468,22469,22481,22482,22489,22490,22491,
22495,22496,22511,22512,22515,22529,22561,22570,
22573,22606,22608,22609,22611,22622,22624,22651,
22656,22657,22658,22659,22660,22661,22662,22663,
22665,22666,22668,22669,22670,22671,22674,22675,
22677,22678,22679,22680,22684,22685,22686,22687,
22688,22691,22692,22693,22695,22697,22698,22751,
22754,22756,22758,22767,22778,22781,22801,22802,
22812,22815,22816,22832,22838,22853,22864,22867,
22868,22873,22885,22888,22899,22926,22927,22941,
22947,22949,22950,22952,22959,22960,22961,22962,
22968,22969,22970,22971,22972,22973,22975,22978,
22979,22980,22981,22982,22983,22984,22986,22987,
22988,22989,22990,22991,22992,22993,22995,22997,
22999,23000,23001,23002,23003,23005,23006,23008,
23010,23011,23012,23013,23014,23016,23020,23021,
23023,23024,23026,23027,23028,23029,23030,23031,
23032,23033,23041,23051,23053,23061,23062,23064,
23065,23066,23068,23073,23077,23081,23084,23086,
23091,23092,23094,23096,23101,23106,23115,23117,
23119,23120,23121,23123,23124,23125,23126,23127,
23128,23130,23132,23133,23134,23135,23137,23138,
23139,23141,23142,23143,23144,23145,23147,23149,
23150,23151,23153,23155,23156,23157,23158,23159,
23161,23163,23175,23176,23179,23192,23202,23203,
23215,23233,23243,23257,23258,23259,23262,23263,
23267,23268,23269,23283,23286,23299,23316,23328,
23336,23337,23338,23339,23343,23348,23372,23374,
23379,23388,23396,23397,23404,23408,23411,23412,
23416,23419,23420,23422,23423,23431,23434,23445,
23450,23457,23463,23468,23485,23490,23493,23494,
23496,23497,23498,23500,23501,23513,23518,23523,
23546,23558,23560,23561,23562,23563,23582,23653,
23655,23661,23666,23675,23742,23745,23746,23748,
23750,23754,23758,23759,23760,23765,23766,23772,
23773,23774,23779,23780,23785,23786,23787,23790,
23804,23806,23836,23837,23841,23851,23855,23874,
23875,23948,23960,23961,23967,23968,23969,23971,
23973,23978,23979,23988,23994,24004,24008,24009,
24010,24011,24012,24013,24014,24015,24016,24017,
24018,24019,24020,24021,24022,24023,24024,24025,
24026,24027,24029,24030,24041,24046,24054,24056,
24057,24058,24060,24062,24064,24065,24067,24068,
24071,24073,24086,24088,24090,24091,24092,24094,
24095,24096,24098,24099,24100,24101,24103,24104,
24105,24107,24108,24109,24115,24116,24117,24118,
24125,24126,24127,24128,24130,24131,24132,24133,
24134,24135,24136,24137,24138,24139,24140,24142,
24143,24147,24160,24177,24178,24179,24180,24181,
24182,24183,24186,24187,24188,24189,24190,24191,
24192,24195,24196,24197,24198,24199,24200,24201,
24202,24203,24204,24205,24206,24207,24208,24209,
24210,24211,24212,24213,24214,24216,24218,24220,
24221,24222,24224,24225,24226,24227,24228,24229,
24230,24231,24234,24235,24237,24238,24239,24240,
24241,24242,24243,24244,24245,24246,24247,24248,
24249,24250,24251,24254,24257,24258,24261,24262,
24267,24279,24284,24289,24295,24314,24315,24316,
24317,24318,24319,24330,24333,24334,24338,24341,
24343,24346,24347,24352,24353,24354,24355,24356,
24357,24358,24359,24360,24361,24362,24363,24364,
24365,24366,24367,24369,24370,24371,24372,24373,
24375,24376,24386,24391,24392,24393,24394,24396,
24397,24399,24402,24403,24407,24408,24411,24412,
24413,24416,24429,24434,24437,24439,24440,24443,
24447,24450,24456,24457,24458,24467,24468,24469,
24474,24475,24476,24481,24498,24507,24510,24512,
24519,24524,24525,24526,24530,24533,24534,24536,
24537,24538,24540,24545,24548,24554,24557,24558,
24565,24583,24591,24593,24594,24595,24596,24597,
24598,24599,24600,24601,24602,24604,24606,24607,
24608,24609,24610,24611,24612,24613,24614,24624,
24629,24634,24639,24640,24641,24642,24643,24645,
24646,24647,24648,24649,24651,24652,24653,24654,
24656,24657,24658,24659,24660,24661,24662,24663,
24664,24665,24666,24668,24669,24670,24671,24672,
24673,24674,24675,24678,24679,24684,24686,24692,
24702,24704,24706,24707,24715,24718,24719,24723,
24742,24745,24747,24752,24757,24758,24768,24772,
24774,24777,24778,24788,24802,24811,24817,24835,
24848,24853,24874,24883,24891,24893,24896,24898,
24900,24901,24908,24909,24910,24918,24919,24922,
24924,24934,24935,24937,24939,24940,24941,24942,
24943,24944,24945,24946,24947,24948,24950,24953,
24957,24958,24960,24964,24965,24966,24967,24968,
24969,24970,24972,24973,24974,24975,24979,24987,
24993,24999,25004,25005,25006,25007,25021,25023,
25028,25032,25034,25041,25043,25044,25045,25046,
25047,25070,25073,25078,25094,25095,25096,25101,
25103,25107,25110,25111,25112,25129,25138,25139,
25158,25160,25163,25171,25172,25177,25188,25191,
25192,25194,25200,25201,25206,25207,25208,25213,
25214,25215,25224,25225,25227,25228,25229,25230,
25231,25232,25233,25234,25235,25236,25237,25238,
25239,25241,25242,25243,25244,25245,25246,25247,
25248,25249,25250,25253,25254,25255,25256,25257,
25258,25259,25260,25261,25263,25264,25265,25267,
25268,25269,25270,25271,25272,25275,25280,25291,
25303,25308,25309,25311,25312,25315,25316,25317,
25318,25320,25321,25322,25326,25327,25328,25332,
25351,25363,25364,25370,25373,25376,25378,25379,
25393,25397,25399,25400,25412,25422,25429,25431,
25433,25435,25437,25438,25439,25440,25441,25442,
25443,25444,25445,25446,25448,25449,25450,25451,
25452,25453,25455,25458,25459,25460,25462,25463,
25464,25465,25466,25467,25468,25469,25470,25471,
25472,25473,25474,25475,25476,25477,25478,25479,
25480,25481,25482,25484,25485,25486,25487,25488,
25491,25492,25493,25494,25495,25496,25497,25498,
25499,25500,25501,25505,25508,25509,25510,25511,
25512,25513,25514,25515,25516,25517,25520,25527,
25528,25529,25530,25531,25547,25548,25550,25559,
25573,25588,25589,25604,25607,25614,25688,25689,
25776,25785,25791,25812,25818,25819,25824,25825,
25827,25835,25836,25844,25845,25847,25849,25851,
25852,25853,25855,25857,25868,25872,25874,25875,
25876,25877,25879,25880,25904,25909,25912,25915,
25918,25920,25922,25929,25930,25934,25935,25937,
25946,25959,25970,25972,25973,25976,25979,25982,
25984,25985,25986,25987,25988,25989,25990,25998,
26001,26006,26016,26018,26023,26026,26034,26043,
26059,26064,26077,26087,26088,26089,26090,26091,
26092,26093,26094,26095,26096,26097,26098,26099,
26100,26101,26102,26103,26105,26106,26107,26109,
26115,26120,26121,26123,26124,26125,26127,26130,
26131,26132,26133,26134,26136,26143,26145,26146,
26147,26148,26149,26151,26153,26156,26157,26158,
26160,26161,26162,26165,26168,26170,26171,26172,
26178,26179,26180,26181,26188,26202,26204,26210,
26216,26222,26227,26239,26241,26243,26249,26259,
26266,26292,26293,26297,26300,26301,26306,26308,
26312,26318,26334,26335,26336,26337,26338,26339,
26340,26341,26342,26343,26345,26346,26347,26349,
26350,26351,26352,26353,26354,26355,26359,26391,
26400,26406,26407,26408,26409,26410,26411,26412,
26413,26414,26415,26416,26417,26418,26419,26420,
26421,26422,26423,26424,26425,26426,26427,26429,
26430,26431,26432,26434,26435,26436,26438,26439,
26440,26441,26442,26444,26445,26446,26447,26448,
26449,26450,26451,26452,26453,26454,26455,26456,
26457,26459,26461,26462,26463,26464,26465,26469,
26480,26488,26498,26499,26501,26513,26527,26533,
26546,26550,26558,26560,26566,26567,26568,26569,
26570,26571,26572,26573,26574,26575,26576,26580,
26583,26584,26585,26586,26587,26588,26589,26590,
26591,26592,26598,26608,26612,26614,26617,26620,
26625,26628,26636,26641,26650,26659,26660,26664,
26668,26669,26671,26675,26677,26678,26686,26690,
26696,26705,26706,26718,26720,26729,26730,26735,
26739,26741,26745,26754,26767,26783,26785,26789,
26790,26805,26811,26822,26827,26837,26847,26850,
26857,26858,26869,26886,26891,26892,26896,26898,
26903,26912,26919,26920,26923,26929,26943,26944,
26945,26952,26953,26958,26959,26975,26979,26983,
26987,26989,27001,27002,27003,27004,27005,27006,
27007,27010,27011,27022,27024,27025,27027,27028,
27030,27033,27037,27039,27042,27043,27047,27048,
27049,27050,27053,27055,27056,27060,27063,27071,
27072,27073,27074,27076,27077,27079,27080,27083,
27084,27085,27086,27087,27088,27091,27112,27114,
27183,27194,27196,27203,27204,27205,27206,27210,
27211,27212,27213,27214,27215,27216,27224,27225,
27231,27249,27250,27286,27295,27297,27298,27299,
27300,27301,27305,27312,27313,27314,27317,27318,
27321,27323,27338,27344,27358,27388,27389,27391,
27393,27394,27402,27408,27412,27415,27416,27417,
27420,27421,27426,27427,27445,27453,27466,27469,
27472,27489,27502,27503,27504,27505,27507,27513,
27519,27520,27526,27527,27528,27529,27530,27531,
27532,27533,27534,27535,27536,27537,27538,27539,
27540,27541,27542,27543,27544,27545,27546,27547,
27548,27549,27550,27551,27552,27553,27554,27556,
27557,27558,27559,27560,27561,27562,27578,27584,
27585,27586,27589,27590,27593,27594,27595,27599,
27605,27606,27607,27608,27609,27612,27613,27614,
27615,27618,27621,27622,27628,27629,27630,27631,
27632,27633,27634,27635,27636,27637,27638,27639,
27640,27641,27642,27643,27644,27645,27646,27647,
27648,27649,27650,27651,27652,27653,27654,27655,
27656,27658,27660,27661,27662,27663,27664,27665,
27666,27667,27668,27669,27670,27671,27676,27696,
27697,27710,27717,27719,27726,27727,27730,27732,
27743,27744,27748,27749,27750,27753,27754,27755,
27761,27762,27763,27765,27766,27769,27773,27774,
27775,27783,27786,27787,27788,27789,27790,27795,
27798,27799,27800,27801,27806,27808,27809,27811,
27817,27825,27826,27827,27845,27856,27863,27865,
27875,27885,27888,27889,27892,27893,27894,27896,
27905,27908,27910,27911,27912,27914,27917,27918,
27919,27920,27921,27922,27924,27925,27927,27928,
27931,27935,27938,27939,27944,27945,27957,27965,
27969,27970,27971,27972,27980,27982,27986,27988,
28002,28003,28004,28014,28030,28036,28037,28039,
28044,28064,28073,28078,28081,28082,28084,28089,
28096,28100,28109,28111,28112,28121,28123,28132,
28134,28138,28144,28146,28159,28167,28168,28170,
28171,28195,28203,28204,28205,28206,28208,28210,
28211,28212,28213,28214,28215,28216,28217,28219,
28220,28221,28222,28223,28224,28225,28226,28227,
28228,28229,28230,28231,28232,28233,28234,28237,
28238,28239,28240,28241,28242,28243,28244,28245,
28246,28247,28248,28249,28250,28251,28252,28253,
28254,28255,28256,28257,28258,28259,28262,28264,
28266,28267,28268,28278,28281,28282,28283,28284,
28285,28290,28296,28299,28300,28302,28307,28308,
28309,28311,28318,28322,28324,28326,28327,28328,
28331,28332,28333,28334,28335,28336,28337,28340,
28342,28343,28344,28345,28349,28350,28359,28360,
28363,28364,28366,28369,28370,28371,28372,28373,
28374,28377,28378,28379,28380,28384,28386,28387,
28395,28396,28397,28398,28399,28414,28418,28433,
28440,28441,28453,28459,28460,28475,28478,28482,
28483,28494,28495,28496,28501,28504,28505,28510,
28516,28517,28518,28519,28520,28521,28522,28524,
28526,28527,28528,28529,28532,28533,28535,28536,
28537,28538,28539,28540,28541,28542,28543,28544,
28545,28546,28551,28562,28570,28572,28580,28586,
28589,28608,28612,28613,28628,28643,28644,28646,
28647,28648,28649,28650,28651,28652,28653,28654,
28655,28656,28658,28660,28661,28662,28663,28666,
28667,28668,28669,28674,28675,28677,28678,28684,
28685,28686,28687,28688,28689,28690,28691,28692,
28693,28694,28695,28701,28714,28717,28747,28749,
28754,28778,28783,28788,28804,28805,28806,28807,
28808,28809,28810,28820,28827,28829,28830,28831,
28834,28835,28836,28837,28838,28842,28845,28846,
28847,28848,28849,28850,28851,28852,28853,28854,
28855,28856,28857,28858,28859,28860,28861,28862,
28863,28866,28867,28868,28869,28870,28871,28872,
28873,28874,28875,28876,28877,28878,28890,28906,
28924,28925,28926,28927,28928,28929,28931,28932,
28934,28971,28973,28975,29040,29046,29055,29057,
29065,29066,29071,29074,29077,29087,29097,29121,
29123,29125,29129,29134,29136,29137,29138,29139,
29140,29142,29143,29160,29163,29173,29177,29178,
29182,29196,29197,29198,29199,29200,29201,29202,
29203,29204,29205,29206,29208,29209,29212,29213,
29217,29224,29228,29229,29230,29232,29245,29246,
29252,29253,29254,29255,29257,29258,29259,29261,
29262,29264,29265,29266,29269,29270,29273,29274,
29275,29276,29277,29278,29279,29280,29281,29282,
29283,29284,29285,29286,29287,29288,29289,29290,
29291,29292,29293,29294,29295,29296,29297,29298,
29299,29300,29301,29302,29303,29304,29305,29306,
29307,29308,29309,29310,29311,29313,29315,29316,
29317,29318,29319,29320,29321,29322,29333,29340,
29341,29348,29349,29351,29352,29353,29354,29355,
29361,29363,29364,29411,29412,29414,29424,29427,
29429,29430,29434,29435,29436,29437,29438,29439,
29440,29441,29442,29443,29444,29445,29446,29457,
29462,29467,29468,29475,29480,29483,29494,29506,
29518,29519,29532,29533,29537,29550,29551,29552,
29553,29554,29555,29556,29557,29558,29562,29563,
29564,29565,29566,29568,29588,29663,29683,29722,
29726,29729,29732,29741,29743,29744,29745,29747,
29749,29751,29752,29753,29754,29755,29757,29758,
29759,29760,29761,29763,29764,29765,29766,29767,
29768,29769,29770,29771,29774,29776,29777,29778,
29779,29782,29783,29784,29786,29787,29788,29789,
29790,29795,29796,29799,29803,29804,29816,29824,
29826,29835,29900,29910,29915,29925,29927,29928,
29929,29930,29931,29934,29935,29937,29940,29941,
29942,29943,29944,29945,29946,29947,29948,29949,
29950,29952,29956,29957,29958,29959,29960,29961,
29962,29963,29964,29965,29966,29967,29977,29980,
29982,30002,30005,30011,30013,30014,30023,30030,
30031,30043,30051,30055,30060,30063,30068,30070,
30071,30073,30083,30084,30085,30087