7,14,23,61,66,94,117,143,
151,154,158,159,172,190,199,221,
231,251,253,255,256,271,300,303,
325,336,346,370,376,379,386,392,
396,413,424,429,435,445,449,468,
479,483,491,497,501,504,509,535,
539,557,558,565,566,581,582,590,
608,610,616,620,624,633,636,640,
641,649,652,658,660,663,669,676,
711,713,717,720,722,746,748,753,
767,772,773,774,776,785,790,797,
801,821,823,824,825,831,842,857,
870,875,877,890,894,897,907,912,
924,926,929,933,936,937,970,971,
972,975,982,987,994,1014,1030,1035,
1039,1049,1051,1056,1057,1065,1072,1085,
1093,1099,1101,1102,1107,1108,1110,1118,
1119,1125,1131,1132,1133,1142,1146,1150,
1154,1211,1219,1253,1265,1283,1284,1285,
1286,1289,1303,1306,1308,1340,1343,1346,
1347,1350,1355,1361,1362,1363,1368,1383,
1391,1399,1400,1402,1403,1407,1414,1437,
1452,1477,1479,1500,1504,1505,1509,1513,
1518,1521,1539,1541,1546,1556,1558,1561,
1567,1569,1571,1575,1587,1589,1594,1597,
1612,1622,1624,1625,1631,1632,1636,1657,
1664,1670,1674,1676,1678,1684,1685,1692,
1699,1709,1714,1728,1753,1759,1763,1774,
1810,1815,1824,1825,1857,1862,1869,1879,
1890,1895,1898,1904,1912,1915,1923,1924,
1929,1939,1944,1955,1960,1983,1990,2007,
2020,2031,2042,2052,2059,2060,2067,2073,
2098,2109,2113,2120,2127,2129,2137,2148,
2155,2158,2170,2190,2193,2203,2215,2217,
2226,2249,2257,2259,2272,2286,2296,2301,
2304,2307,2321,2330,2359,2374,2378,2390,
2410,2425,2429,2434,2447,2458,2473,2479,
2480,2493,2505,2526,2542,2551,2559,2570,
2579,2588,2596,2599,2607,2611,2612,2616,
2624,2630,2638,2640,2652,2659,2672,2680,
2697,2702,2703,2718,2757,2768,2770,2792,
2798,2804,2806,2812,2827,2830,2847,2856,
2868,2879,2882,2888,2912,2922,2930,2933,
2936,2937,2948,2950,2969,3000,3002,3028,
3033,3051,3054,3058,3081,3085,3087,3091,
3092,3103,3112,3119,3121,3125,3130,3140,
3147,3172,3199,3206,3209,3219,3220,3231,
3239,3243,3256,3273,3276,3286,3290,3299,
3314,3316,3320,3328,3334,3339,3342,3347,
3350,3365,3379,3382,3388,3408,3416,3428,
3442,3444,3445,3446,3457,3488,3492,3493,
3501,3509,3511,3512,3514,3523,3532,3535,
3544,3565,3574,3578,3590,3607,3611,3631,
3632,3646,3656,3666,3667,3675,3698,3714,
3715,3718,3721,3722,3735,3738,3744,3757,
3775,3785,3788,3794,3798,3805,3836,3866,
3890,3897,3899,3900,3907,3910,3913,3920,
3928,3947,3962,3971,3979,3994,4000,4006,
4019,4021,4037,4040,4045,4059,4062,4073,
4077,4091,4093,4096,4099,4100,4104,4119,
4132,4140,4151,4174,4181,4201,4208,4218,
4221,4233,4241,4242,4245,4246,4249,4257,
4263,4319,4326,4343,4346,4359,4415,4435,
4436,4454,4456,4459,4469,4472,4481,4503,
4507,4510,4515,4517,4536,4538,4545,4550,
4560,4562,4573,4575,4576,4584,4598,4627,
4632,4635,4647,4660,4661,4662,4680,4687,
4693,4698,4704,4718,4720,4727,4734,4747,
4758,4771,4775,4784,4790,4793,4808,4812,
4813,4823,4858,4859,4863,4866,4868,4869,
4877,4886,4906,4908,4917,4932,4946,4952,
4965,4971,4998,5010,5040,5048,5060,5085,
5093,5098,5120,5126,5136,5160,5162,5164,
5169,5172,5186,5187,5194,5199,5202,5247,
5255,5263,5270,5285,5286,5289,5302,5311,
5316,5317,5319,5330,5339,5340,5352,5354,
5367,5376,5394,5398,5399,5401,5408,5409,
5413,5421,5425,5426,5427,5447,5449,5465,
5479,5514,5527,5528,5537,5548,5553,5561,
5570,5571,5576,5577,5579,5604,5607,5678,
5680,5694,5696,5711,5735,5762,5766,5771,
5778,5781,5782,5783,5792,5799,5802,5811,
5813,5844,5850,5855,5867,5875,5876,5893,
5894,5913,5918,5919,5926,5941,5964,5993,
5996,6009,6010,6012,6021,6031,6042,6056,
6082,6089,6090,6091,6097,6103,6108,6117,
6119,6130,6163,6166,6191,6198,6200,6207,
6210,6213,6221,6223,6245,6293,6296,6300,
6316,6323,6345,6354,6356,6368,6375,6405,
6407,6444,6468,6472,6491,6499,6512,6520,
6537,6539,6552,6590,6591,6615,6624,6639,
6651,6655,6659,6681,6701,6717,6775,6785,
6801,6802,6803,6806,6816,6820,6823,6840,
6843,6853,6860,6863,6882,6890,6903,6945,
6947,6951,6958,6963,6970,6996,7002,7007,
7047,7050,7055,7062,7111,7142,7144,7145,
7170,7172,7173,7185,7190,7191,7215,7230,
7247,7248,7262,7265,7271,7273,7274,7277,
7278,7296,7305,7320,7323,7340,7342,7356,
7357,7362,7380,7397,7402,7427,7434,7443,
7444,7448,7463,7479,7482,7487,7500,7504,
7511,7514,7541,7542,7550,7556,7570,7574,
7577,7581,7584,7608,7609,7611,7622,7636,
7652,7663,7670,7672,7674,7697,7701,7702,
7707,7715,7729,7739,7741,7744,7752,7764,
7766,7775,7776,7822,7825,7852,7853,7860,
7871,7877,7894,7905,7922,7932,7953,7957,
7961,7962,7979,8006,8024,8030,8039,8049,
8074,8079,8085,8088,8092,8099,8107,8110,
8140,8142,8144,8149,8158,8175,8181,8188,
8194,8199,8200,8202,8210,8214,8223,8237,
8239,8241,8245,8246,8251,8253,8274,8277,
8288,8297,8310,8315,8316,8358,8359,8374,
8377,8382,8399,8413,8453,8456,8473,8489,
8492,8495,8496,8501,8503,8505,8513,8531,
8545,8554,8555,8564,8592,8596,8604,8629,
8630,8631,8650,8656,8657,8658,8660,8677,
8683,8694,8698,8714,8716,8731,8738,8746,
8762,8776,8777,8800,8801,8807,8813,8818,
8821,8824,8828,8860,8861,8867,8876,8930,
8931,8939,8947,8983,8986,8994,9004,9010,
9012,9013,9017,9018,9022,9027,9040,9042,
9043,9078,9085,9086,9093,9111,9124,9127,
9137,9145,9151,9157,9173,9182,9197,9201,
9204,9209,9212,9220,9225,9249,9253,9259,
9261,9290,9291,9304,9324,9326,9329,9332,
9351,9357,9364,9374,9375,9376,9387,9395,
9424,9448,9456,9466,9473,9475,9477,9479,
9503,9505,9511,9514,9536,9543,9563,9580,
9587,9591,9597,9599,9607,9621,9640,9645,
9647,9650,9657,9669,9672,9675,9691,9703,
9704,9714,9726,9738,9741,9744,9749,9751,
9757,9764,9775,9790,9796,9803,9804,9811,
9823,9852,9859,9861,9862,9864,9870,9872,
9876,9878,9879,9884,9885,9886,9887,9889,
9933,9934,9941,9944,9946,9947,9957,9964,
9968,9975,9997,10006,10010,10015,10020,10041,
10057,10061,10070,10105,10110,10120,10141,10145,
10149,10150,10155,10175,10178,10188,10195,10268,
10269,10277,10281,10288,10299,10300,10313,10319,
10326,10330,10334,10343,10358,10360,10361,10364,
10373,10388,10391,10403,10418,10432,10443,10450,
10454,10476,10494,10495,10519,10535,10536,10543,
10547,10552,10553,10575,10600,10611,10614,10615,
10629,10637,10642,10653,10675,10691,10697,10698,
10709,10716,10748,10761,10765,10771,10775,10799,
10807,10827,10829,10831,10841,10845,10857,10870,
10885,10920,10932,10959,10965,10986,11018,11029,
11034,11040,11045,11077,11080,11089,11092,11093,
11094,11095,11098,11099,11116,11159,11176,11196,
11207,11213,11226,11232,11233,11235,11238,11246,
11257,11272,11276,11301,11302,11308,11309,11312,
11316,11318,11330,11331,11339,11344,11345,11347,
11350,11352,11355,11367,11373,11374,11377,11382,
11411,11413,11424,11461,11465,11466,11471,11475,
11476,11481,11494,11496,11527,11529,11542,11554,
11572,11573,11575,11579,11594,11616,11617,11627,
11628,11656,11677,11691,11703,11715,11716,11720,
11729,11731,11740,11742,11746,11752,11754,11764,
11772,11781,11826,11833,11844,11849,11868,11889,
11898,11899,11910,11913,11929,11933,11935,11939,
11942,11945,11951,11960,11971,11975,11979,11980,
11989,11990,11994,12000,12021,12024,12026,12028,
12039,12072,12076,12084,12090,12092,12125,12133,
12139,12146,12148,12153,12158,12165,12178,12183,
12187,12202,12206,12209,12215,12234,12235,12244,
12261,12282,12299,12301,12311,12316,12320,12330,
12331,12336,12346,12347,12348,12350,12351,12353,
12354,12357,12376,12381,12382,12384,12423,12424,
12438,12442,12467,12474,12483,12492,12501,12521,
12522,12523,12536,12541,12542,12550,12594,12601,
12604,12619,12636,12652,12656,12659,12661,12664,
12666,12680,12683,12690,12693,12713,12722,12724,
12726,12741,12749,12763,12787,12798,12821,12826,
12829,12832,12834,12842,12845,12846,12847,12851,
12874,12876,12883,12898,12919,12921,12924,12929,
12930,12932,12939,12948,12957,12958,12961,12966,
12980,12982,12984,12986,12989,12992,12995,12997,
13002,13017,13045,13046,13052,13053,13061,13064,
13066,13067,13074,13090,13102,13122,13127,13131,
13149,13154,13159,13162,13185,13186,13187,13189,
13199,13203,13225,13251,13253,13254,13256,13259,
13272,13279,13280,13281,13285,13289,13298,13305,
13312,13334,13351,13364,13389,13392,13401,13404,
13409,13416,13422,13428,13436,13441,13451,13455,
13467,13471,13482,13483,13486,13488,13490,13491,
13497,13500,13507,13512,13523,13538,13539,13544,
13545,13546,13550,13579,13583,13588,13594,13600,
13624,13643,13649,13653,13666,13672,13682,13712,
13713,13729,13741,13742,13752,13754,13755,13766,
13795,13803,13825,13835,13844,13846,13855,13870,
13878,13879,13890,13895,13898,13904,13910,13929,
13936,13946,13947,13957,13964,13968,13971,13992,
14001,14002,14027,14034,14040,14056,14058,14062,
14065,14070,14071,14082,14105,14125,14129,14130,
14131,14133,14138,14142,14154,14167,14177,14179,
14189,14194,14228,14231,14239,14242,14253,14258,
14260,14268,14271,14279,14280,14286,14292,14299,
14317,14329,14334,14337,14340,14348,14351,14356,
14357,14360,14362,14364,14390,14405,14412,14419,
14427,14428,14432,14437,14452,14458,14468,14476,
14477,14495,14496,14508,14517,14523,14525,14545,
14587,14594,14596,14601,14608,14619,14629,14632,
14638,14652,14655,14660,14675,14676,14683,14687,
14694,14703,14707,14711,14730,14731,14739,14762,
14772,14781,14788,14789,14811,14812,14820,14829,
14838,14859,14862,14863,14867,14870,14901,14903,
14905,14907,14937,14946,14957,14958,14960,14962,
14968,14973,14976,14986,14990,14993,14996,14998,
15011,15016,15019,15038,15040,15045,15050,15051,
15055,15076,15085,15092,15108,15128,15148,15149,
15155,15157,15159,15180,15197,15198,15204,15211,
15220,15245,15254,15268,15287,15291,15297,15300,
15305,15317,15327,15328,15336,15363,15387,15398,
15414,15431,15438,15451,15454,15477,15478,15479,
15484,15495,15502,15504,15514,15515,15522,15526,
15527,15535,15537,15550,15574,15585,15589,15594,
15600,15606,15616,15618,15623,15627,15639,15645,
15662,15675,15677,15692,15693,15700,15708,15714,
15715,15717,15718,15720,15722,15725,15727,15735,
15744,15747,15760,15767,15804,15808,15809,15810,
15818,15823,15826,15854,15861,15870,15871,15874,
15880,15881,15889,15893,15911,15917,15920,15927,
15943,15953,15962,15964,15966,15987,15994,15995,
16005,16010,16018,16019,16028,16049,16061,16073,
16074,16091,16106,16107,16111,16117,16144,16153,
16163,16164,16167,16169,16173,16180,16201,16204,
16209,16213,16214,16219,16237,16262,16263,16266,
16272,16274,16282,16283,16284,16290,16304,16330,
16333,16336,16338,16339,16345,16352,16368,16375,
16376,16379,16388,16389,16392,16398,16402,16412,
16415,16416,16421,16436,16465,16467,16475,16480,
16493,16495,16530,16547,16576,16580,16587,16596,
16603,16610,16617,16622,16635,16648,16653,16654,
16658,16678,16681,16693,16694,16700,16708,16716,
16727,16752,16761,16765,16794,16795,16824,16831,
16844,16848,16862,16881,16885,16900,16901,16909,
16926,16935,16938,16942,16964,16967,16975,16976,
16997,17004,17017,17018,17030,17031,17043,17045,
17052,17069,17076,17078,17082,17092,17095,17096,
17098,17113,17124,17145,17148,17158,17166,17167,
17175,17191,17200,17213,17218,17223,17232,17237,
17238,17243,17244,17253,17255,17261,17305,17307,
17311,17319,17328,17333,17339,17349,17378,17391,
17393,17394,17397,17400,17406,17409,17430,17431,
17459,17463,17466,17467,17486,17488,17517,17528,
17551,17557,17576,17586,17591,17592,17640,17642,
17645,17648,17684,17690,17691,17693,17697,17698,
17700,17702,17708,17709,17710,17715,17716,17718,
17724,17731,17735,17746,17751,17758,17784,17810,
17811,17815,17822,17823,17827,17828,17830,17835,
17845,17848,17850,17859,17902,17905,17933,17935,
17939,17941,17954,17975,17990,18001,18005,18025,
18036,18039,18042,18057,18072,18073,18077,18100,
18105,18113,18114,18159,18184,18187,18188,18206,
18217,18230,18233,18234,18241,18244,18251,18256,
18261,18262,18275,18291,18293,18307,18310,18314,
18320,18324,18331,18332,18334,18335,18338,18351,
18355,18359,18376,18383,18384,18413,18423,18430,
18443,18445,18460,18473,18484,18496,18503,18507,
18520,18531,18532,18533,18536,18546,18555,18579,
18589,18618,18627,18628,18629,18631,18634,18635,
18636,18637,18638,18640,18641,18655,18663,18666,
18668,18674,18681,18736,18737,18738,18740,18743,
18746,18747,18749,18751,18756,18757,18765,18766,
18771,18772,18775,18784,18800,18806,18814,18819,
18820,18843,18847,18854,18866,18867,18874,18890,
18895,18903,18905,18906,18911,18916,18919,18929,
18942,18951,18958,18965,18979,18989,19002,19011,
19028,19030,19033,19038,19055,19059,19061,19064,
19067,19070,19073,19084,19085,19094,19095,19100,
19110,19111,19113,19115,19119,19120,19122,19125,
19132,19143,19146,19156,19166,19169,19182,19193,
19200,19201,19206,19215,19226,19235,19244,19249,
19282,19296,19300,19302,19326,19333,19340,19344,
19347,19349,19357,19358,19367,19371,19373,19377,
19379,19393,19398,19402,19407,19410,19414,19416,
19420,19434,19445,19454,19457,19459,19461,19465,
19473,19484,19493,19498,19522,19527,19531,19532,
19547,19550,19557,19569,19587,19611,19615,19631,
19640