33,34,37,58,91,94,127,139,
152,160,190,212,221,233,240,253,
271,275,279,293,302,318,335,367,
388,409,438,461,482,496,511,534,
546,548,553,639,643,651,658,661,
692,702,710,734,744,749,761,764,
780,872,886,889,911,916,925,965,
987,998,1012,1015,1021,1025,1026,1034,
1039,1041,1061,1070,1096,1106,1114,1125,
1136,1162,1163,1196,1199,1214,1234,1238,
1264,1266,1281,1292,1293,1308,1335,1363,
1364,1366,1379,1416,1435,1437,1445,1458,
1472,1484,1488,1489,1498,1531,1537,1542,
1545,1550,1558,1566,1569,1597,1607,1648,
1653,1654,1661,1663,1697,1711,1712,1740,
1745,1746,1761,1762,1784,1802,1803,1808,
1835,1858,1889,1891,1893,1919,1921,1926,
1946,1964,1967,2001,2006,2016,2023,2030,
2038,2050,2054,2071,2073,2097,2153,2156,
2191,2197,2205,2214,2219,2229,2233,2239,
2252,2295,2297,2302,2313,2315,2317,2325,
2331,2336,2344,2366,2380,2385,2389,2415,
2421,2422,2454,2455,2478,2484,2489,2505,
2511,2528,2533,2537,2542,2554,2558,2566,
2622,2645,2657,2738,2757,2764,2776,2777,
2785,2812,2819,2825,2838,2847,2858,2871,
2872,2898,2903,2919,2920,2924,2925,2928,
2956,2966,2979,2981,2983,2994,3001,3006,
3016,3048,3065,3081,3089,3101,3103,3111,
3112,3123,3133,3172,3185,3187,3208,3214,
3217,3258,3271,3310,3323,3330,3369,3374,
3382,3388,3395,3402,3409,3419,3427,3428,
3433,3443,3471,3519,3596,3599,3602,3610,
3612,3625,3644,3651,3691,3713,3734,3736,
3758,3779,3780,3787,3789,3799,3837,3859,
3883,3885,3896,3897,3904,3909,3923,3927,
3944,3953,3961,3989,3992,3999,4012,4025,
4031,4040,4044,4052,4053,4091,4098,4108,
4118,4133,4156,4170,4180,4197,4210,4211,
4213,4222,4229,4232,4244,4262,4285,4300,
4301,4310,4316,4328,4329,4385,4389,4404,
4412,4456,4472,4476,4492,4494,4495,4504,
4512,4532,4556,4565,4572,4578,4580,4584,
4666,4716,4719,4722,4724,4744,4745,4751,
4758,4788,4799,4810,4838,4872,4899,4904,
4910,4931,4976,4984,5013,5027,5036,5077,
5084,5091,5101,5106,5129,5140,5158,5184,
5188,5223,5228,5233,5265,5350,5353,5385,
5394,5396,5399,5431,5452,5464,5512,5562,
5598,5600,5607,5635,5649,5652,5660,5665,
5667,5670,5691,5697,5706,5717,5760,5764,
5797,5801,5813,5822,5868,5882,5896,5898,
5900,5908,5931,5940,5960,5972,6003,6004,
6005,6077,6084,6088,6099,6112,6115,6122,
6149,6150,6152,6157,6163,6165,6172,6183,
6206,6214,6268,6275,6279,6285,6314,6325,
6355,6401,6445,6472,6476,6481,6486,6505,
6506,6525,6535,6544,6545,6580,6585,6601,
6606,6611,6628,6630,6646,6658,6663,6667,
6701,6704,6732,6739,6743,6745,6752,6767,
6777,6798,6809,6810,6840,6862,6875,6885,
6898,6936,6944,6945,6949,6955,6960,6966,
6993,7011,7038,7052,7070,7080,7115,7119,
7174,7190,7196,7198,7204,7213,7222,7224,
7227,7237,7253,7254,7269,7285,7306,7315,
7322,7336,7359,7368,7390,7400,7426,7456,
7469,7472,7504,7505,7539,7552,7555,7566,
7569,7607,7661,7692,7713,7765,7770,7773,
7776,7777,7781,7805,7827,7841,7860,7864,
7937,7942,7956,7971,7979,7996,8013,8066,
8095,8145,8146,8152,8172,8173,8174,8176,
8178,8233,8237,8240,8243,8247,8253,8255,
8257,8275,8304,8309,8313,8325,8329,8331,
8346,8362,8365,8368,8381,8404,8411,8435,
8446,8450,8471,8481,8513,8518,8524,8542,
8565,8566,8577,8605,8613,8636,8654,8662,
8665,8674,8702,8711,8723,8758,8762,8774,
8777,8785,8813,8835,8842,8854,8886,8907,
8932,8946,8952,8958,8969,8984,8993,9006,
9007,9018,9020,9022,9034,9036,9046,9050,
9059,9123,9133,9185,9186,9187,9200,9202,
9208,9209,9211,9239,9256,9276,9279,9307,
9339,9428,9429,9447,9451,9482,9493,9499,
9502,9523,9530,9536,9538,9542,9545,9559,
9564,9570,9618,9634,9653,9656,9657,9671,
9676,9685,9697,9719,9723,9750,9761,9767,
9773,9780,9781,9803,9817,9835,9844,9845,
9897,9898,9936,9983,10003,10007,10010,10017,
10031,10039,10054,10064,10075,10096,10101,10138,
10157,10158,10172,10199,10229,10242,10259,10261,
10290,10295,10346,10349,10373,10385,10404,10415,
10424,10443,10462,10501,10508,10511,10534,10565,
10567,10570,10582,10601,10625,10627,10661,10663,
10710,10730,10749,10750,10751,10755,10770,10778,
10816,10845,10860,10939,10940,10965,10995,11001,
11038,11048,11060,11128,11137,11143,11166,11209,
11223,11240,11246,11261,11269,11281,11311,11335,
11364,11365,11372,11381,11440,11443,11457,11485,
11506,11531,11552,11556,11566,11582,11628,11634,
11652,11659,11689,11699,11716,11717,11750,11765,
11773,11783,11792,11821,11827,11835,11862,11867,
11871,11885,11951,11971,11976,12009,12014,12018,
12024,12027,12063,12100,12108,12138,12148,12150,
12160,12170,12182,12194,12245,12250,12264,12269,
12273,12305,12326,12338,12342,12346,12350,12354,
12365,12366,12379,12398,12427,12447,12454,12468,
12481,12492,12501,12504,12513,12523,12531,12534,
12552,12568,12590,12608,12609,12656,12662,12676,
12693,12703,12732,12757,12766,12781,12810,12812,
12826,12835,12853,12858,12878,12886,12903,12904,
12917,12934,12976,12993,13025,13029,13032,13033,
13073,13080,13081,13102,13107,13113,13122,13128,
13157,13161,13174,13179,13183,13185,13190,13204,
13205,13211,13218,13253,13289,13291,13311,13348,
13354,13375,13413,13423,13452,13503,13504,13507,
13532,13588,13631,13638,13644,13666,13688,13689,
13734,13738,13748,13769,13771,13782,13788,13804,
13809,13820,13829,13859,13866,13870,13881,13906,
13909,13917,13925,13943,13944,13961,14004,14031,
14033,14038,14039,14054,14081,14095,14097,14103,
14112,14115,14129,14136,14167,14197,14208,14218,
14223,14235,14250,14269,14290,14292,14293,14295,
14299,14309,14323,14326,14366,14417,14418,14446,
14459,14466,14469,14480,14482,14490,14504,14540,
14550,14592,14595,14612,14640,14650,14651,14658,
14668,14696,14709,14724,14725,14734,14764,14806,
14813,14820,14831,14843,14850,14865,14889,14890,
14894,14929,14948,14950,14955,14956,14985,15026,
15027,15037,15041,15056,15065,15079,15082,15083,
15091,15100,15105,15107,15126,15128,15129,15134,
15148,15155,15180,15188,15191,15197,15201,15225,
15227,15236,15241,15248,15252,15277,15280,15284,
15302,15336,15342,15343,15347,15395,15405,15410,
15414,15427,15452,15453,15467,15470,15475,15477,
15530,15538,15552,15565,15569,15597,15607,15627,
15654,15663,15682,15712,15716,15723,15730,15733,
15749,15755,15769,15772,15786,15789,15793,15821,
15828,15862,15865,15866,15882,15902,15919,15920,
15931,15935,15954,15955,16000,16028,16035,16045,
16056,16064,16078,16106,16232,16248,16252,16263,
16288,16326,16329,16338,16353,16368,16385,16393,
16394,16400,16402,16407,16418,16421,16423,16429,
16449,16493,16502,16505,16521,16523,16537,16538,
16550,16551,16555,16570,16579,16607,16638,16645,
16651,16662,16749,16752,16768,16774,16781,16799,
16808,16812,16831,16832,16839,16840,16844,16849,
16864,16906,16914,16917,16927,16936,16956,16960,
16969,16970,16977,16990,16994,16997,17011,17015,
17030,17044,17058,17061,17124,17132,17140,17141,
17147,17165,17168,17188,17193,17210,17232,17233,
17249,17252,17255,17257,17294,17321,17323,17330,
17331,17368,17369,17373,17379,17384,17386,17455,
17457,17485,17500,17501,17517,17527,17535,17567,
17583,17594,17611,17613,17644,17678,17704,17706,
17795,17814,17829,17834,17839,17842,17845,17856,
17870,17880,17887,17940,17943,17964,17965,17976,
17977,17990,17996,18004,18031,18033,18047,18051,
18061,18068,18087,18125,18128,18175,18179,18186,
18189,18191,18199,18205,18219,18228,18240,18284,
18287,18304,18327,18339,18341,18369,18378,18387,
18415,18436,18448,18467,18488,18490,18541,18545,
18553,18554,18557,18573,18599,18606,18611,18612,
18617,18632,18645,18648,18653,18655,18657,18659,
18676,18685,18728,18735,18737,18744,18756,18785,
18786,18813,18828,18861,18886,18903,18943,18954,
18979,18987,18992,19003,19012,19025,19048,19095,
19119,19125,19225,19255,19264,19296,19299,19302,
19348,19368,19389,19391,19406,19407,19411,19413,
19426,19429,19447,19467,19485,19508,19520,19541,
19569,19570,19573,19617,19642,19652,19654,19681,
19685,19699,19700,19710,19719,19744,19752,19755,
19757,19772,19776,19816,19823,19842,19844,19862,
19863,19878,19887,19936,19959,19961,19963,19981,
19986,20024,20028,20035,20036,20053,20056,20068,
20082,20115,20136,20152,20176,20189,20194,20221,
20236,20246,20250,20267,20292,20296,20320,20333,
20352,20374,20375,20406,20414,20464,20468,20476,
20498,20528,20537,20626,20635,20651,20668,20671,
20688,20731,20748,20749,20764,20785,20786,20832,
20853,20862,20887,20926,20962,20979,20983,20988,
21014,21020,21045,21051,21060,21082,21085,21088,
21110,21133,21144,21163,21178,21180,21198,21228,
21239,21240,21255,21261,21266,21268,21280,21304,
21313,21327,21337,21341,21350,21378,21414,21418,
21447,21448,21450,21452,21476,21495,21505,21510,
21517,21518,21526,21533,21551,21555,21560,21577,
21585,21624,21643,21693,21707,21742,21743,21746,
21747,21754,21756,21776,21794,21829,21833,21835,
21884,21906,21952,21966,21967,21971,21979,21984,
22015,22021,22026,22044,22054,22057,22113,22117,
22120,22128,22129,22145,22149,22154,22158,22188,
22194,22212,22213,22231,22235,22294,22303,22311,
22315,22320,22325,22333,22334,22336,22351,22382,
22404,22419,22431,22480,22485,22492,22496,22507,
22511,22513,22523,22548,22593,22599,22617,22654,
22659,22702,22703,22723,22751,22768,22788,22817,
22833,22895,22904,22921,22941,22958,22963,22964,
22971,22974,23003,23006,23012,23029,23035,23039,
23041,23068,23089,23094,23097,23116,23132,23157,
23198,23232,23249,23255,23289,23305,23314,23321,
23324,23330,23335,23345,23365,23400,23418,23425,
23468,23502,23511,23528,23535,23548,23560,23579,
23585,23596,23621,23630,23638,23644,23646,23703,
23704,23705,23720,23737,23758,23790,23795,23800,
23845,23851,23864,23869,23876,23878,23880,23906,
23920,23929,23939,23942,23944,23964,23973,23989,
23991,23999,24004,24046,24074,24095,24100,24119,
24122,24130,24142,24193,24198,24204,24222,24232,
24274,24280,24283,24308,24313,24331,24332,24355,
24360,24368,24383,24388,24403,24421,24432,24460,
24493,24508,24517,24518,24520,24531,24548,24549,
24558,24581,24593,24602,24616,24639,24647,24662,
24671,24678,24683,24689,24702,24707,24716,24733,
24739,24749,24759,24768,24771,24774,24786,24793,
24822,24831,24842,24850,24882,24890,24891,24892,
24894,24905,24938,24942,24944,24945,24954,24976,
25003,25049,25062,25079,25082,25106,25109,25114,
25143,25148,25149,25151,25161,25171,25188,25191,
25201,25252,25258,25264,25276,25287,25309,25331,
25351,25361,25362,25363,25380,25382,25389,25418,
25465,25466,25482,25487,25488,25494,25497,25499,
25501,25506,25537,25540,25544,25564,25566,25570,
25597,25602,25605,25609,25611,25613,25642,25663,
25687,25691,25738,25740,25750,25773,25785,25786,
25795,25806,25822,25833,25840,25844,25914,25922,
25923,25939,25970,25989,26021,26039,26071,26075,
26096,26107,26117,26120,26167,26181,26184,26189,
26209,26235,26240,26254,26262,26280,26294,26296,
26300,26309,26311,26316,26323,26325,26330,26340,
26362,26369,26394,26415,26428,26446,26506,26509,
26534,26539,26544,26558,26560,26597,26602,26605,
26621,26665,26676,26677,26683,26731,26750,26767,
26785,26793,26794,26811,26826,26833,26836,26844,
26850,26859,26863,26882,26884,26900,26904,26921,
26933,26937,26956,26958,26974,26993,27015,27044,
27058,27073,27084,27098,27105,27113,27123,27146,
27174,27182,27183,27198,27215,27220,27260,27289,
27298,27308,27329,27340,27399,27410,27434,27446,
27448,27457,27470,27471,27494,27499,27511,27518,
27525,27530,27533,27566,27585,27590,27618,27627,
27637,27653,27672,27674,27676,27686,27692,27711,
27726,27736,27737,27748,27763,27770,27774,27781,
27788,27795,27828,27842,27845,27865,27905,27964,
27988,28006,28035,28051,28056,28061,28065,28069,
28074,28081,28094,28108,28109,28116,28123,28124,
28154,28165,28174,28188,28190,28191,28212,28221,
28222,28231,28241,28253,28274,28291,28295,28299,
28304,28333,28335,28345,28356,28357,28365,28373,
28384,28403,28414,28423,28425,28446,28456,28474,
28479,28480,28498,28507,28534,28558,28568,28574,
28588,28616,28620,28622,28624,28651,28653,28665,
28687,28714,28767,28773,28792,28809,28820,28836,
28850,28851,28852,28872,28911,28926,28942,28978,
28994,29009,29014,29025,29035,29051,29058,29065,
29075,29078,29080,29081,29087,29098,29101,29105,
29126,29152,29154,29157,29169,29180,29203,29205,
29216,29217,29227,29228,29242,29251,29260,29282,
29292,29300,29301,29306,29310,29337,29355,29381,
29384,29390,29394,29406,29407,29420,29421,29429,
29439,29449,29467,29469,29482,29577,29581,29596,
29599,29608,29619,29624,29636,29646,29680,29685,
29693,29696,29704,29705,29717,29727,29758,29760,
29762,29781,29793,29800,29807,29810,29828,29829,
29849,29883,29921,29925,29944,29946,29950,29976,
29992,30006,30011,30012,30022,30040,30047,30050,
30055,30070,30078,30098,30137,30140,30145,30148,
30149,30150,30152,30165,30167,30188,30192,30199,
30215,30216,30220,30222,30253,30255,30275,30304,
30305,30311,30320,30333,30388,30420,30421,30441,
30446,30466,30470,30480,30496,30525,30528,30530,
30570,30601,30602,30650,30655,30672,30676,30709,
30713,30715,30717,30749,30753,30761,30765,30771,
30807,30822,30849,30858,30889,30897,30919,30927,
30949,30951,30953,30964,30968,30983,31004,31007,
31012,31013,31017,31018,31020,31040,31042,31044,
31051,31093,31118,31147,31151,31182,31184,31196,
31217,31230,31231,31236,31237,31239,31241,31250,
31257,31262,31322,31341,31353,31368,31376,31399,
31411,31413,31446,31455,31470,31477,31493,31496,
31505,31517,31545,31567,31575,31590,31592,31594,
31625,31631,31632,31633,31682,31699,31703,31735,
31737,31748,31752,31755,31769,31770,31786,31789,
31790,31856,31857,31864,31870,31875,31889,31901,
31905,31941,31951,31952,31957,32030,32047,32060,
32107,32123,32151,32152,32165,32178,32205,32235,
32268,32271,32276,32290,32302,32303,32356,32392,
32394,32418,32427,32429,32430,32439,32446,32454,
32455,32509,32513,32521,32527,32530,32545,32551,
32563,32564,32623,32624,32627,32628,32643,32644,
32652,32673,32730,32857,32858,32894,32930,33030,
33041,33049,33050,33062,33063,33113,33163,33180,
33181,33184,33188,33199,33222,33224,33249,33259,
33284,33306,33317,33324,33327,33328,33350,33357,
33358,33359,33377,33379,33470,33471,33479,33480,
33507,33531,33560,33565,33566,33573,33574,33586,
33591,33592,33617,33638,33659,33672,33673,33740,
33750,33751,33784,33786,33815,33850,33877,34060,
34078,34122,34130,34149,34208,34254,34270,34271,
34288,34290,34365,34369,34372,34384,34385,34391,
34394,34418,34490,34518,34519,34520,34521,34523,
34596,34597,34605,34620,34676,34700,34766,35001,
35004,35006,35007,35008,35100,35142,35157,35160,
35197,35204,35234,35235,35236,35262,35263,35330,
35333,35389,35397,35404,35501,35505,35508,35593,
35625,35627,35676,35684,35748,35749,35750,35756,
35768,35822,35824,35868,35967,35973,35974,35998,
36059,36082,36096,36099,36101,36117,36169,36170,
36171,36190,36191,36192,36200,36201,36316,36317,
36319,36394,36395,36417,36421,36422,36433,36443,
36468,36477,36492,36505,36506,36579,36580,36809,
36810,36811,36812,36859,36861,36867,36878,36879,
36935,36948,36965,37005,37025,37125,37128,37160,
37176,37177,37178,37179,37180,37181,37182,37183,
37305,37306,37326,37342,37411,37446,37457,37459,
37487,37561,37569,37661,37662,37851,38012,38013,
38014,38099,38105,38106,38107,38230,38288,38324,
38327,38354,38453,38522,38524,38525,38529,38546,
38556,38616,38702,38709,38710,38755,38756,38815,
38819,38820,38898,38900,38941,38942,38946,38947,
38948,38959,39029,39034,39038,39040,39041,39042,
39044,39047,39048,39049,39050,39051,39053,39077,
39191,39229,39236,39255,39263,39276,39277,39285,
39334,39340,39341,39342,39343,39404,39472,39480,
39569,39574,39658,39659,39692,39781,39845,39846,
39847,39848,39849,39855,39918,39919,39920,39923,
39999,40000,40001,40002,40011,40014,40063,40069,
40260,40261,40262,40367,40675,40687,40702,40704,
40709,40710,40711,40712,40713,40714,40729,40730,
40731,40802,40803,40810,40832,40835,41205,41225,
41232,41234,41346,41360,41498,41499,41503,41569,
41669,41697,41698,41699,41700,41718,41828,41934,
41935,41959,41969,41971,42045,42272,42297,42298,
42345,42369,42370,42371,42372,42403,42404,42405,
42406,42576,42577,42578,42579,42580,42581,42582,
42588,42590,42591,42592,42606,42710,42711,42712,
42713,42715,42740,42741,42789,42802,42804,42828,
42830,42831,42865,42866,42867,42868,42869,42870,
42883,42884,42885,42886,42887,42888,42889,42890,
42891,42892,42893,42894,42895,42896,42897,42898,
42899,42900,42901,42902,43015,43016,43017,43018,
43019,43020,43021,43022,43023,43024,43025,43026,
43027,43028,43135,43136,43210,43211,43212,43213,
43370,43732,43748,43749,43753,43754,43755,43756,
43757,43758,43759,43760,43761,43762,43763,43869,
43870,43871,43872,43891,44026,44237,44251,44314,
44316,44317,44318,44319,44320,44331,44332,44356,
44362,44363,44364,44365,44366,44367,44368,44369,
44370,44371,44372,44373,44374,44375,44376,44411,
44412,44413,44414,44415,44416