1441,1442,1443,1444,1445,1446,1447,1448,
1449,1450,1451,1452,1453,1454,1455,1456,
1457,1458,1459,1460,1461,1462,1463,1464,
1465,1466,1467,1468,1469,1470,1471,1472,
1473,1474,1475,1476,1477,1478,1479,1480,
1481,1482,1483,1484,1485,1486,1487,1488,
1489,1490,1491,1492,1493,1494,1495,1496,
1497,1498,1499,1500,1501,1502,1503,1504,
1505,1506,1507,1508,1509,1510,1511,1512,
1513,1514,1515,1516,1517,1518,1519,1520,
1521,1522,1523,1524,1525,1526,1527,1528,
1529,1530,1531,1532,1533,1534,1535,1536,
1537,1538,1539,1540,1541,1542,1543,1544,
1545,1546,1547,1548,1549,1550,1551,1552,
1553,1554,1555,1556,1557,1558,1559,1560,
1561,1562,1563,1564,1565,1566,1567,1568,
1569,1570,1571,1572,1573,1574,1575,1576,
1577,1578,1579,1580,1581,1582,1583,1584,
1585,1586,1587,1588,1589,1590,1591,1592,
1593,1594,1595,1596,1597,1598,1599,1600,
1601,1602,1603,1604,1605,1606,1607,1608,
1609,1610,1611,1612,1613,1614,1615,1616,
1617,1618,1619,1620,1621,1622,1623,1624,
1625,1626,1627,1628,1629,1630,1631,1632,
3073,3074,3075,3076,3077,3078,3079,3080,
3081,3082,3083,3084,3085,3086,3087,3088,
3089,3090,3091,3092,3093,3094,3095,3096,
3097,3098,3099,3100,3101,3102,3103,3104,
3105,3106,3107,3108,3109,3110,3111,3112,
3113,3114,3115,3116,3117,3118,3119,3120,
3121,3122,3123,3124,3125,3126,3127,3128,
3129,3130,3131,3132,3133,3134,3135,3136,
3137,3138,3139,3140,3141,3142,3143,3144,
3145,3146,3147,3148,3149,3150,3151,3152,
3153,3154,3155,3156,3157,3158,3159,3160,
3161,3162,3163,3164,3165,3166,3167,3168,
3169,3170,3171,3172,3173,3174,3175,3176,
3177,3178,3179,3180,3181,3182,3183,3184,
3185,3186,3187,3188,3189,3190,3191,3192,
3193,3194,3195,3196,3197,3198,3199,3200,
3201,3202,3203,3204,3205,3206,3207,3208,
3209,3210,3211,3212,3213,3214,3215,3216,
3217,3218,3219,3220,3221,3222,3223,3224,
3225,3226,3227,3228,3229,3230,3231,3232,
3233,3234,3235,3236,3237,3238,3239,3240,
3241,3242,3243,3244,3245,3246,3247,3248,
3249,3250,3251,3252,3253,3254,3255,3256,
3257,3258,3259,3260,3261,3262,3263,3264,
4705,4706,4707,4708,4709,4710,4711,4712,
4713,4714,4715,4716,4717,4718,4719,4720,
4721,4722,4723,4724,4725,4726,4727,4728,
4729,4730,4731,4732,4733,4734,4735,4736,
4737,4738,4739,4740,4741,4742,4743,4744,
4745,4746,4747,4748,4749,4750,4751,4752,
4753,4754,4755,4756,4757,4758,4759,4760,
4761,4762,4763,4764,4765,4766,4767,4768,
4769,4770,4771,4772,4773,4774,4775,4776,
4777,4778,4779,4780,4781,4782,4783,4784,
4785,4786,4787,4788,4789,4790,4791,4792,
4793,4794,4795,4796,4797,4798,4799,4800,
4801,4802,4803,4804,4805,4806,4807,4808,
4809,4810,4811,4812,4813,4814,4815,4816,
4817,4818,4819,4820,4821,4822,4823,4824,
4825,4826,4827,4828,4829,4830,4831,4832,
4833,4834,4835,4836,4837,4838,4839,4840,
4841,4842,4843,4844,4845,4846,4847,4848,
4849,4850,4851,4852,4853,4854,4855,4856,
4857,4858,4859,4860,4861,4862,4863,4864,
4865,4866,4867,4868,4869,4870,4871,4872,
4873,4874,4875,4876,4877,4878,4879,4880,
4881,4882,4883,4884,4885,4886,4887,4888,
4889,4890,4891,4892,4893,4894,4895,4896,
6337,6338,6339,6340,6341,6342,6343,6344,
6345,6346,6347,6348,6349,6350,6351,6352,
6353,6354,6355,6356,6357,6358,6359,6360,
6361,6362,6363,6364,6365,6366,6367,6368,
6369,6370,6371,6372,6373,6374,6375,6376,
6377,6378,6379,6380,6381,6382,6383,6384,
6385,6386,6387,6388,6389,6390,6391,6392,
6393,6394,6395,6396,6397,6398,6399,6400,
6401,6402,6403,6404,6405,6406,6407,6408,
6409,6410,6411,6412,6413,6414,6415,6416,
6417,6418,6419,6420,6421,6422,6423,6424,
6425,6426,6427,6428,6429,6430,6431,6432,
6433,6434,6435,6436,6437,6438,6439,6440,
6441,6442,6443,6444,6445,6446,6447,6448,
6449,6450,6451,6452,6453,6454,6455,6456,
6457,6458,6459,6460,6461,6462,6463,6464,
6465,6466,6467,6468,6469,6470,6471,6472,
6473,6474,6475,6476,6477,6478,6479,6480,
6481,6482,6483,6484,6485,6486,6487,6488,
6489,6490,6491,6492,6493,6494,6495,6496,
6497,6498,6499,6500,6501,6502,6503,6504,
6505,6506,6507,6508,6509,6510,6511,6512,
6513,6514,6515,6516,6517,6518,6519,6520,
6521,6522,6523,6524,6525,6526,6527,6528,
7969,7970,7971,7972,7973,7974,7975,7976,
7977,7978,7979,7980,7981,7982,7983,7984,
7985,7986,7987,7988,7989,7990,7991,7992,
7993,7994,7995,7996,7997,7998,7999,8000,
8001,8002,8003,8004,8005,8006,8007,8008,
8009,8010,8011,8012,8013,8014,8015,8016,
8017,8018,8019,8020,8021,8022,8023,8024,
8025,8026,8027,8028,8029,8030,8031,8032,
8033,8034,8035,8036,8037,8038,8039,8040,
8041,8042,8043,8044,8045,8046,8047,8048,
8049,8050,8051,8052,8053,8054,8055,8056,
8057,8058,8059,8060,8061,8062,8063,8064,
8065,8066,8067,8068,8069,8070,8071,8072,
8073,8074,8075,8076,8077,8078,8079,8080,
8081,8082,8083,8084,8085,8086,8087,8088,
8089,8090,8091,8092,8093,8094,8095,8096,
8097,8098,8099,8100,8101,8102,8103,8104,
8105,8106,8107,8108,8109,8110,8111,8112,
8113,8114,8115,8116,8117,8118,8119,8120,
8121,8122,8123,8124,8125,8126,8127,8128,
8129,8130,8131,8132,8133,8134,8135,8136,
8137,8138,8139,8140,8141,8142,8143,8144,
8145,8146,8147,8148,8149,8150,8151,8152,
8153,8154,8155,8156,8157,8158,8159,8160,
9601,9602,9603,9604,9605,9606,9607,9608,
9609,9610,9611,9612,9613,9614,9615,9616,
9617,9618,9619,9620,9621,9622,9623,9624,
9625,9626,9627,9628,9629,9630,9631,9632,
9633,9634,9635,9636,9637,9638,9639,9640,
9641,9642,9643,9644,9645,9646,9647,9648,
9649,9650,9651,9652,9653,9654,9655,9656,
9657,9658,9659,9660,9661,9662,9663,9664,
9665,9666,9667,9668,9669,9670,9671,9672,
9673,9674,9675,9676,9677,9678,9679,9680,
9681,9682,9683,9684,9685,9686,9687,9688,
9689,9690,9691,9692,9693,9694,9695,9696,
9697,9698,9699,9700,9701,9702,9703,9704,
9705,9706,9707,9708,9709,9710,9711,9712,
9713,9714,9715,9716,9717,9718,9719,9720,
9721,9722,9723,9724,9725,9726,9727,9728,
9729,9730,9731,9732,9733,9734,9735,9736,
9737,9738,9739,9740,9741,9742,9743,9744,
9745,9746,9747,9748,9749,9750,9751,9752,
9753,9754,9755,9756,9757,9758,9759,9760,
9761,9762,9763,9764,9765,9766,9767,9768,
9769,9770,9771,9772,9773,9774,9775,9776,
9777,9778,9779,9780,9781,9782,9783,9784,
9785,9786,9787,9788,9789,9790,9791,9792,
11233,11234,11235,11236,11237,11238,11239,11240,
11241,11242,11243,11244,11245,11246,11247,11248,
11249,11250,11251,11252,11253,11254,11255,11256,
11257,11258,11259,11260,11261,11262,11263,11264,
11265,11266,11267,11268,11269,11270,11271,11272,
11273,11274,11275,11276,11277,11278,11279,11280,
11281,11282,11283,11284,11285,11286,11287,11288,
11289,11290,11291,11292,11293,11294,11295,11296,
11297,11298,11299,11300,11301,11302,11303,11304,
11305,11306,11307,11308,11309,11310,11311,11312,
11313,11314,11315,11316,11317,11318,11319,11320,
11321,11322,11323,11324,11325,11326,11327,11328,
11329,11330,11331,11332,11333,11334,11335,11336,
11337,11338,11339,11340,11341,11342,11343,11344,
11345,11346,11347,11348,11349,11350,11351,11352,
11353,11354,11355,11356,11357,11358,11359,11360,
11361,11362,11363,11364,11365,11366,11367,11368,
11369,11370,11371,11372,11373,11374,11375,11376,
11377,11378,11379,11380,11381,11382,11383,11384,
11385,11386,11387,11388,11389,11390,11391,11392,
11393,11394,11395,11396,11397,11398,11399,11400,
11401,11402,11403,11404,11405,11406,11407,11408,
11409,11410,11411,11412,11413,11414,11415,11416,
11417,11418,11419,11420,11421,11422,11423,11424,
12865,12866,12867,12868,12869,12870,12871,12872,
12873,12874,12875,12876,12877,12878,12879,12880,
12881,12882,12883,12884,12885,12886,12887,12888,
12889,12890,12891,12892,12893,12894,12895,12896,
12897,12898,12899,12900,12901,12902,12903,12904,
12905,12906,12907,12908,12909,12910,12911,12912,
12913,12914,12915,12916,12917,12918,12919,12920,
12921,12922,12923,12924,12925,12926,12927,12928,
12929,12930,12931,12932,12933,12934,12935,12936,
12937,12938,12939,12940,12941,12942,12943,12944,
12945,12946,12947,12948,12949,12950,12951,12952,
12953,12954,12955,12956,12957,12958,12959,12960,
12961,12962,12963,12964,12965,12966,12967,12968,
12969,12970,12971,12972,12973,12974,12975,12976,
12977,12978,12979,12980,12981,12982,12983,12984,
12985,12986,12987,12988,12989,12990,12991,12992,
12993,12994,12995,12996,12997,12998,12999,13000,
13001,13002,13003,13004,13005,13006,13007,13008,
13009,13010,13011,13012,13013,13014,13015,13016,
13017,13018,13019,13020,13021,13022,13023,13024,
13025,13026,13027,13028,13029,13030,13031,13032,
13033,13034,13035,13036,13037,13038,13039,13040,
13041,13042,13043,13044,13045,13046,13047,13048,
13049,13050,13051,13052,13053,13054,13055,13056
