1249,1250,1251,1252,1253,1254,1255,1256,
1257,1258,1259,1260,1261,1262,1263,1264,
1265,1266,1267,1268,1269,1270,1271,1272,
1273,1274,1275,1276,1277,1278,1279,1280,
1281,1282,1283,1284,1285,1286,1287,1288,
1289,1290,1291,1292,1293,1294,1295,1296,
1297,1298,1299,1300,1301,1302,1303,1304,
1305,1306,1307,1308,1309,1310,1311,1312,
1313,1314,1315,1316,1317,1318,1319,1320,
1321,1322,1323,1324,1325,1326,1327,1328,
1329,1330,1331,1332,1333,1334,1335,1336,
1337,1338,1339,1340,1341,1342,1343,1344,
1345,1346,1347,1348,1349,1350,1351,1352,
1353,1354,1355,1356,1357,1358,1359,1360,
1361,1362,1363,1364,1365,1366,1367,1368,
1369,1370,1371,1372,1373,1374,1375,1376,
1377,1378,1379,1380,1381,1382,1383,1384,
1385,1386,1387,1388,1389,1390,1391,1392,
1393,1394,1395,1396,1397,1398,1399,1400,
1401,1402,1403,1404,1405,1406,1407,1408,
1409,1410,1411,1412,1413,1414,1415,1416,
1417,1418,1419,1420,1421,1422,1423,1424,
1425,1426,1427,1428,1429,1430,1431,1432,
1433,1434,1435,1436,1437,1438,1439,1440,
2881,2882,2883,2884,2885,2886,2887,2888,
2889,2890,2891,2892,2893,2894,2895,2896,
2897,2898,2899,2900,2901,2902,2903,2904,
2905,2906,2907,2908,2909,2910,2911,2912,
2913,2914,2915,2916,2917,2918,2919,2920,
2921,2922,2923,2924,2925,2926,2927,2928,
2929,2930,2931,2932,2933,2934,2935,2936,
2937,2938,2939,2940,2941,2942,2943,2944,
2945,2946,2947,2948,2949,2950,2951,2952,
2953,2954,2955,2956,2957,2958,2959,2960,
2961,2962,2963,2964,2965,2966,2967,2968,
2969,2970,2971,2972,2973,2974,2975,2976,
2977,2978,2979,2980,2981,2982,2983,2984,
2985,2986,2987,2988,2989,2990,2991,2992,
2993,2994,2995,2996,2997,2998,2999,3000,
3001,3002,3003,3004,3005,3006,3007,3008,
3009,3010,3011,3012,3013,3014,3015,3016,
3017,3018,3019,3020,3021,3022,3023,3024,
3025,3026,3027,3028,3029,3030,3031,3032,
3033,3034,3035,3036,3037,3038,3039,3040,
3041,3042,3043,3044,3045,3046,3047,3048,
3049,3050,3051,3052,3053,3054,3055,3056,
3057,3058,3059,3060,3061,3062,3063,3064,
3065,3066,3067,3068,3069,3070,3071,3072,
4513,4514,4515,4516,4517,4518,4519,4520,
4521,4522,4523,4524,4525,4526,4527,4528,
4529,4530,4531,4532,4533,4534,4535,4536,
4537,4538,4539,4540,4541,4542,4543,4544,
4545,4546,4547,4548,4549,4550,4551,4552,
4553,4554,4555,4556,4557,4558,4559,4560,
4561,4562,4563,4564,4565,4566,4567,4568,
4569,4570,4571,4572,4573,4574,4575,4576,
4577,4578,4579,4580,4581,4582,4583,4584,
4585,4586,4587,4588,4589,4590,4591,4592,
4593,4594,4595,4596,4597,4598,4599,4600,
4601,4602,4603,4604,4605,4606,4607,4608,
4609,4610,4611,4612,4613,4614,4615,4616,
4617,4618,4619,4620,4621,4622,4623,4624,
4625,4626,4627,4628,4629,4630,4631,4632,
4633,4634,4635,4636,4637,4638,4639,4640,
4641,4642,4643,4644,4645,4646,4647,4648,
4649,4650,4651,4652,4653,4654,4655,4656,
4657,4658,4659,4660,4661,4662,4663,4664,
4665,4666,4667,4668,4669,4670,4671,4672,
4673,4674,4675,4676,4677,4678,4679,4680,
4681,4682,4683,4684,4685,4686,4687,4688,
4689,4690,4691,4692,4693,4694,4695,4696,
4697,4698,4699,4700,4701,4702,4703,4704,
6145,6146,6147,6148,6149,6150,6151,6152,
6153,6154,6155,6156,6157,6158,6159,6160,
6161,6162,6163,6164,6165,6166,6167,6168,
6169,6170,6171,6172,6173,6174,6175,6176,
6177,6178,6179,6180,6181,6182,6183,6184,
6185,6186,6187,6188,6189,6190,6191,6192,
6193,6194,6195,6196,6197,6198,6199,6200,
6201,6202,6203,6204,6205,6206,6207,6208,
6209,6210,6211,6212,6213,6214,6215,6216,
6217,6218,6219,6220,6221,6222,6223,6224,
6225,6226,6227,6228,6229,6230,6231,6232,
6233,6234,6235,6236,6237,6238,6239,6240,
6241,6242,6243,6244,6245,6246,6247,6248,
6249,6250,6251,6252,6253,6254,6255,6256,
6257,6258,6259,6260,6261,6262,6263,6264,
6265,6266,6267,6268,6269,6270,6271,6272,
6273,6274,6275,6276,6277,6278,6279,6280,
6281,6282,6283,6284,6285,6286,6287,6288,
6289,6290,6291,6292,6293,6294,6295,6296,
6297,6298,6299,6300,6301,6302,6303,6304,
6305,6306,6307,6308,6309,6310,6311,6312,
6313,6314,6315,6316,6317,6318,6319,6320,
6321,6322,6323,6324,6325,6326,6327,6328,
6329,6330,6331,6332,6333,6334,6335,6336,
7777,7778,7779,7780,7781,7782,7783,7784,
7785,7786,7787,7788,7789,7790,7791,7792,
7793,7794,7795,7796,7797,7798,7799,7800,
7801,7802,7803,7804,7805,7806,7807,7808,
7809,7810,7811,7812,7813,7814,7815,7816,
7817,7818,7819,7820,7821,7822,7823,7824,
7825,7826,7827,7828,7829,7830,7831,7832,
7833,7834,7835,7836,7837,7838,7839,7840,
7841,7842,7843,7844,7845,7846,7847,7848,
7849,7850,7851,7852,7853,7854,7855,7856,
7857,7858,7859,7860,7861,7862,7863,7864,
7865,7866,7867,7868,7869,7870,7871,7872,
7873,7874,7875,7876,7877,7878,7879,7880,
7881,7882,7883,7884,7885,7886,7887,7888,
7889,7890,7891,7892,7893,7894,7895,7896,
7897,7898,7899,7900,7901,7902,7903,7904,
7905,7906,7907,7908,7909,7910,7911,7912,
7913,7914,7915,7916,7917,7918,7919,7920,
7921,7922,7923,7924,7925,7926,7927,7928,
7929,7930,7931,7932,7933,7934,7935,7936,
7937,7938,7939,7940,7941,7942,7943,7944,
7945,7946,7947,7948,7949,7950,7951,7952,
7953,7954,7955,7956,7957,7958,7959,7960,
7961,7962,7963,7964,7965,7966,7967,7968,
9409,9410,9411,9412,9413,9414,9415,9416,
9417,9418,9419,9420,9421,9422,9423,9424,
9425,9426,9427,9428,9429,9430,9431,9432,
9433,9434,9435,9436,9437,9438,9439,9440,
9441,9442,9443,9444,9445,9446,9447,9448,
9449,9450,9451,9452,9453,9454,9455,9456,
9457,9458,9459,9460,9461,9462,9463,9464,
9465,9466,9467,9468,9469,9470,9471,9472,
9473,9474,9475,9476,9477,9478,9479,9480,
9481,9482,9483,9484,9485,9486,9487,9488,
9489,9490,9491,9492,9493,9494,9495,9496,
9497,9498,9499,9500,9501,9502,9503,9504,
9505,9506,9507,9508,9509,9510,9511,9512,
9513,9514,9515,9516,9517,9518,9519,9520,
9521,9522,9523,9524,9525,9526,9527,9528,
9529,9530,9531,9532,9533,9534,9535,9536,
9537,9538,9539,9540,9541,9542,9543,9544,
9545,9546,9547,9548,9549,9550,9551,9552,
9553,9554,9555,9556,9557,9558,9559,9560,
9561,9562,9563,9564,9565,9566,9567,9568,
9569,9570,9571,9572,9573,9574,9575,9576,
9577,9578,9579,9580,9581,9582,9583,9584,
9585,9586,9587,9588,9589,9590,9591,9592,
9593,9594,9595,9596,9597,9598,9599,9600,
11041,11042,11043,11044,11045,11046,11047,11048,
11049,11050,11051,11052,11053,11054,11055,11056,
11057,11058,11059,11060,11061,11062,11063,11064,
11065,11066,11067,11068,11069,11070,11071,11072,
11073,11074,11075,11076,11077,11078,11079,11080,
11081,11082,11083,11084,11085,11086,11087,11088,
11089,11090,11091,11092,11093,11094,11095,11096,
11097,11098,11099,11100,11101,11102,11103,11104,
11105,11106,11107,11108,11109,11110,11111,11112,
11113,11114,11115,11116,11117,11118,11119,11120,
11121,11122,11123,11124,11125,11126,11127,11128,
11129,11130,11131,11132,11133,11134,11135,11136,
11137,11138,11139,11140,11141,11142,11143,11144,
11145,11146,11147,11148,11149,11150,11151,11152,
11153,11154,11155,11156,11157,11158,11159,11160,
11161,11162,11163,11164,11165,11166,11167,11168,
11169,11170,11171,11172,11173,11174,11175,11176,
11177,11178,11179,11180,11181,11182,11183,11184,
11185,11186,11187,11188,11189,11190,11191,11192,
11193,11194,11195,11196,11197,11198,11199,11200,
11201,11202,11203,11204,11205,11206,11207,11208,
11209,11210,11211,11212,11213,11214,11215,11216,
11217,11218,11219,11220,11221,11222,11223,11224,
11225,11226,11227,11228,11229,11230,11231,11232,
12673,12674,12675,12676,12677,12678,12679,12680,
12681,12682,12683,12684,12685,12686,12687,12688,
12689,12690,12691,12692,12693,12694,12695,12696,
12697,12698,12699,12700,12701,12702,12703,12704,
12705,12706,12707,12708,12709,12710,12711,12712,
12713,12714,12715,12716,12717,12718,12719,12720,
12721,12722,12723,12724,12725,12726,12727,12728,
12729,12730,12731,12732,12733,12734,12735,12736,
12737,12738,12739,12740,12741,12742,12743,12744,
12745,12746,12747,12748,12749,12750,12751,12752,
12753,12754,12755,12756,12757,12758,12759,12760,
12761,12762,12763,12764,12765,12766,12767,12768,
12769,12770,12771,12772,12773,12774,12775,12776,
12777,12778,12779,12780,12781,12782,12783,12784,
12785,12786,12787,12788,12789,12790,12791,12792,
12793,12794,12795,12796,12797,12798,12799,12800,
12801,12802,12803,12804,12805,12806,12807,12808,
12809,12810,12811,12812,12813,12814,12815,12816,
12817,12818,12819,12820,12821,12822,12823,12824,
12825,12826,12827,12828,12829,12830,12831,12832,
12833,12834,12835,12836,12837,12838,12839,12840,
12841,12842,12843,12844,12845,12846,12847,12848,
12849,12850,12851,12852,12853,12854,12855,12856,
12857,12858,12859,12860,12861,12862,12863,12864
