1057,1058,1059,1060,1061,1062,1063,1064,
1065,1066,1067,1068,1069,1070,1071,1072,
1073,1074,1075,1076,1077,1078,1079,1080,
1081,1082,1083,1084,1085,1086,1087,1088,
1089,1090,1091,1092,1093,1094,1095,1096,
1097,1098,1099,1100,1101,1102,1103,1104,
1105,1106,1107,1108,1109,1110,1111,1112,
1113,1114,1115,1116,1117,1118,1119,1120,
1121,1122,1123,1124,1125,1126,1127,1128,
1129,1130,1131,1132,1133,1134,1135,1136,
1137,1138,1139,1140,1141,1142,1143,1144,
1145,1146,1147,1148,1149,1150,1151,1152,
1153,1154,1155,1156,1157,1158,1159,1160,
1161,1162,1163,1164,1165,1166,1167,1168,
1169,1170,1171,1172,1173,1174,1175,1176,
1177,1178,1179,1180,1181,1182,1183,1184,
1185,1186,1187,1188,1189,1190,1191,1192,
1193,1194,1195,1196,1197,1198,1199,1200,
1201,1202,1203,1204,1205,1206,1207,1208,
1209,1210,1211,1212,1213,1214,1215,1216,
1217,1218,1219,1220,1221,1222,1223,1224,
1225,1226,1227,1228,1229,1230,1231,1232,
1233,1234,1235,1236,1237,1238,1239,1240,
1241,1242,1243,1244,1245,1246,1247,1248,
2689,2690,2691,2692,2693,2694,2695,2696,
2697,2698,2699,2700,2701,2702,2703,2704,
2705,2706,2707,2708,2709,2710,2711,2712,
2713,2714,2715,2716,2717,2718,2719,2720,
2721,2722,2723,2724,2725,2726,2727,2728,
2729,2730,2731,2732,2733,2734,2735,2736,
2737,2738,2739,2740,2741,2742,2743,2744,
2745,2746,2747,2748,2749,2750,2751,2752,
2753,2754,2755,2756,2757,2758,2759,2760,
2761,2762,2763,2764,2765,2766,2767,2768,
2769,2770,2771,2772,2773,2774,2775,2776,
2777,2778,2779,2780,2781,2782,2783,2784,
2785,2786,2787,2788,2789,2790,2791,2792,
2793,2794,2795,2796,2797,2798,2799,2800,
2801,2802,2803,2804,2805,2806,2807,2808,
2809,2810,2811,2812,2813,2814,2815,2816,
2817,2818,2819,2820,2821,2822,2823,2824,
2825,2826,2827,2828,2829,2830,2831,2832,
2833,2834,2835,2836,2837,2838,2839,2840,
2841,2842,2843,2844,2845,2846,2847,2848,
2849,2850,2851,2852,2853,2854,2855,2856,
2857,2858,2859,2860,2861,2862,2863,2864,
2865,2866,2867,2868,2869,2870,2871,2872,
2873,2874,2875,2876,2877,2878,2879,2880,
4321,4322,4323,4324,4325,4326,4327,4328,
4329,4330,4331,4332,4333,4334,4335,4336,
4337,4338,4339,4340,4341,4342,4343,4344,
4345,4346,4347,4348,4349,4350,4351,4352,
4353,4354,4355,4356,4357,4358,4359,4360,
4361,4362,4363,4364,4365,4366,4367,4368,
4369,4370,4371,4372,4373,4374,4375,4376,
4377,4378,4379,4380,4381,4382,4383,4384,
4385,4386,4387,4388,4389,4390,4391,4392,
4393,4394,4395,4396,4397,4398,4399,4400,
4401,4402,4403,4404,4405,4406,4407,4408,
4409,4410,4411,4412,4413,4414,4415,4416,
4417,4418,4419,4420,4421,4422,4423,4424,
4425,4426,4427,4428,4429,4430,4431,4432,
4433,4434,4435,4436,4437,4438,4439,4440,
4441,4442,4443,4444,4445,4446,4447,4448,
4449,4450,4451,4452,4453,4454,4455,4456,
4457,4458,4459,4460,4461,4462,4463,4464,
4465,4466,4467,4468,4469,4470,4471,4472,
4473,4474,4475,4476,4477,4478,4479,4480,
4481,4482,4483,4484,4485,4486,4487,4488,
4489,4490,4491,4492,4493,4494,4495,4496,
4497,4498,4499,4500,4501,4502,4503,4504,
4505,4506,4507,4508,4509,4510,4511,4512,
5953,5954,5955,5956,5957,5958,5959,5960,
5961,5962,5963,5964,5965,5966,5967,5968,
5969,5970,5971,5972,5973,5974,5975,5976,
5977,5978,5979,5980,5981,5982,5983,5984,
5985,5986,5987,5988,5989,5990,5991,5992,
5993,5994,5995,5996,5997,5998,5999,6000,
6001,6002,6003,6004,6005,6006,6007,6008,
6009,6010,6011,6012,6013,6014,6015,6016,
6017,6018,6019,6020,6021,6022,6023,6024,
6025,6026,6027,6028,6029,6030,6031,6032,
6033,6034,6035,6036,6037,6038,6039,6040,
6041,6042,6043,6044,6045,6046,6047,6048,
6049,6050,6051,6052,6053,6054,6055,6056,
6057,6058,6059,6060,6061,6062,6063,6064,
6065,6066,6067,6068,6069,6070,6071,6072,
6073,6074,6075,6076,6077,6078,6079,6080,
6081,6082,6083,6084,6085,6086,6087,6088,
6089,6090,6091,6092,6093,6094,6095,6096,
6097,6098,6099,6100,6101,6102,6103,6104,
6105,6106,6107,6108,6109,6110,6111,6112,
6113,6114,6115,6116,6117,6118,6119,6120,
6121,6122,6123,6124,6125,6126,6127,6128,
6129,6130,6131,6132,6133,6134,6135,6136,
6137,6138,6139,6140,6141,6142,6143,6144,
7585,7586,7587,7588,7589,7590,7591,7592,
7593,7594,7595,7596,7597,7598,7599,7600,
7601,7602,7603,7604,7605,7606,7607,7608,
7609,7610,7611,7612,7613,7614,7615,7616,
7617,7618,7619,7620,7621,7622,7623,7624,
7625,7626,7627,7628,7629,7630,7631,7632,
7633,7634,7635,7636,7637,7638,7639,7640,
7641,7642,7643,7644,7645,7646,7647,7648,
7649,7650,7651,7652,7653,7654,7655,7656,
7657,7658,7659,7660,7661,7662,7663,7664,
7665,7666,7667,7668,7669,7670,7671,7672,
7673,7674,7675,7676,7677,7678,7679,7680,
7681,7682,7683,7684,7685,7686,7687,7688,
7689,7690,7691,7692,7693,7694,7695,7696,
7697,7698,7699,7700,7701,7702,7703,7704,
7705,7706,7707,7708,7709,7710,7711,7712,
7713,7714,7715,7716,7717,7718,7719,7720,
7721,7722,7723,7724,7725,7726,7727,7728,
7729,7730,7731,7732,7733,7734,7735,7736,
7737,7738,7739,7740,7741,7742,7743,7744,
7745,7746,7747,7748,7749,7750,7751,7752,
7753,7754,7755,7756,7757,7758,7759,7760,
7761,7762,7763,7764,7765,7766,7767,7768,
7769,7770,7771,7772,7773,7774,7775,7776,
9217,9218,9219,9220,9221,9222,9223,9224,
9225,9226,9227,9228,9229,9230,9231,9232,
9233,9234,9235,9236,9237,9238,9239,9240,
9241,9242,9243,9244,9245,9246,9247,9248,
9249,9250,9251,9252,9253,9254,9255,9256,
9257,9258,9259,9260,9261,9262,9263,9264,
9265,9266,9267,9268,9269,9270,9271,9272,
9273,9274,9275,9276,9277,9278,9279,9280,
9281,9282,9283,9284,9285,9286,9287,9288,
9289,9290,9291,9292,9293,9294,9295,9296,
9297,9298,9299,9300,9301,9302,9303,9304,
9305,9306,9307,9308,9309,9310,9311,9312,
9313,9314,9315,9316,9317,9318,9319,9320,
9321,9322,9323,9324,9325,9326,9327,9328,
9329,9330,9331,9332,9333,9334,9335,9336,
9337,9338,9339,9340,9341,9342,9343,9344,
9345,9346,9347,9348,9349,9350,9351,9352,
9353,9354,9355,9356,9357,9358,9359,9360,
9361,9362,9363,9364,9365,9366,9367,9368,
9369,9370,9371,9372,9373,9374,9375,9376,
9377,9378,9379,9380,9381,9382,9383,9384,
9385,9386,9387,9388,9389,9390,9391,9392,
9393,9394,9395,9396,9397,9398,9399,9400,
9401,9402,9403,9404,9405,9406,9407,9408,
10849,10850,10851,10852,10853,10854,10855,10856,
10857,10858,10859,10860,10861,10862,10863,10864,
10865,10866,10867,10868,10869,10870,10871,10872,
10873,10874,10875,10876,10877,10878,10879,10880,
10881,10882,10883,10884,10885,10886,10887,10888,
10889,10890,10891,10892,10893,10894,10895,10896,
10897,10898,10899,10900,10901,10902,10903,10904,
10905,10906,10907,10908,10909,10910,10911,10912,
10913,10914,10915,10916,10917,10918,10919,10920,
10921,10922,10923,10924,10925,10926,10927,10928,
10929,10930,10931,10932,10933,10934,10935,10936,
10937,10938,10939,10940,10941,10942,10943,10944,
10945,10946,10947,10948,10949,10950,10951,10952,
10953,10954,10955,10956,10957,10958,10959,10960,
10961,10962,10963,10964,10965,10966,10967,10968,
10969,10970,10971,10972,10973,10974,10975,10976,
10977,10978,10979,10980,10981,10982,10983,10984,
10985,10986,10987,10988,10989,10990,10991,10992,
10993,10994,10995,10996,10997,10998,10999,11000,
11001,11002,11003,11004,11005,11006,11007,11008,
11009,11010,11011,11012,11013,11014,11015,11016,
11017,11018,11019,11020,11021,11022,11023,11024,
11025,11026,11027,11028,11029,11030,11031,11032,
11033,11034,11035,11036,11037,11038,11039,11040,
12481,12482,12483,12484,12485,12486,12487,12488,
12489,12490,12491,12492,12493,12494,12495,12496,
12497,12498,12499,12500,12501,12502,12503,12504,
12505,12506,12507,12508,12509,12510,12511,12512,
12513,12514,12515,12516,12517,12518,12519,12520,
12521,12522,12523,12524,12525,12526,12527,12528,
12529,12530,12531,12532,12533,12534,12535,12536,
12537,12538,12539,12540,12541,12542,12543,12544,
12545,12546,12547,12548,12549,12550,12551,12552,
12553,12554,12555,12556,12557,12558,12559,12560,
12561,12562,12563,12564,12565,12566,12567,12568,
12569,12570,12571,12572,12573,12574,12575,12576,
12577,12578,12579,12580,12581,12582,12583,12584,
12585,12586,12587,12588,12589,12590,12591,12592,
12593,12594,12595,12596,12597,12598,12599,12600,
12601,12602,12603,12604,12605,12606,12607,12608,
12609,12610,12611,12612,12613,12614,12615,12616,
12617,12618,12619,12620,12621,12622,12623,12624,
12625,12626,12627,12628,12629,12630,12631,12632,
12633,12634,12635,12636,12637,12638,12639,12640,
12641,12642,12643,12644,12645,12646,12647,12648,
12649,12650,12651,12652,12653,12654,12655,12656,
12657,12658,12659,12660,12661,12662,12663,12664,
12665,12666,12667,12668,12669,12670,12671,12672
