865,866,867,868,869,870,871,872,
873,874,875,876,877,878,879,880,
881,882,883,884,885,886,887,888,
889,890,891,892,893,894,895,896,
897,898,899,900,901,902,903,904,
905,906,907,908,909,910,911,912,
913,914,915,916,917,918,919,920,
921,922,923,924,925,926,927,928,
929,930,931,932,933,934,935,936,
937,938,939,940,941,942,943,944,
945,946,947,948,949,950,951,952,
953,954,955,956,957,958,959,960,
961,962,963,964,965,966,967,968,
969,970,971,972,973,974,975,976,
977,978,979,980,981,982,983,984,
985,986,987,988,989,990,991,992,
993,994,995,996,997,998,999,1000,
1001,1002,1003,1004,1005,1006,1007,1008,
1009,1010,1011,1012,1013,1014,1015,1016,
1017,1018,1019,1020,1021,1022,1023,1024,
1025,1026,1027,1028,1029,1030,1031,1032,
1033,1034,1035,1036,1037,1038,1039,1040,
1041,1042,1043,1044,1045,1046,1047,1048,
1049,1050,1051,1052,1053,1054,1055,1056,
2497,2498,2499,2500,2501,2502,2503,2504,
2505,2506,2507,2508,2509,2510,2511,2512,
2513,2514,2515,2516,2517,2518,2519,2520,
2521,2522,2523,2524,2525,2526,2527,2528,
2529,2530,2531,2532,2533,2534,2535,2536,
2537,2538,2539,2540,2541,2542,2543,2544,
2545,2546,2547,2548,2549,2550,2551,2552,
2553,2554,2555,2556,2557,2558,2559,2560,
2561,2562,2563,2564,2565,2566,2567,2568,
2569,2570,2571,2572,2573,2574,2575,2576,
2577,2578,2579,2580,2581,2582,2583,2584,
2585,2586,2587,2588,2589,2590,2591,2592,
2593,2594,2595,2596,2597,2598,2599,2600,
2601,2602,2603,2604,2605,2606,2607,2608,
2609,2610,2611,2612,2613,2614,2615,2616,
2617,2618,2619,2620,2621,2622,2623,2624,
2625,2626,2627,2628,2629,2630,2631,2632,
2633,2634,2635,2636,2637,2638,2639,2640,
2641,2642,2643,2644,2645,2646,2647,2648,
2649,2650,2651,2652,2653,2654,2655,2656,
2657,2658,2659,2660,2661,2662,2663,2664,
2665,2666,2667,2668,2669,2670,2671,2672,
2673,2674,2675,2676,2677,2678,2679,2680,
2681,2682,2683,2684,2685,2686,2687,2688,
4129,4130,4131,4132,4133,4134,4135,4136,
4137,4138,4139,4140,4141,4142,4143,4144,
4145,4146,4147,4148,4149,4150,4151,4152,
4153,4154,4155,4156,4157,4158,4159,4160,
4161,4162,4163,4164,4165,4166,4167,4168,
4169,4170,4171,4172,4173,4174,4175,4176,
4177,4178,4179,4180,4181,4182,4183,4184,
4185,4186,4187,4188,4189,4190,4191,4192,
4193,4194,4195,4196,4197,4198,4199,4200,
4201,4202,4203,4204,4205,4206,4207,4208,
4209,4210,4211,4212,4213,4214,4215,4216,
4217,4218,4219,4220,4221,4222,4223,4224,
4225,4226,4227,4228,4229,4230,4231,4232,
4233,4234,4235,4236,4237,4238,4239,4240,
4241,4242,4243,4244,4245,4246,4247,4248,
4249,4250,4251,4252,4253,4254,4255,4256,
4257,4258,4259,4260,4261,4262,4263,4264,
4265,4266,4267,4268,4269,4270,4271,4272,
4273,4274,4275,4276,4277,4278,4279,4280,
4281,4282,4283,4284,4285,4286,4287,4288,
4289,4290,4291,4292,4293,4294,4295,4296,
4297,4298,4299,4300,4301,4302,4303,4304,
4305,4306,4307,4308,4309,4310,4311,4312,
4313,4314,4315,4316,4317,4318,4319,4320,
5761,5762,5763,5764,5765,5766,5767,5768,
5769,5770,5771,5772,5773,5774,5775,5776,
5777,5778,5779,5780,5781,5782,5783,5784,
5785,5786,5787,5788,5789,5790,5791,5792,
5793,5794,5795,5796,5797,5798,5799,5800,
5801,5802,5803,5804,5805,5806,5807,5808,
5809,5810,5811,5812,5813,5814,5815,5816,
5817,5818,5819,5820,5821,5822,5823,5824,
5825,5826,5827,5828,5829,5830,5831,5832,
5833,5834,5835,5836,5837,5838,5839,5840,
5841,5842,5843,5844,5845,5846,5847,5848,
5849,5850,5851,5852,5853,5854,5855,5856,
5857,5858,5859,5860,5861,5862,5863,5864,
5865,5866,5867,5868,5869,5870,5871,5872,
5873,5874,5875,5876,5877,5878,5879,5880,
5881,5882,5883,5884,5885,5886,5887,5888,
5889,5890,5891,5892,5893,5894,5895,5896,
5897,5898,5899,5900,5901,5902,5903,5904,
5905,5906,5907,5908,5909,5910,5911,5912,
5913,5914,5915,5916,5917,5918,5919,5920,
5921,5922,5923,5924,5925,5926,5927,5928,
5929,5930,5931,5932,5933,5934,5935,5936,
5937,5938,5939,5940,5941,5942,5943,5944,
5945,5946,5947,5948,5949,5950,5951,5952,
7393,7394,7395,7396,7397,7398,7399,7400,
7401,7402,7403,7404,7405,7406,7407,7408,
7409,7410,7411,7412,7413,7414,7415,7416,
7417,7418,7419,7420,7421,7422,7423,7424,
7425,7426,7427,7428,7429,7430,7431,7432,
7433,7434,7435,7436,7437,7438,7439,7440,
7441,7442,7443,7444,7445,7446,7447,7448,
7449,7450,7451,7452,7453,7454,7455,7456,
7457,7458,7459,7460,7461,7462,7463,7464,
7465,7466,7467,7468,7469,7470,7471,7472,
7473,7474,7475,7476,7477,7478,7479,7480,
7481,7482,7483,7484,7485,7486,7487,7488,
7489,7490,7491,7492,7493,7494,7495,7496,
7497,7498,7499,7500,7501,7502,7503,7504,
7505,7506,7507,7508,7509,7510,7511,7512,
7513,7514,7515,7516,7517,7518,7519,7520,
7521,7522,7523,7524,7525,7526,7527,7528,
7529,7530,7531,7532,7533,7534,7535,7536,
7537,7538,7539,7540,7541,7542,7543,7544,
7545,7546,7547,7548,7549,7550,7551,7552,
7553,7554,7555,7556,7557,7558,7559,7560,
7561,7562,7563,7564,7565,7566,7567,7568,
7569,7570,7571,7572,7573,7574,7575,7576,
7577,7578,7579,7580,7581,7582,7583,7584,
9025,9026,9027,9028,9029,9030,9031,9032,
9033,9034,9035,9036,9037,9038,9039,9040,
9041,9042,9043,9044,9045,9046,9047,9048,
9049,9050,9051,9052,9053,9054,9055,9056,
9057,9058,9059,9060,9061,9062,9063,9064,
9065,9066,9067,9068,9069,9070,9071,9072,
9073,9074,9075,9076,9077,9078,9079,9080,
9081,9082,9083,9084,9085,9086,9087,9088,
9089,9090,9091,9092,9093,9094,9095,9096,
9097,9098,9099,9100,9101,9102,9103,9104,
9105,9106,9107,9108,9109,9110,9111,9112,
9113,9114,9115,9116,9117,9118,9119,9120,
9121,9122,9123,9124,9125,9126,9127,9128,
9129,9130,9131,9132,9133,9134,9135,9136,
9137,9138,9139,9140,9141,9142,9143,9144,
9145,9146,9147,9148,9149,9150,9151,9152,
9153,9154,9155,9156,9157,9158,9159,9160,
9161,9162,9163,9164,9165,9166,9167,9168,
9169,9170,9171,9172,9173,9174,9175,9176,
9177,9178,9179,9180,9181,9182,9183,9184,
9185,9186,9187,9188,9189,9190,9191,9192,
9193,9194,9195,9196,9197,9198,9199,9200,
9201,9202,9203,9204,9205,9206,9207,9208,
9209,9210,9211,9212,9213,9214,9215,9216,
10657,10658,10659,10660,10661,10662,10663,10664,
10665,10666,10667,10668,10669,10670,10671,10672,
10673,10674,10675,10676,10677,10678,10679,10680,
10681,10682,10683,10684,10685,10686,10687,10688,
10689,10690,10691,10692,10693,10694,10695,10696,
10697,10698,10699,10700,10701,10702,10703,10704,
10705,10706,10707,10708,10709,10710,10711,10712,
10713,10714,10715,10716,10717,10718,10719,10720,
10721,10722,10723,10724,10725,10726,10727,10728,
10729,10730,10731,10732,10733,10734,10735,10736,
10737,10738,10739,10740,10741,10742,10743,10744,
10745,10746,10747,10748,10749,10750,10751,10752,
10753,10754,10755,10756,10757,10758,10759,10760,
10761,10762,10763,10764,10765,10766,10767,10768,
10769,10770,10771,10772,10773,10774,10775,10776,
10777,10778,10779,10780,10781,10782,10783,10784,
10785,10786,10787,10788,10789,10790,10791,10792,
10793,10794,10795,10796,10797,10798,10799,10800,
10801,10802,10803,10804,10805,10806,10807,10808,
10809,10810,10811,10812,10813,10814,10815,10816,
10817,10818,10819,10820,10821,10822,10823,10824,
10825,10826,10827,10828,10829,10830,10831,10832,
10833,10834,10835,10836,10837,10838,10839,10840,
10841,10842,10843,10844,10845,10846,10847,10848,
12289,12290,12291,12292,12293,12294,12295,12296,
12297,12298,12299,12300,12301,12302,12303,12304,
12305,12306,12307,12308,12309,12310,12311,12312,
12313,12314,12315,12316,12317,12318,12319,12320,
12321,12322,12323,12324,12325,12326,12327,12328,
12329,12330,12331,12332,12333,12334,12335,12336,
12337,12338,12339,12340,12341,12342,12343,12344,
12345,12346,12347,12348,12349,12350,12351,12352,
12353,12354,12355,12356,12357,12358,12359,12360,
12361,12362,12363,12364,12365,12366,12367,12368,
12369,12370,12371,12372,12373,12374,12375,12376,
12377,12378,12379,12380,12381,12382,12383,12384,
12385,12386,12387,12388,12389,12390,12391,12392,
12393,12394,12395,12396,12397,12398,12399,12400,
12401,12402,12403,12404,12405,12406,12407,12408,
12409,12410,12411,12412,12413,12414,12415,12416,
12417,12418,12419,12420,12421,12422,12423,12424,
12425,12426,12427,12428,12429,12430,12431,12432,
12433,12434,12435,12436,12437,12438,12439,12440,
12441,12442,12443,12444,12445,12446,12447,12448,
12449,12450,12451,12452,12453,12454,12455,12456,
12457,12458,12459,12460,12461,12462,12463,12464,
12465,12466,12467,12468,12469,12470,12471,12472,
12473,12474,12475,12476,12477,12478,12479,12480
