673,674,675,676,677,678,679,680,
681,682,683,684,685,686,687,688,
689,690,691,692,693,694,695,696,
697,698,699,700,701,702,703,704,
705,706,707,708,709,710,711,712,
713,714,715,716,717,718,719,720,
721,722,723,724,725,726,727,728,
729,730,731,732,733,734,735,736,
737,738,739,740,741,742,743,744,
745,746,747,748,749,750,751,752,
753,754,755,756,757,758,759,760,
761,762,763,764,765,766,767,768,
769,770,771,772,773,774,775,776,
777,778,779,780,781,782,783,784,
785,786,787,788,789,790,791,792,
793,794,795,796,797,798,799,800,
801,802,803,804,805,806,807,808,
809,810,811,812,813,814,815,816,
817,818,819,820,821,822,823,824,
825,826,827,828,829,830,831,832,
833,834,835,836,837,838,839,840,
841,842,843,844,845,846,847,848,
849,850,851,852,853,854,855,856,
857,858,859,860,861,862,863,864,
2305,2306,2307,2308,2309,2310,2311,2312,
2313,2314,2315,2316,2317,2318,2319,2320,
2321,2322,2323,2324,2325,2326,2327,2328,
2329,2330,2331,2332,2333,2334,2335,2336,
2337,2338,2339,2340,2341,2342,2343,2344,
2345,2346,2347,2348,2349,2350,2351,2352,
2353,2354,2355,2356,2357,2358,2359,2360,
2361,2362,2363,2364,2365,2366,2367,2368,
2369,2370,2371,2372,2373,2374,2375,2376,
2377,2378,2379,2380,2381,2382,2383,2384,
2385,2386,2387,2388,2389,2390,2391,2392,
2393,2394,2395,2396,2397,2398,2399,2400,
2401,2402,2403,2404,2405,2406,2407,2408,
2409,2410,2411,2412,2413,2414,2415,2416,
2417,2418,2419,2420,2421,2422,2423,2424,
2425,2426,2427,2428,2429,2430,2431,2432,
2433,2434,2435,2436,2437,2438,2439,2440,
2441,2442,2443,2444,2445,2446,2447,2448,
2449,2450,2451,2452,2453,2454,2455,2456,
2457,2458,2459,2460,2461,2462,2463,2464,
2465,2466,2467,2468,2469,2470,2471,2472,
2473,2474,2475,2476,2477,2478,2479,2480,
2481,2482,2483,2484,2485,2486,2487,2488,
2489,2490,2491,2492,2493,2494,2495,2496,
3937,3938,3939,3940,3941,3942,3943,3944,
3945,3946,3947,3948,3949,3950,3951,3952,
3953,3954,3955,3956,3957,3958,3959,3960,
3961,3962,3963,3964,3965,3966,3967,3968,
3969,3970,3971,3972,3973,3974,3975,3976,
3977,3978,3979,3980,3981,3982,3983,3984,
3985,3986,3987,3988,3989,3990,3991,3992,
3993,3994,3995,3996,3997,3998,3999,4000,
4001,4002,4003,4004,4005,4006,4007,4008,
4009,4010,4011,4012,4013,4014,4015,4016,
4017,4018,4019,4020,4021,4022,4023,4024,
4025,4026,4027,4028,4029,4030,4031,4032,
4033,4034,4035,4036,4037,4038,4039,4040,
4041,4042,4043,4044,4045,4046,4047,4048,
4049,4050,4051,4052,4053,4054,4055,4056,
4057,4058,4059,4060,4061,4062,4063,4064,
4065,4066,4067,4068,4069,4070,4071,4072,
4073,4074,4075,4076,4077,4078,4079,4080,
4081,4082,4083,4084,4085,4086,4087,4088,
4089,4090,4091,4092,4093,4094,4095,4096,
4097,4098,4099,4100,4101,4102,4103,4104,
4105,4106,4107,4108,4109,4110,4111,4112,
4113,4114,4115,4116,4117,4118,4119,4120,
4121,4122,4123,4124,4125,4126,4127,4128,
5569,5570,5571,5572,5573,5574,5575,5576,
5577,5578,5579,5580,5581,5582,5583,5584,
5585,5586,5587,5588,5589,5590,5591,5592,
5593,5594,5595,5596,5597,5598,5599,5600,
5601,5602,5603,5604,5605,5606,5607,5608,
5609,5610,5611,5612,5613,5614,5615,5616,
5617,5618,5619,5620,5621,5622,5623,5624,
5625,5626,5627,5628,5629,5630,5631,5632,
5633,5634,5635,5636,5637,5638,5639,5640,
5641,5642,5643,5644,5645,5646,5647,5648,
5649,5650,5651,5652,5653,5654,5655,5656,
5657,5658,5659,5660,5661,5662,5663,5664,
5665,5666,5667,5668,5669,5670,5671,5672,
5673,5674,5675,5676,5677,5678,5679,5680,
5681,5682,5683,5684,5685,5686,5687,5688,
5689,5690,5691,5692,5693,5694,5695,5696,
5697,5698,5699,5700,5701,5702,5703,5704,
5705,5706,5707,5708,5709,5710,5711,5712,
5713,5714,5715,5716,5717,5718,5719,5720,
5721,5722,5723,5724,5725,5726,5727,5728,
5729,5730,5731,5732,5733,5734,5735,5736,
5737,5738,5739,5740,5741,5742,5743,5744,
5745,5746,5747,5748,5749,5750,5751,5752,
5753,5754,5755,5756,5757,5758,5759,5760,
7201,7202,7203,7204,7205,7206,7207,7208,
7209,7210,7211,7212,7213,7214,7215,7216,
7217,7218,7219,7220,7221,7222,7223,7224,
7225,7226,7227,7228,7229,7230,7231,7232,
7233,7234,7235,7236,7237,7238,7239,7240,
7241,7242,7243,7244,7245,7246,7247,7248,
7249,7250,7251,7252,7253,7254,7255,7256,
7257,7258,7259,7260,7261,7262,7263,7264,
7265,7266,7267,7268,7269,7270,7271,7272,
7273,7274,7275,7276,7277,7278,7279,7280,
7281,7282,7283,7284,7285,7286,7287,7288,
7289,7290,7291,7292,7293,7294,7295,7296,
7297,7298,7299,7300,7301,7302,7303,7304,
7305,7306,7307,7308,7309,7310,7311,7312,
7313,7314,7315,7316,7317,7318,7319,7320,
7321,7322,7323,7324,7325,7326,7327,7328,
7329,7330,7331,7332,7333,7334,7335,7336,
7337,7338,7339,7340,7341,7342,7343,7344,
7345,7346,7347,7348,7349,7350,7351,7352,
7353,7354,7355,7356,7357,7358,7359,7360,
7361,7362,7363,7364,7365,7366,7367,7368,
7369,7370,7371,7372,7373,7374,7375,7376,
7377,7378,7379,7380,7381,7382,7383,7384,
7385,7386,7387,7388,7389,7390,7391,7392,
8833,8834,8835,8836,8837,8838,8839,8840,
8841,8842,8843,8844,8845,8846,8847,8848,
8849,8850,8851,8852,8853,8854,8855,8856,
8857,8858,8859,8860,8861,8862,8863,8864,
8865,8866,8867,8868,8869,8870,8871,8872,
8873,8874,8875,8876,8877,8878,8879,8880,
8881,8882,8883,8884,8885,8886,8887,8888,
8889,8890,8891,8892,8893,8894,8895,8896,
8897,8898,8899,8900,8901,8902,8903,8904,
8905,8906,8907,8908,8909,8910,8911,8912,
8913,8914,8915,8916,8917,8918,8919,8920,
8921,8922,8923,8924,8925,8926,8927,8928,
8929,8930,8931,8932,8933,8934,8935,8936,
8937,8938,8939,8940,8941,8942,8943,8944,
8945,8946,8947,8948,8949,8950,8951,8952,
8953,8954,8955,8956,8957,8958,8959,8960,
8961,8962,8963,8964,8965,8966,8967,8968,
8969,8970,8971,8972,8973,8974,8975,8976,
8977,8978,8979,8980,8981,8982,8983,8984,
8985,8986,8987,8988,8989,8990,8991,8992,
8993,8994,8995,8996,8997,8998,8999,9000,
9001,9002,9003,9004,9005,9006,9007,9008,
9009,9010,9011,9012,9013,9014,9015,9016,
9017,9018,9019,9020,9021,9022,9023,9024,
10465,10466,10467,10468,10469,10470,10471,10472,
10473,10474,10475,10476,10477,10478,10479,10480,
10481,10482,10483,10484,10485,10486,10487,10488,
10489,10490,10491,10492,10493,10494,10495,10496,
10497,10498,10499,10500,10501,10502,10503,10504,
10505,10506,10507,10508,10509,10510,10511,10512,
10513,10514,10515,10516,10517,10518,10519,10520,
10521,10522,10523,10524,10525,10526,10527,10528,
10529,10530,10531,10532,10533,10534,10535,10536,
10537,10538,10539,10540,10541,10542,10543,10544,
10545,10546,10547,10548,10549,10550,10551,10552,
10553,10554,10555,10556,10557,10558,10559,10560,
10561,10562,10563,10564,10565,10566,10567,10568,
10569,10570,10571,10572,10573,10574,10575,10576,
10577,10578,10579,10580,10581,10582,10583,10584,
10585,10586,10587,10588,10589,10590,10591,10592,
10593,10594,10595,10596,10597,10598,10599,10600,
10601,10602,10603,10604,10605,10606,10607,10608,
10609,10610,10611,10612,10613,10614,10615,10616,
10617,10618,10619,10620,10621,10622,10623,10624,
10625,10626,10627,10628,10629,10630,10631,10632,
10633,10634,10635,10636,10637,10638,10639,10640,
10641,10642,10643,10644,10645,10646,10647,10648,
10649,10650,10651,10652,10653,10654,10655,10656,
12097,12098,12099,12100,12101,12102,12103,12104,
12105,12106,12107,12108,12109,12110,12111,12112,
12113,12114,12115,12116,12117,12118,12119,12120,
12121,12122,12123,12124,12125,12126,12127,12128,
12129,12130,12131,12132,12133,12134,12135,12136,
12137,12138,12139,12140,12141,12142,12143,12144,
12145,12146,12147,12148,12149,12150,12151,12152,
12153,12154,12155,12156,12157,12158,12159,12160,
12161,12162,12163,12164,12165,12166,12167,12168,
12169,12170,12171,12172,12173,12174,12175,12176,
12177,12178,12179,12180,12181,12182,12183,12184,
12185,12186,12187,12188,12189,12190,12191,12192,
12193,12194,12195,12196,12197,12198,12199,12200,
12201,12202,12203,12204,12205,12206,12207,12208,
12209,12210,12211,12212,12213,12214,12215,12216,
12217,12218,12219,12220,12221,12222,12223,12224,
12225,12226,12227,12228,12229,12230,12231,12232,
12233,12234,12235,12236,12237,12238,12239,12240,
12241,12242,12243,12244,12245,12246,12247,12248,
12249,12250,12251,12252,12253,12254,12255,12256,
12257,12258,12259,12260,12261,12262,12263,12264,
12265,12266,12267,12268,12269,12270,12271,12272,
12273,12274,12275,12276,12277,12278,12279,12280,
12281,12282,12283,12284,12285,12286,12287,12288
