481,482,483,484,485,486,487,488,
489,490,491,492,493,494,495,496,
497,498,499,500,501,502,503,504,
505,506,507,508,509,510,511,512,
513,514,515,516,517,518,519,520,
521,522,523,524,525,526,527,528,
529,530,531,532,533,534,535,536,
537,538,539,540,541,542,543,544,
545,546,547,548,549,550,551,552,
553,554,555,556,557,558,559,560,
561,562,563,564,565,566,567,568,
569,570,571,572,573,574,575,576,
577,578,579,580,581,582,583,584,
585,586,587,588,589,590,591,592,
593,594,595,596,597,598,599,600,
601,602,603,604,605,606,607,608,
609,610,611,612,613,614,615,616,
617,618,619,620,621,622,623,624,
625,626,627,628,629,630,631,632,
633,634,635,636,637,638,639,640,
641,642,643,644,645,646,647,648,
649,650,651,652,653,654,655,656,
657,658,659,660,661,662,663,664,
665,666,667,668,669,670,671,672,
2113,2114,2115,2116,2117,2118,2119,2120,
2121,2122,2123,2124,2125,2126,2127,2128,
2129,2130,2131,2132,2133,2134,2135,2136,
2137,2138,2139,2140,2141,2142,2143,2144,
2145,2146,2147,2148,2149,2150,2151,2152,
2153,2154,2155,2156,2157,2158,2159,2160,
2161,2162,2163,2164,2165,2166,2167,2168,
2169,2170,2171,2172,2173,2174,2175,2176,
2177,2178,2179,2180,2181,2182,2183,2184,
2185,2186,2187,2188,2189,2190,2191,2192,
2193,2194,2195,2196,2197,2198,2199,2200,
2201,2202,2203,2204,2205,2206,2207,2208,
2209,2210,2211,2212,2213,2214,2215,2216,
2217,2218,2219,2220,2221,2222,2223,2224,
2225,2226,2227,2228,2229,2230,2231,2232,
2233,2234,2235,2236,2237,2238,2239,2240,
2241,2242,2243,2244,2245,2246,2247,2248,
2249,2250,2251,2252,2253,2254,2255,2256,
2257,2258,2259,2260,2261,2262,2263,2264,
2265,2266,2267,2268,2269,2270,2271,2272,
2273,2274,2275,2276,2277,2278,2279,2280,
2281,2282,2283,2284,2285,2286,2287,2288,
2289,2290,2291,2292,2293,2294,2295,2296,
2297,2298,2299,2300,2301,2302,2303,2304,
3745,3746,3747,3748,3749,3750,3751,3752,
3753,3754,3755,3756,3757,3758,3759,3760,
3761,3762,3763,3764,3765,3766,3767,3768,
3769,3770,3771,3772,3773,3774,3775,3776,
3777,3778,3779,3780,3781,3782,3783,3784,
3785,3786,3787,3788,3789,3790,3791,3792,
3793,3794,3795,3796,3797,3798,3799,3800,
3801,3802,3803,3804,3805,3806,3807,3808,
3809,3810,3811,3812,3813,3814,3815,3816,
3817,3818,3819,3820,3821,3822,3823,3824,
3825,3826,3827,3828,3829,3830,3831,3832,
3833,3834,3835,3836,3837,3838,3839,3840,
3841,3842,3843,3844,3845,3846,3847,3848,
3849,3850,3851,3852,3853,3854,3855,3856,
3857,3858,3859,3860,3861,3862,3863,3864,
3865,3866,3867,3868,3869,3870,3871,3872,
3873,3874,3875,3876,3877,3878,3879,3880,
3881,3882,3883,3884,3885,3886,3887,3888,
3889,3890,3891,3892,3893,3894,3895,3896,
3897,3898,3899,3900,3901,3902,3903,3904,
3905,3906,3907,3908,3909,3910,3911,3912,
3913,3914,3915,3916,3917,3918,3919,3920,
3921,3922,3923,3924,3925,3926,3927,3928,
3929,3930,3931,3932,3933,3934,3935,3936,
5377,5378,5379,5380,5381,5382,5383,5384,
5385,5386,5387,5388,5389,5390,5391,5392,
5393,5394,5395,5396,5397,5398,5399,5400,
5401,5402,5403,5404,5405,5406,5407,5408,
5409,5410,5411,5412,5413,5414,5415,5416,
5417,5418,5419,5420,5421,5422,5423,5424,
5425,5426,5427,5428,5429,5430,5431,5432,
5433,5434,5435,5436,5437,5438,5439,5440,
5441,5442,5443,5444,5445,5446,5447,5448,
5449,5450,5451,5452,5453,5454,5455,5456,
5457,5458,5459,5460,5461,5462,5463,5464,
5465,5466,5467,5468,5469,5470,5471,5472,
5473,5474,5475,5476,5477,5478,5479,5480,
5481,5482,5483,5484,5485,5486,5487,5488,
5489,5490,5491,5492,5493,5494,5495,5496,
5497,5498,5499,5500,5501,5502,5503,5504,
5505,5506,5507,5508,5509,5510,5511,5512,
5513,5514,5515,5516,5517,5518,5519,5520,
5521,5522,5523,5524,5525,5526,5527,5528,
5529,5530,5531,5532,5533,5534,5535,5536,
5537,5538,5539,5540,5541,5542,5543,5544,
5545,5546,5547,5548,5549,5550,5551,5552,
5553,5554,5555,5556,5557,5558,5559,5560,
5561,5562,5563,5564,5565,5566,5567,5568,
7009,7010,7011,7012,7013,7014,7015,7016,
7017,7018,7019,7020,7021,7022,7023,7024,
7025,7026,7027,7028,7029,7030,7031,7032,
7033,7034,7035,7036,7037,7038,7039,7040,
7041,7042,7043,7044,7045,7046,7047,7048,
7049,7050,7051,7052,7053,7054,7055,7056,
7057,7058,7059,7060,7061,7062,7063,7064,
7065,7066,7067,7068,7069,7070,7071,7072,
7073,7074,7075,7076,7077,7078,7079,7080,
7081,7082,7083,7084,7085,7086,7087,7088,
7089,7090,7091,7092,7093,7094,7095,7096,
7097,7098,7099,7100,7101,7102,7103,7104,
7105,7106,7107,7108,7109,7110,7111,7112,
7113,7114,7115,7116,7117,7118,7119,7120,
7121,7122,7123,7124,7125,7126,7127,7128,
7129,7130,7131,7132,7133,7134,7135,7136,
7137,7138,7139,7140,7141,7142,7143,7144,
7145,7146,7147,7148,7149,7150,7151,7152,
7153,7154,7155,7156,7157,7158,7159,7160,
7161,7162,7163,7164,7165,7166,7167,7168,
7169,7170,7171,7172,7173,7174,7175,7176,
7177,7178,7179,7180,7181,7182,7183,7184,
7185,7186,7187,7188,7189,7190,7191,7192,
7193,7194,7195,7196,7197,7198,7199,7200,
8641,8642,8643,8644,8645,8646,8647,8648,
8649,8650,8651,8652,8653,8654,8655,8656,
8657,8658,8659,8660,8661,8662,8663,8664,
8665,8666,8667,8668,8669,8670,8671,8672,
8673,8674,8675,8676,8677,8678,8679,8680,
8681,8682,8683,8684,8685,8686,8687,8688,
8689,8690,8691,8692,8693,8694,8695,8696,
8697,8698,8699,8700,8701,8702,8703,8704,
8705,8706,8707,8708,8709,8710,8711,8712,
8713,8714,8715,8716,8717,8718,8719,8720,
8721,8722,8723,8724,8725,8726,8727,8728,
8729,8730,8731,8732,8733,8734,8735,8736,
8737,8738,8739,8740,8741,8742,8743,8744,
8745,8746,8747,8748,8749,8750,8751,8752,
8753,8754,8755,8756,8757,8758,8759,8760,
8761,8762,8763,8764,8765,8766,8767,8768,
8769,8770,8771,8772,8773,8774,8775,8776,
8777,8778,8779,8780,8781,8782,8783,8784,
8785,8786,8787,8788,8789,8790,8791,8792,
8793,8794,8795,8796,8797,8798,8799,8800,
8801,8802,8803,8804,8805,8806,8807,8808,
8809,8810,8811,8812,8813,8814,8815,8816,
8817,8818,8819,8820,8821,8822,8823,8824,
8825,8826,8827,8828,8829,8830,8831,8832,
10273,10274,10275,10276,10277,10278,10279,10280,
10281,10282,10283,10284,10285,10286,10287,10288,
10289,10290,10291,10292,10293,10294,10295,10296,
10297,10298,10299,10300,10301,10302,10303,10304,
10305,10306,10307,10308,10309,10310,10311,10312,
10313,10314,10315,10316,10317,10318,10319,10320,
10321,10322,10323,10324,10325,10326,10327,10328,
10329,10330,10331,10332,10333,10334,10335,10336,
10337,10338,10339,10340,10341,10342,10343,10344,
10345,10346,10347,10348,10349,10350,10351,10352,
10353,10354,10355,10356,10357,10358,10359,10360,
10361,10362,10363,10364,10365,10366,10367,10368,
10369,10370,10371,10372,10373,10374,10375,10376,
10377,10378,10379,10380,10381,10382,10383,10384,
10385,10386,10387,10388,10389,10390,10391,10392,
10393,10394,10395,10396,10397,10398,10399,10400,
10401,10402,10403,10404,10405,10406,10407,10408,
10409,10410,10411,10412,10413,10414,10415,10416,
10417,10418,10419,10420,10421,10422,10423,10424,
10425,10426,10427,10428,10429,10430,10431,10432,
10433,10434,10435,10436,10437,10438,10439,10440,
10441,10442,10443,10444,10445,10446,10447,10448,
10449,10450,10451,10452,10453,10454,10455,10456,
10457,10458,10459,10460,10461,10462,10463,10464,
11905,11906,11907,11908,11909,11910,11911,11912,
11913,11914,11915,11916,11917,11918,11919,11920,
11921,11922,11923,11924,11925,11926,11927,11928,
11929,11930,11931,11932,11933,11934,11935,11936,
11937,11938,11939,11940,11941,11942,11943,11944,
11945,11946,11947,11948,11949,11950,11951,11952,
11953,11954,11955,11956,11957,11958,11959,11960,
11961,11962,11963,11964,11965,11966,11967,11968,
11969,11970,11971,11972,11973,11974,11975,11976,
11977,11978,11979,11980,11981,11982,11983,11984,
11985,11986,11987,11988,11989,11990,11991,11992,
11993,11994,11995,11996,11997,11998,11999,12000,
12001,12002,12003,12004,12005,12006,12007,12008,
12009,12010,12011,12012,12013,12014,12015,12016,
12017,12018,12019,12020,12021,12022,12023,12024,
12025,12026,12027,12028,12029,12030,12031,12032,
12033,12034,12035,12036,12037,12038,12039,12040,
12041,12042,12043,12044,12045,12046,12047,12048,
12049,12050,12051,12052,12053,12054,12055,12056,
12057,12058,12059,12060,12061,12062,12063,12064,
12065,12066,12067,12068,12069,12070,12071,12072,
12073,12074,12075,12076,12077,12078,12079,12080,
12081,12082,12083,12084,12085,12086,12087,12088,
12089,12090,12091,12092,12093,12094,12095,12096
