289,290,291,292,293,294,295,296,
297,298,299,300,301,302,303,304,
305,306,307,308,309,310,311,312,
313,314,315,316,317,318,319,320,
321,322,323,324,325,326,327,328,
329,330,331,332,333,334,335,336,
337,338,339,340,341,342,343,344,
345,346,347,348,349,350,351,352,
353,354,355,356,357,358,359,360,
361,362,363,364,365,366,367,368,
369,370,371,372,373,374,375,376,
377,378,379,380,381,382,383,384,
385,386,387,388,389,390,391,392,
393,394,395,396,397,398,399,400,
401,402,403,404,405,406,407,408,
409,410,411,412,413,414,415,416,
417,418,419,420,421,422,423,424,
425,426,427,428,429,430,431,432,
433,434,435,436,437,438,439,440,
441,442,443,444,445,446,447,448,
449,450,451,452,453,454,455,456,
457,458,459,460,461,462,463,464,
465,466,467,468,469,470,471,472,
473,474,475,476,477,478,479,480,
1921,1922,1923,1924,1925,1926,1927,1928,
1929,1930,1931,1932,1933,1934,1935,1936,
1937,1938,1939,1940,1941,1942,1943,1944,
1945,1946,1947,1948,1949,1950,1951,1952,
1953,1954,1955,1956,1957,1958,1959,1960,
1961,1962,1963,1964,1965,1966,1967,1968,
1969,1970,1971,1972,1973,1974,1975,1976,
1977,1978,1979,1980,1981,1982,1983,1984,
1985,1986,1987,1988,1989,1990,1991,1992,
1993,1994,1995,1996,1997,1998,1999,2000,
2001,2002,2003,2004,2005,2006,2007,2008,
2009,2010,2011,2012,2013,2014,2015,2016,
2017,2018,2019,2020,2021,2022,2023,2024,
2025,2026,2027,2028,2029,2030,2031,2032,
2033,2034,2035,2036,2037,2038,2039,2040,
2041,2042,2043,2044,2045,2046,2047,2048,
2049,2050,2051,2052,2053,2054,2055,2056,
2057,2058,2059,2060,2061,2062,2063,2064,
2065,2066,2067,2068,2069,2070,2071,2072,
2073,2074,2075,2076,2077,2078,2079,2080,
2081,2082,2083,2084,2085,2086,2087,2088,
2089,2090,2091,2092,2093,2094,2095,2096,
2097,2098,2099,2100,2101,2102,2103,2104,
2105,2106,2107,2108,2109,2110,2111,2112,
3553,3554,3555,3556,3557,3558,3559,3560,
3561,3562,3563,3564,3565,3566,3567,3568,
3569,3570,3571,3572,3573,3574,3575,3576,
3577,3578,3579,3580,3581,3582,3583,3584,
3585,3586,3587,3588,3589,3590,3591,3592,
3593,3594,3595,3596,3597,3598,3599,3600,
3601,3602,3603,3604,3605,3606,3607,3608,
3609,3610,3611,3612,3613,3614,3615,3616,
3617,3618,3619,3620,3621,3622,3623,3624,
3625,3626,3627,3628,3629,3630,3631,3632,
3633,3634,3635,3636,3637,3638,3639,3640,
3641,3642,3643,3644,3645,3646,3647,3648,
3649,3650,3651,3652,3653,3654,3655,3656,
3657,3658,3659,3660,3661,3662,3663,3664,
3665,3666,3667,3668,3669,3670,3671,3672,
3673,3674,3675,3676,3677,3678,3679,3680,
3681,3682,3683,3684,3685,3686,3687,3688,
3689,3690,3691,3692,3693,3694,3695,3696,
3697,3698,3699,3700,3701,3702,3703,3704,
3705,3706,3707,3708,3709,3710,3711,3712,
3713,3714,3715,3716,3717,3718,3719,3720,
3721,3722,3723,3724,3725,3726,3727,3728,
3729,3730,3731,3732,3733,3734,3735,3736,
3737,3738,3739,3740,3741,3742,3743,3744,
5185,5186,5187,5188,5189,5190,5191,5192,
5193,5194,5195,5196,5197,5198,5199,5200,
5201,5202,5203,5204,5205,5206,5207,5208,
5209,5210,5211,5212,5213,5214,5215,5216,
5217,5218,5219,5220,5221,5222,5223,5224,
5225,5226,5227,5228,5229,5230,5231,5232,
5233,5234,5235,5236,5237,5238,5239,5240,
5241,5242,5243,5244,5245,5246,5247,5248,
5249,5250,5251,5252,5253,5254,5255,5256,
5257,5258,5259,5260,5261,5262,5263,5264,
5265,5266,5267,5268,5269,5270,5271,5272,
5273,5274,5275,5276,5277,5278,5279,5280,
5281,5282,5283,5284,5285,5286,5287,5288,
5289,5290,5291,5292,5293,5294,5295,5296,
5297,5298,5299,5300,5301,5302,5303,5304,
5305,5306,5307,5308,5309,5310,5311,5312,
5313,5314,5315,5316,5317,5318,5319,5320,
5321,5322,5323,5324,5325,5326,5327,5328,
5329,5330,5331,5332,5333,5334,5335,5336,
5337,5338,5339,5340,5341,5342,5343,5344,
5345,5346,5347,5348,5349,5350,5351,5352,
5353,5354,5355,5356,5357,5358,5359,5360,
5361,5362,5363,5364,5365,5366,5367,5368,
5369,5370,5371,5372,5373,5374,5375,5376,
6817,6818,6819,6820,6821,6822,6823,6824,
6825,6826,6827,6828,6829,6830,6831,6832,
6833,6834,6835,6836,6837,6838,6839,6840,
6841,6842,6843,6844,6845,6846,6847,6848,
6849,6850,6851,6852,6853,6854,6855,6856,
6857,6858,6859,6860,6861,6862,6863,6864,
6865,6866,6867,6868,6869,6870,6871,6872,
6873,6874,6875,6876,6877,6878,6879,6880,
6881,6882,6883,6884,6885,6886,6887,6888,
6889,6890,6891,6892,6893,6894,6895,6896,
6897,6898,6899,6900,6901,6902,6903,6904,
6905,6906,6907,6908,6909,6910,6911,6912,
6913,6914,6915,6916,6917,6918,6919,6920,
6921,6922,6923,6924,6925,6926,6927,6928,
6929,6930,6931,6932,6933,6934,6935,6936,
6937,6938,6939,6940,6941,6942,6943,6944,
6945,6946,6947,6948,6949,6950,6951,6952,
6953,6954,6955,6956,6957,6958,6959,6960,
6961,6962,6963,6964,6965,6966,6967,6968,
6969,6970,6971,6972,6973,6974,6975,6976,
6977,6978,6979,6980,6981,6982,6983,6984,
6985,6986,6987,6988,6989,6990,6991,6992,
6993,6994,6995,6996,6997,6998,6999,7000,
7001,7002,7003,7004,7005,7006,7007,7008,
8449,8450,8451,8452,8453,8454,8455,8456,
8457,8458,8459,8460,8461,8462,8463,8464,
8465,8466,8467,8468,8469,8470,8471,8472,
8473,8474,8475,8476,8477,8478,8479,8480,
8481,8482,8483,8484,8485,8486,8487,8488,
8489,8490,8491,8492,8493,8494,8495,8496,
8497,8498,8499,8500,8501,8502,8503,8504,
8505,8506,8507,8508,8509,8510,8511,8512,
8513,8514,8515,8516,8517,8518,8519,8520,
8521,8522,8523,8524,8525,8526,8527,8528,
8529,8530,8531,8532,8533,8534,8535,8536,
8537,8538,8539,8540,8541,8542,8543,8544,
8545,8546,8547,8548,8549,8550,8551,8552,
8553,8554,8555,8556,8557,8558,8559,8560,
8561,8562,8563,8564,8565,8566,8567,8568,
8569,8570,8571,8572,8573,8574,8575,8576,
8577,8578,8579,8580,8581,8582,8583,8584,
8585,8586,8587,8588,8589,8590,8591,8592,
8593,8594,8595,8596,8597,8598,8599,8600,
8601,8602,8603,8604,8605,8606,8607,8608,
8609,8610,8611,8612,8613,8614,8615,8616,
8617,8618,8619,8620,8621,8622,8623,8624,
8625,8626,8627,8628,8629,8630,8631,8632,
8633,8634,8635,8636,8637,8638,8639,8640,
10081,10082,10083,10084,10085,10086,10087,10088,
10089,10090,10091,10092,10093,10094,10095,10096,
10097,10098,10099,10100,10101,10102,10103,10104,
10105,10106,10107,10108,10109,10110,10111,10112,
10113,10114,10115,10116,10117,10118,10119,10120,
10121,10122,10123,10124,10125,10126,10127,10128,
10129,10130,10131,10132,10133,10134,10135,10136,
10137,10138,10139,10140,10141,10142,10143,10144,
10145,10146,10147,10148,10149,10150,10151,10152,
10153,10154,10155,10156,10157,10158,10159,10160,
10161,10162,10163,10164,10165,10166,10167,10168,
10169,10170,10171,10172,10173,10174,10175,10176,
10177,10178,10179,10180,10181,10182,10183,10184,
10185,10186,10187,10188,10189,10190,10191,10192,
10193,10194,10195,10196,10197,10198,10199,10200,
10201,10202,10203,10204,10205,10206,10207,10208,
10209,10210,10211,10212,10213,10214,10215,10216,
10217,10218,10219,10220,10221,10222,10223,10224,
10225,10226,10227,10228,10229,10230,10231,10232,
10233,10234,10235,10236,10237,10238,10239,10240,
10241,10242,10243,10244,10245,10246,10247,10248,
10249,10250,10251,10252,10253,10254,10255,10256,
10257,10258,10259,10260,10261,10262,10263,10264,
10265,10266,10267,10268,10269,10270,10271,10272,
11713,11714,11715,11716,11717,11718,11719,11720,
11721,11722,11723,11724,11725,11726,11727,11728,
11729,11730,11731,11732,11733,11734,11735,11736,
11737,11738,11739,11740,11741,11742,11743,11744,
11745,11746,11747,11748,11749,11750,11751,11752,
11753,11754,11755,11756,11757,11758,11759,11760,
11761,11762,11763,11764,11765,11766,11767,11768,
11769,11770,11771,11772,11773,11774,11775,11776,
11777,11778,11779,11780,11781,11782,11783,11784,
11785,11786,11787,11788,11789,11790,11791,11792,
11793,11794,11795,11796,11797,11798,11799,11800,
11801,11802,11803,11804,11805,11806,11807,11808,
11809,11810,11811,11812,11813,11814,11815,11816,
11817,11818,11819,11820,11821,11822,11823,11824,
11825,11826,11827,11828,11829,11830,11831,11832,
11833,11834,11835,11836,11837,11838,11839,11840,
11841,11842,11843,11844,11845,11846,11847,11848,
11849,11850,11851,11852,11853,11854,11855,11856,
11857,11858,11859,11860,11861,11862,11863,11864,
11865,11866,11867,11868,11869,11870,11871,11872,
11873,11874,11875,11876,11877,11878,11879,11880,
11881,11882,11883,11884,11885,11886,11887,11888,
11889,11890,11891,11892,11893,11894,11895,11896,
11897,11898,11899,11900,11901,11902,11903,11904
