145,146,147,148,149,150,151,152,
153,154,155,156,157,158,159,160,
161,162,163,164,165,166,167,168,
169,170,171,172,173,174,175,176,
177,178,179,180,181,182,183,184,
185,186,187,188,189,190,191,192,
193,194,195,196,197,198,199,200,
201,202,203,204,205,206,207,208,
209,210,211,212,213,214,215,216,
217,218,219,220,221,222,223,224,
225,226,227,228,229,230,231,232,
233,234,235,236,237,238,239,240,
241,242,243,244,245,246,247,248,
249,250,251,252,253,254,255,256,
257,258,259,260,261,262,263,264,
265,266,267,268,269,270,271,272,
273,274,275,276,277,278,279,280,
281,282,283,284,285,286,287,288,
1777,1778,1779,1780,1781,1782,1783,1784,
1785,1786,1787,1788,1789,1790,1791,1792,
1793,1794,1795,1796,1797,1798,1799,1800,
1801,1802,1803,1804,1805,1806,1807,1808,
1809,1810,1811,1812,1813,1814,1815,1816,
1817,1818,1819,1820,1821,1822,1823,1824,
1825,1826,1827,1828,1829,1830,1831,1832,
1833,1834,1835,1836,1837,1838,1839,1840,
1841,1842,1843,1844,1845,1846,1847,1848,
1849,1850,1851,1852,1853,1854,1855,1856,
1857,1858,1859,1860,1861,1862,1863,1864,
1865,1866,1867,1868,1869,1870,1871,1872,
1873,1874,1875,1876,1877,1878,1879,1880,
1881,1882,1883,1884,1885,1886,1887,1888,
1889,1890,1891,1892,1893,1894,1895,1896,
1897,1898,1899,1900,1901,1902,1903,1904,
1905,1906,1907,1908,1909,1910,1911,1912,
1913,1914,1915,1916,1917,1918,1919,1920,
3409,3410,3411,3412,3413,3414,3415,3416,
3417,3418,3419,3420,3421,3422,3423,3424,
3425,3426,3427,3428,3429,3430,3431,3432,
3433,3434,3435,3436,3437,3438,3439,3440,
3441,3442,3443,3444,3445,3446,3447,3448,
3449,3450,3451,3452,3453,3454,3455,3456,
3457,3458,3459,3460,3461,3462,3463,3464,
3465,3466,3467,3468,3469,3470,3471,3472,
3473,3474,3475,3476,3477,3478,3479,3480,
3481,3482,3483,3484,3485,3486,3487,3488,
3489,3490,3491,3492,3493,3494,3495,3496,
3497,3498,3499,3500,3501,3502,3503,3504,
3505,3506,3507,3508,3509,3510,3511,3512,
3513,3514,3515,3516,3517,3518,3519,3520,
3521,3522,3523,3524,3525,3526,3527,3528,
3529,3530,3531,3532,3533,3534,3535,3536,
3537,3538,3539,3540,3541,3542,3543,3544,
3545,3546,3547,3548,3549,3550,3551,3552,
5041,5042,5043,5044,5045,5046,5047,5048,
5049,5050,5051,5052,5053,5054,5055,5056,
5057,5058,5059,5060,5061,5062,5063,5064,
5065,5066,5067,5068,5069,5070,5071,5072,
5073,5074,5075,5076,5077,5078,5079,5080,
5081,5082,5083,5084,5085,5086,5087,5088,
5089,5090,5091,5092,5093,5094,5095,5096,
5097,5098,5099,5100,5101,5102,5103,5104,
5105,5106,5107,5108,5109,5110,5111,5112,
5113,5114,5115,5116,5117,5118,5119,5120,
5121,5122,5123,5124,5125,5126,5127,5128,
5129,5130,5131,5132,5133,5134,5135,5136,
5137,5138,5139,5140,5141,5142,5143,5144,
5145,5146,5147,5148,5149,5150,5151,5152,
5153,5154,5155,5156,5157,5158,5159,5160,
5161,5162,5163,5164,5165,5166,5167,5168,
5169,5170,5171,5172,5173,5174,5175,5176,
5177,5178,5179,5180,5181,5182,5183,5184,
6673,6674,6675,6676,6677,6678,6679,6680,
6681,6682,6683,6684,6685,6686,6687,6688,
6689,6690,6691,6692,6693,6694,6695,6696,
6697,6698,6699,6700,6701,6702,6703,6704,
6705,6706,6707,6708,6709,6710,6711,6712,
6713,6714,6715,6716,6717,6718,6719,6720,
6721,6722,6723,6724,6725,6726,6727,6728,
6729,6730,6731,6732,6733,6734,6735,6736,
6737,6738,6739,6740,6741,6742,6743,6744,
6745,6746,6747,6748,6749,6750,6751,6752,
6753,6754,6755,6756,6757,6758,6759,6760,
6761,6762,6763,6764,6765,6766,6767,6768,
6769,6770,6771,6772,6773,6774,6775,6776,
6777,6778,6779,6780,6781,6782,6783,6784,
6785,6786,6787,6788,6789,6790,6791,6792,
6793,6794,6795,6796,6797,6798,6799,6800,
6801,6802,6803,6804,6805,6806,6807,6808,
6809,6810,6811,6812,6813,6814,6815,6816,
8305,8306,8307,8308,8309,8310,8311,8312,
8313,8314,8315,8316,8317,8318,8319,8320,
8321,8322,8323,8324,8325,8326,8327,8328,
8329,8330,8331,8332,8333,8334,8335,8336,
8337,8338,8339,8340,8341,8342,8343,8344,
8345,8346,8347,8348,8349,8350,8351,8352,
8353,8354,8355,8356,8357,8358,8359,8360,
8361,8362,8363,8364,8365,8366,8367,8368,
8369,8370,8371,8372,8373,8374,8375,8376,
8377,8378,8379,8380,8381,8382,8383,8384,
8385,8386,8387,8388,8389,8390,8391,8392,
8393,8394,8395,8396,8397,8398,8399,8400,
8401,8402,8403,8404,8405,8406,8407,8408,
8409,8410,8411,8412,8413,8414,8415,8416,
8417,8418,8419,8420,8421,8422,8423,8424,
8425,8426,8427,8428,8429,8430,8431,8432,
8433,8434,8435,8436,8437,8438,8439,8440,
8441,8442,8443,8444,8445,8446,8447,8448,
9937,9938,9939,9940,9941,9942,9943,9944,
9945,9946,9947,9948,9949,9950,9951,9952,
9953,9954,9955,9956,9957,9958,9959,9960,
9961,9962,9963,9964,9965,9966,9967,9968,
9969,9970,9971,9972,9973,9974,9975,9976,
9977,9978,9979,9980,9981,9982,9983,9984,
9985,9986,9987,9988,9989,9990,9991,9992,
9993,9994,9995,9996,9997,9998,9999,10000,
10001,10002,10003,10004,10005,10006,10007,10008,
10009,10010,10011,10012,10013,10014,10015,10016,
10017,10018,10019,10020,10021,10022,10023,10024,
10025,10026,10027,10028,10029,10030,10031,10032,
10033,10034,10035,10036,10037,10038,10039,10040,
10041,10042,10043,10044,10045,10046,10047,10048,
10049,10050,10051,10052,10053,10054,10055,10056,
10057,10058,10059,10060,10061,10062,10063,10064,
10065,10066,10067,10068,10069,10070,10071,10072,
10073,10074,10075,10076,10077,10078,10079,10080,
11569,11570,11571,11572,11573,11574,11575,11576,
11577,11578,11579,11580,11581,11582,11583,11584,
11585,11586,11587,11588,11589,11590,11591,11592,
11593,11594,11595,11596,11597,11598,11599,11600,
11601,11602,11603,11604,11605,11606,11607,11608,
11609,11610,11611,11612,11613,11614,11615,11616,
11617,11618,11619,11620,11621,11622,11623,11624,
11625,11626,11627,11628,11629,11630,11631,11632,
11633,11634,11635,11636,11637,11638,11639,11640,
11641,11642,11643,11644,11645,11646,11647,11648,
11649,11650,11651,11652,11653,11654,11655,11656,
11657,11658,11659,11660,11661,11662,11663,11664,
11665,11666,11667,11668,11669,11670,11671,11672,
11673,11674,11675,11676,11677,11678,11679,11680,
11681,11682,11683,11684,11685,11686,11687,11688,
11689,11690,11691,11692,11693,11694,11695,11696,
11697,11698,11699,11700,11701,11702,11703,11704,
11705,11706,11707,11708,11709,11710,11711,11712
