1,2,3,4,5,6,7,8,
9,10,11,12,13,14,15,16,
17,18,19,20,21,22,23,24,
25,26,27,28,29,30,31,32,
33,34,35,36,37,38,39,40,
41,42,43,44,45,46,47,48,
49,50,51,52,53,54,55,56,
57,58,59,60,61,62,63,64,
65,66,67,68,69,70,71,72,
73,74,75,76,77,78,79,80,
81,82,83,84,85,86,87,88,
89,90,91,92,93,94,95,96,
97,98,99,100,101,102,103,104,
105,106,107,108,109,110,111,112,
113,114,115,116,117,118,119,120,
121,122,123,124,125,126,127,128,
129,130,131,132,133,134,135,136,
137,138,139,140,141,142,143,144,
1633,1634,1635,1636,1637,1638,1639,1640,
1641,1642,1643,1644,1645,1646,1647,1648,
1649,1650,1651,1652,1653,1654,1655,1656,
1657,1658,1659,1660,1661,1662,1663,1664,
1665,1666,1667,1668,1669,1670,1671,1672,
1673,1674,1675,1676,1677,1678,1679,1680,
1681,1682,1683,1684,1685,1686,1687,1688,
1689,1690,1691,1692,1693,1694,1695,1696,
1697,1698,1699,1700,1701,1702,1703,1704,
1705,1706,1707,1708,1709,1710,1711,1712,
1713,1714,1715,1716,1717,1718,1719,1720,
1721,1722,1723,1724,1725,1726,1727,1728,
1729,1730,1731,1732,1733,1734,1735,1736,
1737,1738,1739,1740,1741,1742,1743,1744,
1745,1746,1747,1748,1749,1750,1751,1752,
1753,1754,1755,1756,1757,1758,1759,1760,
1761,1762,1763,1764,1765,1766,1767,1768,
1769,1770,1771,1772,1773,1774,1775,1776,
3265,3266,3267,3268,3269,3270,3271,3272,
3273,3274,3275,3276,3277,3278,3279,3280,
3281,3282,3283,3284,3285,3286,3287,3288,
3289,3290,3291,3292,3293,3294,3295,3296,
3297,3298,3299,3300,3301,3302,3303,3304,
3305,3306,3307,3308,3309,3310,3311,3312,
3313,3314,3315,3316,3317,3318,3319,3320,
3321,3322,3323,3324,3325,3326,3327,3328,
3329,3330,3331,3332,3333,3334,3335,3336,
3337,3338,3339,3340,3341,3342,3343,3344,
3345,3346,3347,3348,3349,3350,3351,3352,
3353,3354,3355,3356,3357,3358,3359,3360,
3361,3362,3363,3364,3365,3366,3367,3368,
3369,3370,3371,3372,3373,3374,3375,3376,
3377,3378,3379,3380,3381,3382,3383,3384,
3385,3386,3387,3388,3389,3390,3391,3392,
3393,3394,3395,3396,3397,3398,3399,3400,
3401,3402,3403,3404,3405,3406,3407,3408,
4897,4898,4899,4900,4901,4902,4903,4904,
4905,4906,4907,4908,4909,4910,4911,4912,
4913,4914,4915,4916,4917,4918,4919,4920,
4921,4922,4923,4924,4925,4926,4927,4928,
4929,4930,4931,4932,4933,4934,4935,4936,
4937,4938,4939,4940,4941,4942,4943,4944,
4945,4946,4947,4948,4949,4950,4951,4952,
4953,4954,4955,4956,4957,4958,4959,4960,
4961,4962,4963,4964,4965,4966,4967,4968,
4969,4970,4971,4972,4973,4974,4975,4976,
4977,4978,4979,4980,4981,4982,4983,4984,
4985,4986,4987,4988,4989,4990,4991,4992,
4993,4994,4995,4996,4997,4998,4999,5000,
5001,5002,5003,5004,5005,5006,5007,5008,
5009,5010,5011,5012,5013,5014,5015,5016,
5017,5018,5019,5020,5021,5022,5023,5024,
5025,5026,5027,5028,5029,5030,5031,5032,
5033,5034,5035,5036,5037,5038,5039,5040,
6529,6530,6531,6532,6533,6534,6535,6536,
6537,6538,6539,6540,6541,6542,6543,6544,
6545,6546,6547,6548,6549,6550,6551,6552,
6553,6554,6555,6556,6557,6558,6559,6560,
6561,6562,6563,6564,6565,6566,6567,6568,
6569,6570,6571,6572,6573,6574,6575,6576,
6577,6578,6579,6580,6581,6582,6583,6584,
6585,6586,6587,6588,6589,6590,6591,6592,
6593,6594,6595,6596,6597,6598,6599,6600,
6601,6602,6603,6604,6605,6606,6607,6608,
6609,6610,6611,6612,6613,6614,6615,6616,
6617,6618,6619,6620,6621,6622,6623,6624,
6625,6626,6627,6628,6629,6630,6631,6632,
6633,6634,6635,6636,6637,6638,6639,6640,
6641,6642,6643,6644,6645,6646,6647,6648,
6649,6650,6651,6652,6653,6654,6655,6656,
6657,6658,6659,6660,6661,6662,6663,6664,
6665,6666,6667,6668,6669,6670,6671,6672,
8161,8162,8163,8164,8165,8166,8167,8168,
8169,8170,8171,8172,8173,8174,8175,8176,
8177,8178,8179,8180,8181,8182,8183,8184,
8185,8186,8187,8188,8189,8190,8191,8192,
8193,8194,8195,8196,8197,8198,8199,8200,
8201,8202,8203,8204,8205,8206,8207,8208,
8209,8210,8211,8212,8213,8214,8215,8216,
8217,8218,8219,8220,8221,8222,8223,8224,
8225,8226,8227,8228,8229,8230,8231,8232,
8233,8234,8235,8236,8237,8238,8239,8240,
8241,8242,8243,8244,8245,8246,8247,8248,
8249,8250,8251,8252,8253,8254,8255,8256,
8257,8258,8259,8260,8261,8262,8263,8264,
8265,8266,8267,8268,8269,8270,8271,8272,
8273,8274,8275,8276,8277,8278,8279,8280,
8281,8282,8283,8284,8285,8286,8287,8288,
8289,8290,8291,8292,8293,8294,8295,8296,
8297,8298,8299,8300,8301,8302,8303,8304,
9793,9794,9795,9796,9797,9798,9799,9800,
9801,9802,9803,9804,9805,9806,9807,9808,
9809,9810,9811,9812,9813,9814,9815,9816,
9817,9818,9819,9820,9821,9822,9823,9824,
9825,9826,9827,9828,9829,9830,9831,9832,
9833,9834,9835,9836,9837,9838,9839,9840,
9841,9842,9843,9844,9845,9846,9847,9848,
9849,9850,9851,9852,9853,9854,9855,9856,
9857,9858,9859,9860,9861,9862,9863,9864,
9865,9866,9867,9868,9869,9870,9871,9872,
9873,9874,9875,9876,9877,9878,9879,9880,
9881,9882,9883,9884,9885,9886,9887,9888,
9889,9890,9891,9892,9893,9894,9895,9896,
9897,9898,9899,9900,9901,9902,9903,9904,
9905,9906,9907,9908,9909,9910,9911,9912,
9913,9914,9915,9916,9917,9918,9919,9920,
9921,9922,9923,9924,9925,9926,9927,9928,
9929,9930,9931,9932,9933,9934,9935,9936,
11425,11426,11427,11428,11429,11430,11431,11432,
11433,11434,11435,11436,11437,11438,11439,11440,
11441,11442,11443,11444,11445,11446,11447,11448,
11449,11450,11451,11452,11453,11454,11455,11456,
11457,11458,11459,11460,11461,11462,11463,11464,
11465,11466,11467,11468,11469,11470,11471,11472,
11473,11474,11475,11476,11477,11478,11479,11480,
11481,11482,11483,11484,11485,11486,11487,11488,
11489,11490,11491,11492,11493,11494,11495,11496,
11497,11498,11499,11500,11501,11502,11503,11504,
11505,11506,11507,11508,11509,11510,11511,11512,
11513,11514,11515,11516,11517,11518,11519,11520,
11521,11522,11523,11524,11525,11526,11527,11528,
11529,11530,11531,11532,11533,11534,11535,11536,
11537,11538,11539,11540,11541,11542,11543,11544,
11545,11546,11547,11548,11549,11550,11551,11552,
11553,11554,11555,11556,11557,11558,11559,11560,
11561,11562,11563,11564,11565,11566,11567,11568
