10,31,57,64,79,105,109,123,
153,166,172,215,218,253,272,277,
306,333,340,381,422,507,508,513,
527,532,552,589,627,715,735,741,
812,851,884,897,909,927,956,991,
1010,1019,1044,1071,1080,1101,1107,1123,
1129,1147,1148,1183,1199,1254,1268,1275,
1283,1290,1296,1302,1310,1325,1329,1333,
1336,1361,1362,1371,1379,1394,1405,1419,
1420,1421,1423,1435,1441,1442,1445,1487,
1506,1511,1525,1548,1551,1557,1558,1562,
1564,1568,1584,1595,1615,1627,1630,1652,
1692,1730,1747,1759,1760,1769,1779,1782,
1784,1787,1815,1826,1857,1881,1910,1912,
1914,1959,1972,2014,2039,2061,2075,2094,
2100,2142,2175,2181,2186,2200,2238,2299,
2302,2307,2325,2345,2366,2391,2411,2433,
2478,2510,2514,2527,2546,2548,2571,2573,
2580,2651,2673,2698,2700,2709,2712,2713,
2718,2721,2724,2726,2730,2734,2743,2745,
2749,2750,2753,2755,2758,2762,2766,2777,
2778,2779,2792,2795,2797,2802,2805,2806,
2809,2811,2813,2814,2825,2829,2837,2841,
2845,2847,2849,2858,2868,2869,2887,2889,
2893,2897,2898,2905,2908,2913,2914,2919,
2920,2923,2927,2929,2933,2934,2940,2941,
2949,2950,2951,2952,2966,2979,2981,2982,
2983,2986,2989,2993,3004,3011,3013,3021,
3031,3044,3045,3056,3071,3073,3078,3101,
3106,3133,3150,3171,3225,3227,3228,3238,
3246,3250,3288,3334,3354,3375,3424,3458,
3472,3533,3534,3551,3553,3569,3578,3582,
3589,3596,3598,3604,3633,3652,3662,3684,
3697,3714,3753,3774,3788,3793,3797,3803,
3810,3826,3837,3860,3877,3912,3944,3979,
3989,4044,4080,4119,4171,4188,4208,4213,
4245,4248,4251,4254,4262,4265,4270,4271,
4274,4277,4282,4291,4295,4297,4298,4303,
4304,4343,4349,4358,4365,4373,4376,4425,
4427,4433,4438,4461,4487,4508,4533,4560,
4587,4592,4597,4598,4599,4600,4602,4603,
4605,4606,4612,4613,4615,4616,4618,4620,
4717,4723,4728,4733,4737,4758,4759,4773,
4802,4807,4808,4810,4811,4813,4814,4897,
4921,4965,4980,4982,5006,5015,5040,5049,
5053,5056,5061,5083,5125,5133,5144,5145,
5174,5178,5190,5192,5195,5198,5204,5208,
5211,5212,5213,5214,5222,5258,5278,5280,
5285,5299,5303,5309,5333,5347,5348,5352,
5353,5356,5358,5386,5389,5421,5429,5432,
5476,5486,5489,5491,5496,5507,5523,5529,
5608,5643,5655,5660,5665,5675,5677,5678,
5682,5684,5685,5687,5689,5691,5694,5695,
5703,5704,5705,5706,5707,5708,5710,5712,
5722,5729,5731,5733,5748,5759,5778,5789,
5790,5875,5901,5928,5965,5968,5970,5997,
6007,6029,6045,6048,6053,6058,6071,6134,
6207,6210,6225,6227,6228,6252,6261,6268,
6299,6345,6348,6350,6357,6368,6384,6390,
6412,6445,6455,6465,6487,6488,6515,6517,
6520,6544,6546,6550,6555,6558,6579,6595,
6600,6608,6610,6612,6613,6614,6645,6656,
6662,6663,6665,6666,6669,6671,6674,6676,
6677,6678,6689,6690,6691,6693,6695,6696,
6697,6699,6704,6707,6711,6715,6716,6721,
6722,6726,6730,6732,6733,6738,6741,6743,
6746,6749,6750,6754,6758,6761,6762,6763,
6796,6797,6803,6819,6867,6897,6907,6916,
6922,6929,6968,6975,7013,7018,7031,7045,
7052,7053,7054,7078,7088,7092,7110,7111,
7120,7135,7147,7196,7217,7246,7284,7290,
7295,7308,7316,7347,7352,7372,7423,7427,
7433,7440,7442,7448,7453,7456,7465,7468,
7473,7498,7505,7528,7530,7552,7554,7560,
7563,7564,7567,7579,7588,7590,7595,7624,
7630,7642,7645,7646,7671,7672,7673,7676,
7678,7680,7682,7683,7684,7686,7688,7696,
7701,7702,7703,7706,7712,7714,7715,7717,
7721,7722,7726,7729,7734,7740,7742,7748,
7761,7777,7789,7824,7826,7838,7844,7857,
7865,7870,7874,7880,7886,7893,7897,7898,
7903,7919,7921,7922,7924,7925,7958,7967,
7969,7974,7983,7997,8035,8045,8046,8047,
8054,8066,8076,8086,8106,8139,8307,8335,
8338,8343,8355,8367,8389,8394,8397,8409,
8423,8432,8441,8444,8491,8515,8517,8518,
8521,8522,8526,8528,8529,8532,8534,8537,
8539,8544,8545,8547,8548,8549,8561,8564,
8567,8568,8570,8571,8584,8585,8590,8592,
8603,8606,8630,8631,8634,8652,8682,8689,
8701,8708,8766,8776,8782,8837,8839,8840,
8841,8843,8853,8857,8868,8875,8876,8879,
8880,8883,8884,8917,8935,8945,8981,8984,
9017,9021,9035,9056,9070,9106,9110,9125,
9127,9128,9131,9132,9135,9136,9148,9160,
9168,9173,9185,9216,9221,9230,9235,9240,
9252,9255,9262,9263,9265,9267,9268,9269,
9274,9278,9279,9281,9282,9283,9284,9288,
9303,9334,9391,9460,9465,9489,9518,9534,
9538,9544,9545,9601,9618,9684,9685,9688,
9708,9735,9752,9773,9846,9863,9958,10026,
10083,10085,10109,10113,10119,10120,10147,10157,
10159,10237,10304,10305,10307,10319,10325,10348,
10366,10381,10425,10439,10442,10499,10544,10545,
10548,10554,10555,10556,10558,10566,10576,10582,
10587,10591,10595,10596,10597,10599,10600,10601,
10603,10607,10609,10620,10621,10622,10624,10627,
10628,10629,10635,10636,10639,10641,10653,10693,
10796,10798,10808,10858,10911,10961,10963,10968,
10987,10998,11019,11020,11026,11037,11063,11072,
11076,11096,11104,11108,11114,11177,11182,11206,
11212,11258,11259,11260,11266,11275,11318,11343,
11368,11408,11418,11420,11424,11439,11461,11488,
11496,11499,11500,11502,11503,11507,11509,11538,
11544,11548,11578,11584,11653,11724,11729,11732,
11738,11743,11744,11747,11764,11766,11768,11802,
11879,11911,11959,11974,11991,12046,12049,12055,
12059,12064,12065,12066,12067,12068,12070,12071,
12079,12080,12081,12083,12086,12090,12092,12093,
12094,12101,12102,12103,12113,12114,12118,12122,
12126,12138,12158,12159,12206,12217,12219,12245,
12251,12265,12296,12401,12408,12418,12436,12439,
12451,12453,12455,12496,12528,12531,12588,12589,
12608,12623,12634,12666,12688,12699,12708,12710,
12730,12735,12779,12781,12786,12798,12839,12842,
12852,12854,12864,12868,12898,12917,12930,12935,
12936,12937,12942,12944,12948,12949,12951,12962,
12972,12984,13010,13019,13022,13026,13032,13034,
13039,13040,13043,13044,13046,13047,13049,13051,
13058,13059,13073,13084,13085,13093,13121,13139,
13149,13190,13237,13250,13288,13296,13299,13318,
13319,13324,13325,13332,13333,13371,13381,13385,
13388,13389,13402,13408,13409,13412,13415,13435,
13440,13442,13443,13496,13514,13529,13569,13573,
13574,13577,13595,13635,13646,13673,13694,13707,
13723,13741,13746,13748,13751,13771,13772,13779,
13780,13782,13790,13795,13800,13834,13866,13873,
13926,13978,13981,14044,14104,14111,14119,14120,
14159,14161,14208,14214,14217,14218,14219,14220,
14223,14224,14225,14232,14233,14234,14235,14237,
14238,14239,14240,14241,14243,14244,14250,14256,
14257,14258,14260,14266,14357,14364,14429,14431,
14486,14501,14505,14524,14593,14606,14620,14754,
14756,14784,14791,14860,14875,14876,14880,14966,
14976,14982,14991,14998,15002,15028,15030,15048,
15050,15051,15053,15059,15086,15212,15230,15279,
15282,15284,15295,15393,15394,15395,15396,15397,
15402,15403,15407,15409,15419,15420,15421,15422,
15424,15439,15476,15519,15520,15524,15527,15529,
15535,15536,15537,15539,15554,15560,15561,15562,
15563,15564,15567,15578,15580,15581,15583,15585,
15586,15587,15588,15593,15597,15599,15625,15650,
15708,15767,15772,15781,15782,15783,15785,15789,
15800,15805,15815,15921,15995,16048,16055,16136,
16168,16181,16183,16193,16204,16243,16248,16250,
16252,16253,16256,16258,16259,16261,16264,16265,
16276,16323,16330,16340,16383,16398,16418,16464,
16498,16509,16514,16523,16524,16565,16584,16649,
16655,16668,16672,16680,16682,16689,16690,16691,
16716,16728,16785,16786,16787,16788,16789,16790,
16791,16796,16797,16798,16800,16801,16883,16894,
16912,16929,16946,17003,17086,17087,17109,17115,
17116,17142,17143,17151,17160,17161,17173,17174,
17176,17192,17205,17222,17238,17248,17262,17265,
17275,17353,17354,17365,17370,17374,17380,17384,
17385,17387,17388,17389,17390,17392,17395,17396,
17397,17398,17399,17402,17403,17404,17405,17406,
17407,17408,17409,17441,17443,17450,17458,17495,
17497,17500,17516,17521,17522,17527,17529,17539,
17549,17561,17578,17582,17593,17733,17742,17745,
17752,17757,17842,17843,17844,17845,17849,17853,
17855,17856,17857,17858,17859,17861,17863,17864,
17868,17881,17883,17923,17930,17942,17959,17964,
17965,17968,18020,18024,18030,18047,18068,18078,
18090,18093,18094,18096,18097,18098,18099,18100,
18102,18106,18108,18110,18114,18116,18117,18119,
18120,18121,18124,18125,18128,18129,18131,18136,
18183,18194,18196,18225,18235,18329,18341,18418,
18421,18426,18427,18434,18435,18468,18473,18474,
18481,18485,18498,18504,18505,18506,18507,18509,
18510,18514,18515,18520,18527,18532,18533,18535,
18536,18537,18538,18564,18586,18613,18623,18643,
18660,18689,18692,18695,18698,18704,18729,18738,
18740,18756,18766,18785,18794,18831,18844,18845,
18850,18851,18857,18862,18863,18865,18871,18872,
18875,18876,18880,18968,18973,19058,19117,19149,
19153,19156,19162,19165,19183,19198,19206,19216,
19220,19222,19249,19298,19314,19315,19323,19328,
19333,19387,19400,19411,19433,19443,19459,19468,
19469,19485,19500,19501,19516,19518,19611,19619,
19621,19640,19659,19662,19664,19666,19677,19679,
19689,19690,19691,19694,19717,19719,19730,19734,
19737,19767,19777,19780,19882,19885,19897,19911,
19918,19921,19947,19953,19957,19976,19996,20024,
20051,20062,20094,20110,20119,20149,20150,20157,
20165,20166,20172,20183,20185,20186,20197,20208,
20213,20230,20231,20232,20236,20237,20238,20242,
20244,20245,20246,20247,20252,20254,20255,20259,
20263,20266,20267,20273,20282,20298,20300,20301,
20304,20317,20323,20348,20368,20379,20380,20383,
20423,20427,20454,20456,20482,20489,20493,20495,
20531,20552,20633,20661,20684,20685,20688,20708,
20730,20742,20743,20744,20746,20750,20754,20756,
20757,20759,20760,20761,20762,20766,20767,20770,
20771,20772,20779,20781,20789,20852,20859,20895,
20922,20955,20976,21058,21075,21130,21173,21176,
21178,21183,21257,21259,21269,21270,21272,21282,
21283,21291,21298,21302,21304,21313,21344,21363,
21404,21408,21412,21413,21416,21418,21433,21437,
21466,21484,21488,21527,21535,21586,21614,21639,
21645,21648,21657,21671,21673,21674,21686,21712,
21729,21778,21882,21888,21899,21900,21901,21902,
21953,22042,22095,22098,22106,22177,22182,22183,
22189,22190,22192,22196,22197,22205,22252,22273,
22293,22297,22309,22318,22321,22374,22376,22378,
22421,22430,22478,22479,22499,22508,22511,22513,
22542,22553,22554,22555,22556,22561,22562,22563,
22564,22565,22569,22571,22572,22583,22585,22586,
22675,22711,22799,22800,22802,22803,22804,22811,
22815,22864,22869,22872,22878,22882,22885,22892,
22895,22896,22897,22898,22899,22906,22910,22912,
22918,22962,22976,22991,22997,23004,23006,23014,
23016,23022,23023,23024,23025,23027,23030,23032,
23033,23034,23035,23038,23039,23067,23077,23080,
23082,23116,23238,23243,23244,23249,23272,23276,
23281,23339,23395,23401,23413,23671,23676,23710,
23713,23758,23769,23772,23778,23837,23896,23900,
23923,23927,23928,23929,23936,23940,23947,23949,
23954,23955,23973,23974,23977,23981,23983,23985,
24001,24002,24003,24004,24005,24006,24008,24009,
24010,24011,24013,24016,24018,24020,24021,24022,
24023,24024,24025,24032,24034,24035,24036,24048,
24058,24066,24094,24137,24141,24144,24145,24156,
24161,24164,24169,24252,24274,24276,24281,24284,
24285,24286,24287,24290,24292,24304,24315,24319,
24329,24337,24338,24341,24410,24436,24466,24467,
24470,24473,24474,24478,24479,24481,24484,24485,
24486,24487,24492,24497,24503,24506,24513,24516,
24525,24544,24560,24631,24632,24633,24634,24635,
24648,24692,24693,24754,24761,24763,24764,24766,
24771,24772,24791,24792,24795,24797,24826,24830,
24841,24869,24871,24884,24890,24906,24914,24948,
24953,24982,25012,25020,25029,25069,25163,25188,
25248,25262,25289,25298,25313,25326,25329,25352,
25365,25367,25449,25485,25531,25643,25703,25705,
25710,25711,25714,25715,25718,25719,25720,25722,
25723,25727,25729,25734,25736,25740,25741,25744,
25747,25761,25763,25782,25800,25822,25845,25848,
25934,26009,26078,26124,26154,26269,26308,26329,
26418,26465,26469,26474,26478,26498,26531,26533,
26579,26618,26625,26633,26638,26639,26640,26642,
26731,26734,26750,26756,26759,26772,26788,26790,
26811,26832,26833,26835,26837,26839,26840,26841,
26842,26843,26844,26847,26851,26886,26889,26891,
26895,26901,26910,26916,26917,26932,26935,26946,
26953,26965,26983,26985,26989,26993,26995,26997,
27002,27003,27014,27021,27025,27026,27101,27124,
27184,27186,27211,27232,27233,27242,27243,27247,
27263,27276,27281,27290,27299,27300,27301,27302,
27311,27312,27317,27326,27368,27371,27380,27391,
27394,27407,27444,27450,27532,27534,27544,27604,
27632,27641,27673,27679,27684,27729,27731,27732,
27734,27737,27738,27773,27778,27787,27791,27793,
27794,27796,27797,27798,27802,27803,27804,27805,
27806,27808,27809,27810,27811,27812,27813,27814,
27815,27816,27817,27819,27822,27823,27824,27826,
27827,27828,27829,28030,28068,28081,28086,28100,
28119,28170,28288,28293,28298,28318,28325,28417,
28421,28436,28445,28472,28478,28483,28511,28518,
28521,28522,28523,28530,28534,28535,28541,28546,
28547,28550,28595,28642,28647,28656,28694,28728,
28733,28735,28738,28773,28814,28817,28829,28830,
28841,28845,28850,28863,28864,28865,28866,28867,
28870,28873,28874,28875,28880,28881,28882,28884,
28892,28893,28895,28896,28897,28900,28901,28905,
28906,28908,28942,28967,28971,28987,28995,29009,
29022,29024,29028,29033,29036,29037,29070,29073,
29155,29160,29164,29175,29183,29184,29202,29213,
29255,29257,29326,29332,29334,29335,29403,29405,
29412,29433,29437,29445,29476,29477,29480,29488,
29489,29490,29493,29496,29497,29498,29500,29501,
29502,29503,29504,29505,29506,29592,29614,29621,
29624,29629,29631,29633,29634,29698,29709,29791,
29819,29827,29838,29854,29887,29968,29969,29972,
29982,30027,30045,30047,30077,30102,30119,30141,
30210,30219,30246,30265,30266,30345,30369,30374,
30388,30404,30453,30493,30495,30497,30500,30505,
30511,30514,30515,30545,30571