2,4,5,11,14,15,16,17,
22,23,30,31,37,42,46,52,
57,58,59,63,68,70,74,75,
78,81,84,85,87,93,98,101,
105,107,108,112,114,117,121,129,
133,134,135,136,137,138,140,147,
149,150,152,153,156,157,158,160,
162,166,167,169,170,171,174,177,
181,184,187,188,193,196,197,200,
201,202,203,208,212,214,215,218,
228,229,234,235,238,241,243,245,
247,248,250,251,256,258,259,260,
262,265,266,274,275,276,278,285,
287,288,293,296,297,298,307,311,
312,314,315,316,319,321,322,323,
324,326,331,332,333,334,336,344,
346,347,348,350,357,361,363,369,
371,374,375,385,390,392,406,409,
410,412,414,421,425,427,431,433,
440,441,444,445,449,451,452,457,
459,463,466,467,468,474,476,477,
480,489,492,495,497,500,501,502,
503,505,507,511,513,515,516,517,
520,524,526,528,530,532,533,534,
536,538,539,540,549,550,555,558,
562,564,565,567,568,572,575,578,
583,585,588,592,593,595,596,603,
604,606,607,608,610,611,612,613,
616,618,620,623,626,630,631,635,
637,639,643,644,647,652,653,655,
656,657,662,664,665,668,671,678,
681,687,691,697,705,707,708,711,
713,714,717,721,722,727,730,732,
735,739,741,743,746,750,753,757,
758,759,761,763,765,766,768,772,
774,776,777,781,784,786,789,790,
794,795,797,801,803,806,807,808,
813,815,820,821,822,825,828,829,
834,836,840,844,846,847,850,851,
856,859,863,864,867,869,871,872,
873,875,879,881,885,894,896,899,
901,906,908,909,912,913,915,916,
918,919,920,924,925,927,929,937,
940,941,944,945,947,948,950,952,
953,954,958,963,972,978,980,985,
986,987,999,1003,1008,1010,1011,1012,
1013,1015,1016,1020,1023,1026,1027,1028,
1033,1042,1043,1046,1050,1051,1054,1055,
1057,1058,1063,1065,1066,1068,1069,1071,
1073,1075,1077,1078,1083,1085,1089,1091,
1092,1094,1097,1101,1103,1105,1111,1112,
1114,1115,1117,1123,1128,1129,1131,1132,
1134,1136,1139,1140,1144,1146,1153,1154,
1159,1165,1170,1178,1179,1180,1184,1185,
1188,1193,1197,1198,1200,1203,1204,1205,
1208,1209,1214,1224,1226,1235,1236,1237,
1238,1239,1240,1241,1243,1244,1246,1250,
1251,1253,1254,1255,1256,1257,1259,1261,
1263,1266,1267,1268,1271,1272,1273,1274,
1275,1277,1278,1280,1284,1285,1286,1288,
1290,1294,1295,1299,1303,1304,1305,1314,
1319,1320,1328,1330,1339,1342,1343,1349,
1353,1356,1359,1361,1362,1369,1380,1383,
1386,1388,1390,1394,1395,1397,1398,1402,
1412,1413,1417,1421,1422,1423,1428,1429,
1433,1435,1440,1450,1456,1457,1459,1460,
1462,1463,1466,1469,1472,1482,1487,1489,
1491,1492,1494,1496,1499,1504,1506,1507,
1509,1517,1518,1521,1524,1526,1527,1528,
1531,1532,1535,1537,1540,1542,1544,1545,
1546,1552,1559,1563,1564,1565,1567,1570,
1572,1574,1575,1578,1580,1582,1583,1587,
1589,1591,1597,1601,1606,1611,1612,1613,
1614,1638,1641,1644,1645,1646,1647,1665,
1667,1668,1669,1670,1671,1675,1676,1677,
1681,1688,1690,1692,1695,1700,1702,1706,
1707,1710,1714,1715,1717,1721,1723,1724,
1729,1735,1736,1738,1739,1740,1743,1745,
1747,1748,1749,1750,1751,1752,1757,1758,
1762,1763,1766,1777,1784,1790,1795,1797,
1801,1802,1804,1805,1806,1809,1813,1814,
1815,1816,1819,1820,1821,1823,1828,1835,
1836,1840,1841,1848,1849,1850,1852,1859,
1861,1862,1863,1864,1868,1875,1877,1878,
1879,1880,1883,1888,1889,1891,1892,1893,
1896,1901,1904,1913,1914,1915,1916,1919,
1920,1921,1926,1934,1940,1942,1947,1951,
1953,1959,1960,1961,1965,1969,1977,1980,
1985,1988,1989,1990,1991,1994,1996,1997,
1998,2006,2007,2010,2011,2018,2023,2025,
2028,2029,2030,2032,2033,2035,2042,2044,
2046,2047,2050,2051,2055,2056,2058,2064,
2068,2071,2075,2077,2078,2079,2081,2083,
2085,2086,2087,2089,2092,2094,2104,2113,
2117,2118,2119,2122,2125,2126,2133,2143,
2144,2146,2149,2154,2159,2167,2168,2170,
2172,2175,2181,2182,2183,2185,2191,2193,
2197,2203,2204,2205,2206,2207,2208,2209,
2212,2214,2216,2226,2227,2229,2230,2235,
2236,2237,2238,2239,2240,2246,2247,2248,
2249,2250,2251,2258,2260,2261,2263,2265,
2267,2269,2273,2275,2276,2282,2283,2284,
2286,2291,2294,2296,2297,2298,2299,2300,
2303,2309,2311,2312,2313,2315,2317,2318,
2320,2321,2322,2325,2327,2328,2330,2332,
2333,2334,2336,2337,2340,2345,2347,2349,
2350,2351,2353,2354,2361,2363,2366,2371,
2372,2375,2377,2378,2379,2381,2382,2383,
2384,2385,2390,2391,2394,2401,2403,2407,
2416,2417,2418,2419,2421,2423,2425,2430,
2436,2437,2442,2445,2447,2449,2451,2457,
2459,2462,2463,2464,2465,2467,2469,2470,
2472,2473,2480,2481,2483,2487,2489,2496,
2499,2500,2503,2512,2515,2516,2517,2519,
2520,2524,2527,2530,2534,2543,2544,2546,
2547,2549,2552,2554,2557,2558,2559,2562,
2564,2566,2567,2568,2574,2576,2578,2581,
2585,2587,2595,2596,2597,2598,2599,2600,
2603,2604,2606,2611,2613,2614,2615,2618,
2621,2622,2623,2626,2627,2628,2629,2633,
2636,2642,2643,2644,2651,2654,2658,2659,
2661,2663,2664,2665,2668,2669,2670,2671,
2676,2677,2679,2680,2687,2688,2689,2691,
2705,2706,2708,2709,2710,2711,2712,2713,
2714,2717,2718,2720,2723,2724,2726,2727,
2728,2732,2733,2734,2735,2736,2739,2740,
2742,2745,2747,2749,2757,2761,2762,2763,
2764,2768,2774,2775,2782,2784,2786,2790,
2791,2792,2798,2802,2803,2812,2818,2821,
2824,2825,2835,2837,2838,2845,2847,2851,
2858,2860,2862,2863,2864,2867,2868,2870,
2872,2873,2874,2875,2876,2880,2881,2884,
2885,2890,2892,2893,2894,2897,2898,2899,
2901,2907,2910,2915,2918,2922,2927,2930,
2933,2935,2936,2940,2944,2952,2953,2956,
2958,2963,2967,2969,2972,2978,2981,2982,
2985,2990,2993,3006,3008,3016,3018,3021,
3022,3026,3027,3028,3031,3033,3034,3035,
3039,3040,3042,3045,3049,3050,3051,3054,
3057,3058,3060,3065,3067,3071,3072,3073,
3074,3075,3077,3078,3079,3080,3082,3085,
3089,3096,3099,3100,3103,3105,3106,3107,
3108,3114,3119,3122,3133,3137,3143,3144,
3145,3147,3150,3152,3155,3156,3158,3159,
3161,3164,3165,3166,3170,3171,3173,3178,
3179,3182,3186,3187,3189,3195,3197,3201,
3202,3203,3211,3212,3215,3216,3218,3222,
3224,3230,3235,3236,3238,3242,3245,3247,
3253,3254,3255,3256,3257,3264,3265,3267,
3271,3272,3273,3274,3278,3280,3282,3286,
3288,3291,3292,3293,3296,3297,3298,3303,
3304,3305,3306,3307,3317,3318,3319,3321,
3322,3326,3332,3335,3336,3339,3340,3344,
3347,3349,3351,3353,3359,3360,3362,3366,
3373,3375,3378,3379,3381,3382,3384,3387,
3388,3401,3403,3404,3405,3408,3410,3417,
3419,3420,3422,3429,3431,3433,3435,3436,
3438,3441,3446,3447,3448,3451,3457,3459,
3466,3469,3470,3471,3473,3478,3480,3486,
3487,3489,3490,3491,3493,3494,3496,3498,
3503,3510,3513,3515,3519,3520,3522,3531,
3532,3535,3538,3540,3545,3551,3557,3561,
3563,3564,3569,3570,3576,3577,3579,3580,
3581,3582,3583,3584,3586,3591,3598,3602,
3604,3609,3610,3611,3613,3616,3617,3618,
3622,3623,3625,3626,3628,3638,3639,3640,
3642,3643,3646,3647,3648,3649,3657,3663,
3666,3667,3670,3671,3674,3675,3679,3681,
3685,3686,3688,3689,3690,3691,3692,3694,
3695,3696,3699,3700,3704,3705,3707,3708,
3709,3710,3711,3714,3721,3724,3725,3733,
3736,3746,3751,3770,3774,3775,3782,3783,
3786,3788,3795,3800,3801,3802,3803,3805,
3809,3810,3816,3820,3821,3825,3827,3828,
3831,3833,3837,3839,3840,3843,3848,3855,
3856,3857,3860,3866,3870,3872,3873,3876,
3877,3878,3879,3883,3885,3887,3889,3892,
3893,3901,3902,3904,3911,3922,3928,3931,
3933,3935,3936,3937,3938,3940,3941,3943,
3945,3946,3947,3953,3954,3956,3958,3965,
3966,3968,3973,3974,3975,3976,3977,3978,
3979,3981,3982,3987,3989,3991,3996,3997,
3998,4002,4004,4006,4007,4013,4015,4024,
4027,4030,4032,4041,4045,4046,4051,4055,
4056,4057,4060,4072,4073,4077,4079,4080,
4083,4084,4089,4091,4092,4101,4104,4105,
4106,4107,4108,4110,4115,4118,4122,4123,
4124,4126,4127,4128,4131,4134,4142,4143,
4144,4146,4147,4151,4152,4154,4155,4156,
4157,4158,4159,4161,4164,4179,4180,4181,
4183,4185,4186,4189,4190,4191,4192,4193,
4196,4197,4206,4215,4216,4217,4220,4222,
4224,4225,4228,4229,4230,4231,4232,4237,
4240,4243,4259,4260,4262,4263,4270,4272,
4273,4274,4277,4280,4284,4285,4286,4287,
4292,4305,4311,4316,4318,4326,4327,4331,
4335,4338,4339,4342,4346,4347,4349,4350,
4351,4356,4358,4359,4360,4362,4364,4365,
4366,4368,4373,4374,4376,4377,4382,4383,
4385,4390,4392,4393,4394,4395,4398,4399,
4402,4405,4416,4419,4420,4422,4424,4427,
4428,4429,4431,4434,4435,4439,4447,4448,
4449,4450,4454,4455,4456,4457,4460,4462,
4466,4468,4469,4471,4476,4477,4478,4479,
4481,4484,4485,4487,4488,4490,4491,4499,
4501,4511,4512,4514,4515,4517,4518,4519,
4520,4523,4526,4527,4528,4530,4533,4534,
4535,4536,4539,4545,4547,4548,4549,4553,
4554,4556,4557,4559,4560,4562,4566,4571,
4573,4576,4585,4587,4589,4591,4592,4595,
4600,4601,4603,4604,4606,4607,4610,4611,
4612,4613,4614,4615,4616,4620,4621,4622,
4623,4627,4629,4630,4632,4633,4635,4637,
4638,4641,4642,4648,4650,4652,4653,4654,
4655,4656,4661,4662,4665,4666,4668,4669,
4672,4673,4681,4686,4689,4692,4693,4697,
4699,4701,4702,4703,4706,4707,4709,4714,
4715,4718,4720,4723,4726,4731,4734,4736,
4738,4749,4750,4752,4758,4761,4763,4771,
4773,4775,4776,4778,4780,4781,4782,4785,
4787,4788,4790,4793,4798,4800,4803,4806,
4807,4809,4813,4814,4816,4820,4821,4824,
4825,4826,4830,4831,4832,4834,4837,4838,
4839,4841,4843,4845,4846,4847,4848,4852,
4854,4856,4857,4860,4861,4864,4868,4870,
4872,4880,4883,4885,4886,4891,4893,4894,
4900,4907,4912,4914,4920,4921,4922,4927,
4932,4933,4934,4938,4939,4942,4948,4949,
4951,4954,4959,4963,4964,4967,4969,4970,
4975,4979,4981,4983,4985,4988,4989,4990,
4992,4995,4996,4998,4999,5000,5001,5002,
5004,5005,5006,5008,5010,5012,5016,5018,
5020,5022,5024,5026,5027,5037,5039,5047,
5049,5052,5056,5059,5068,5069,5071,5072,
5076,5077,5078,5081,5091,5093,5095,5102,
5104,5105,5118,5119,5123,5124,5126,5128,
5130,5131,5132,5133,5134,5139,5140,5142,
5144,5145,5148,5149,5150,5157,5158,5160,
5161,5163,5164,5168,5169,5174,5176,5177,
5179,5180,5181,5182,5183,5184,5186,5188,
5194,5196,5200,5203,5211,5216,5218,5220,
5221,5227,5229,5230,5231,5236,5238,5243,
5246,5249,5251,5252,5259,5270,5274,5285,
5286,5289,5291,5293,5295,5302,5307,5310,
5316,5317,5322,5328,5330,5331,5334,5344,
5346,5347,5350,5354,5355,5356,5357,5359,
5360,5368,5371,5372,5374,5375,5378,5380,
5382,5388,5391,5397,5400,5401,5403,5405,
5412,5417,5418,5420,5422,5423,5427,5428,
5429,5436,5440,5442,5444,5449,5456,5461,
5462,5463,5464,5465,5468,5470,5471,5472,
5482,5483,5484,5487,5489,5490,5491,5492,
5494,5499,5502,5505,5510,5511,5515,5516,
5517,5518,5519,5521,5522,5524,5527,5528,
5532,5537,5538,5539,5540,5543,5544,5546,
5550,5552,5553,5556,5558,5561,5562,5563,
5566,5567,5577,5584,5596,5597,5602,5604,
5605,5611,5615,5617,5620,5623,5625,5627,
5630,5631,5635,5636,5639,5641,5644,5645,
5649,5650,5651,5663,5666,5673,5675,5681,
5684,5687,5690,5699,5704,5705,5711,5713,
5715,5718,5728,5739,5740,5741,5745,5748,
5750,5751,5752,5753,5754,5755,5756,5757,
5758,5759,5761,5762,5763,5764,5768,5772,
5773,5778,5787,5788,5789,5790,5791,5793,
5796,5797,5798,5799,5803,5805,5807,5819,
5824,5837,5839,5843,5844,5845,5853,5854,
5856,5857,5863,5866,5869,5870,5871,5872,
5875,5878,5884,5890,5891,5895,5897,5899,
5906,5907,5910,5912,5914,5915,5920,5922,
5924,5925,5930,5931,5934,5936,5937,5942,
5944,5945,5949,5952,5954,5959,5961,5962,
5963,5966,5967,5970,5979,5986,5993,5996,
5997,5998,6000,6001,6003,6004,6005,6007,
6026,6027,6028,6029,6030,6031,6036,6039,
6040,6046,6051,6055,6057,6058,6060,6061,
6063,6064,6067,6069,6076,6083,6092,6098,
6099,6101,6104,6108,6109,6112,6113,6114,
6115,6128,6137,6138,6143,6144,6146,6147,
6150,6154,6165,6166,6167,6169,6170,6173,
6175,6176,6179,6186,6189,6191,6192,6196,
6198,6199,6200,6202,6204,6208,6213,6217,
6218,6228,6229,6231,6233,6237,6240,6248,
6249,6250,6255,6256,6257,6260,6267,6274,
6276,6279,6285,6289,6294,6298,6304,6308,
6314,6321,6322,6324,6325,6327,6328,6329,
6330,6331,6336,6337,6340,6341,6342,6343,
6345,6353,6361,6363,6367,6368,6369,6371,
6372,6373,6374,6375,6376,6377,6378,6379,
6380,6381,6382,6383,6384,6385,6387,6388,
6389,6393,6394,6397,6401,6405,6407,6408,
6409,6412,6413,6415,6418,6429,6431,6434,
6436,6437,6442,6447,6450,6453,6469,6470,
6472,6473,6475,6482,6484,6491,6492,6494,
6496,6497,6498,6499,6501,6506,6513,6514,
6515,6516,6518,6519,6520,6521,6523,6525,
6529,6530,6536,6544,6546,6548,6553,6555,
6556,6561,6562,6563,6567,6569,6570,6571,
6574,6579,6583,6585,6588,6593,6594,6596,
6600,6605,6606,6607,6611,6614,6618,6622,
6624,6625,6626,6627,6630,6632,6635,6638,
6639,6640,6644,6646,6650,6659,6660,6663,
6665,6669,6674,6680,6688,6689,6690,6693,
6697,6698,6699,6700,6701,6704,6708,6709,
6714,6715,6721,6722,6724,6725,6726,6727,
6728,6729,6730,6732,6734,6736,6737,6738,
6745,6746,6747,6751,6752,6753,6758,6759,
6761,6764,6765,6771,6775,6777,6785,6789,
6794,6795,6796,6798,6799,6801,6804,6805,
6807,6809,6810,6812,6813,6815,6818,6822,
6824,6825,6826,6830,6831,6833,6845,6846,
6848,6851,6854,6855,6856,6861,6862,6864,
6867,6868,6869,6873,6875,6876,6878,6880,
6881,6885,6888,6889,6891,6892,6893,6894,
6895,6897,6898,6902,6904,6905,6914,6915,
6916,6917,6925,6927,6931,6933,6935,6936,
6937,6941,6943,6945,6947,6949,6950,6952,
6953,6954,6955,6957,6960,6961,6964,6965,
6967,6970,6975,6977,6978,6983,6984,6985,
6986,6988,6992,6993,6994,6995,7005,7006,
7007,7009,7013,7014,7016,7018,7019,7020,
7021,7022,7023,7024,7025,7027,7030,7033,
7042,7043,7045,7046,7047,7050,7053,7059,
7060,7061,7063,7064,7067,7068,7069,7071,
7072,7075,7081,7082,7083,7084,7085,7088,
7092,7097,7102,7104,7106,7107,7108,7113,
7119,7123,7125,7126,7127,7136,7137,7142,
7146,7159,7160,7165,7167,7169,7170,7174,
7176,7178,7180,7183,7187,7191,7193,7199,
7200,7204,7207,7211,7216,7221,7228,7229,
7231,7233,7234,7235,7241,7252,7260,7261,
7264,7265,7270,7285,7288,7290,7298,7309,
7312,7321,7328,7345,7349,7352,7355,7356,
7357,7359,7360,7362,7363,7371,7372,7374,
7375,7377,7378,7384,7385,7390,7392,7398,
7400,7401,7402,7404,7407,7414,7415,7417,
7418,7424,7427,7431,7432,7441,7453,7460,
7461,7472,7478,7479,7483,7493,7496,7501,
7503,7507,7508,7513,7521,7523,7534,7535,
7536,7539,7541,7542,7551,7556,7560,7562,
7564,7565,7567,7570,7571,7575,7576,7588,
7591,7595,7598,7600,7603,7606,7608,7611,
7613,7614,7615,7616,7620,7624,7625,7627,
7630,7631,7634,7643,7645,7648,7654,7655,
7658,7660,7661,7665,7666,7668,7670,7672,
7673,7675,7678,7681,7682,7683,7684,7685,
7688,7691,7696,7699,7700,7702,7707,7711,
7712,7716,7733,7736,7738,7740,7741,7742,
7746,7749,7762,7769,7771,7772,7776,7778,
7779,7781,7783,7786,7787,7788,7790,7791,
7794,7799,7800,7803,7805,7807,7808,7810,
7811,7812,7816,7821,7822,7824,7826,7828,
7830,7831,7832,7833,7838,7847,7849,7850,
7852,7856,7859,7860,7863,7866,7868,7873,
7874,7876,7877,7879,7880,7882,7884,7885,
7886,7887,7888,7894,7897,7906,7907,7914,
7916,7927,7930,7935,7937,7941,7944,7945,
7946,7952,7956,7957,7966,7967,7971,7981,
7982,7985,7986,7987,7990,7993,7998,8000,
8003,8009,8010,8018,8020,8021,8022,8024,
8029,8030,8037,8039,8040,8047,8049,8056,
8058,8061,8065,8067,8072,8073,8075,8077,
8078,8080,8081,8082,8085,8088,8094,8099,
8103,8108,8110,8111,8122,8124,8125,8131,
8134,8136,8137,8139,8141,8144,8149,8157,
8159,8162,8164,8167,8168,8169,8170,8178,
8179,8185,8187,8189,8201,8203,8212,8216,
8217,8218,8227,8231,8237,8245,8248,8251,
8254,8256,8259,8260,8269,8272,8275,8276,
8285,8286,8288,8294,8296,8300,8301,8309,
8311,8312,8313,8323,8326,8327,8328,8329,
8331,8332,8333,8335,8337,8338,8341,8345,
8346,8351,8354,8355,8358,8366,8370,8378,
8379,8380,8383,8385,8388,8391,8392,8396,
8399,8401,8408,8409,8411,8412,8419,8425,
8426,8435,8436,8437,8440,8442,8447,8448,
8449,8456,8457,8458,8461,8462,8466,8476,
8478,8481,8485,8488,8489,8490,8492,8494,
8504,8505,8508,8512,8513,8514,8515,8521,
8524,8527,8530,8533,8536,8547,8553,8554,
8555,8556,8559,8577,8581,8583,8589,8592,
8596,8603,8604,8607,8608,8610,8615,8616,
8622,8624,8625,8629,8632,8633,8644,8649,
8666,8669,8679,8683,8684,8690,8691,8692,
8693,8695,8697,8699,8700,8704,8707,8708,
8712,8716,8717,8720,8722,8723,8724,8725,
8727,8728,8737,8746,8749,8752,8754,8761,
8762,8765,8767,8772,8773,8774,8775,8777,
8781,8782,8784,8790,8797,8798,8806,8807,
8808,8809,8811,8821,8825,8828,8834,8837,
8838,8842,8843,8844,8853,8857,8858,8861,
8862,8863,8864,8870,8871,8877,8878,8883,
8887,8889,8890,8892,8899,8907,8908,8913,
8915,8924,8926,8927,8928,8931,8935,8936,
8940,8946,8948,8958,8960,8961,8962,8965,
8967,8968,8969,8971,8973,8980,8981,8986,
8988,8990,8992,8993,8996,8998,9000,9001,
9002,9007,9011,9014,9020,9021,9023,9026,
9032,9036,9047,9049,9050,9051,9053,9055,
9056,9067,9075,9076,9078,9083,9089,9090,
9095,9101,9107,9109,9111,9112,9113,9123,
9125,9127,9132,9133,9140,9141,9142,9143,
9145,9147,9152,9159,9160,9162,9167,9172,
9173,9174,9179,9180,9181,9182,9183,9189,
9190,9193,9194,9195,9196,9197,9198,9199,
9200,9204,9205,9208,9211,9216,9220,9221,
9222,9224,9227,9232,9233,9238,9243,9244,
9245,9247,9256,9266,9267,9270,9272,9273,
9274,9276,9278,9279,9280,9282,9286,9287,
9289,9295,9301,9305,9309,9310,9316,9318,
9319,9320,9325,9327,9328,9329,9330,9341,
9342,9354,9361,9365,9368,9369,9371,9374,
9375,9382,9384,9387,9391,9392,9394,9397,
9398,9406,9409,9410,9415,9417,9419,9423,
9424,9432,9433,9436,9437,9439,9444,9448,
9451,9453,9455,9456,9459,9469,9473,9475,
9476,9478,9479,9481,9482,9485,9486,9488,
9489,9490,9491,9492,9495,9496,9500,9503,
9507,9509,9510,9511,9512,9516,9519,9520,
9522,9529,9530,9532,9534,9538,9548,9549,
9550,9555,9559,9560,9561,9562,9564,9565,
9566,9569,9573,9574,9578,9579,9580,9581,
9582,9596,9597,9599,9600,9601,9603,9613,
9614,9619,9620,9621,9622,9625,9626,9629,
9633,9639,9641,9650,9658,9663,9666,9668,
9671,9672,9677,9679,9680,9687,9691,9693,
9694,9702,9704,9706,9707,9710,9713,9716,
9717,9718,9719,9720,9721,9724,9732,9742,
9744,9749,9750,9752,9767,9781,9782,9784,
9789,9792,9803,9805,9807,9810,9818,9819,
9820,9822,9824,9826,9827,9828,9831,9838,
9840,9843,9845,9847,9852,9853,9855,9856,
9857,9861,9862,9864,9865,9866,9868,9870,
9872,9873,9894,9895,9896,9904,9913,9914,
9915,9918,9919,9920,9921,9923,9924,9925,
9927,9930,9935,9936,9937,9938,9940,9945,
9947,9949,9951,9953,9958,9961,9965,9970,
9971,9972,9973,9980,9981,9984,9988,9989,
9994,9999,10001,10003,10006,10012,10020,10024,
10026,10028,10030,10032,10035,10036,10038,10046,
10051,10052,10066,10068,10071,10079,10083,10088,
10089,10090,10091,10092,10093,10097,10099,10100,
10106,10119,10123,10124,10125,10126,10128,10132,
10135,10138,10153,10156,10158,10164,10165,10169,
10170,10171,10172,10173,10176,10179,10180,10181,
10189,10198,10201,10202,10204,10205,10207,10216,
10217,10219,10220,10221,10222,10223,10224,10226,
10227,10230,10232,10236,10237,10239,10240,10241,
10245,10248,10249,10252,10253,10256,10261,10264,
10267,10273,10275,10278,10279,10281,10282,10283,
10284,10287,10289,10294,10295,10297,10298,10299,
10301,10302,10303,10305,10306,10307,10309,10311,
10312,10316,10318,10320,10324,10325,10326,10327,
10330,10331,10335,10339,10341,10342,10345,10346,
10347,10349,10350,10353,10354,10357,10358,10363,
10366,10367,10369,10370,10371,10376,10388,10389,
10392,10394,10396,10398,10399,10400,10402,10403,
10404,10405,10409,10410,10414,10415,10416,10421,
10422,10423,10424,10425,10426,10430,10431,10433,
10437,10441,10442,10448,10458,10461,10462,10466,
10469,10477,10478,10482,10486,10492,10493,10494,
10496,10497,10498,10502,10503,10504,10506,10510,
10511,10512,10513,10514,10516,10517,10520,10528,
10529,10531,10534,10535,10539,10541,10549,10550,
10553,10555,10561,10562,10563,10566,10568,10571,
10572,10573,10575,10576,10578,10587,10590,10593,
10594,10604,10614,10617,10621,10623,10624,10626,
10630,10643,10644,10647,10651,10652,10653,10655,
10656,10666,10667,10668,10669,10670,10675,10677,
10684,10689,10690,10692,10694,10696,10697,10703,
10704,10707,10709,10711,10727,10735,10737,10738,
10740,10741,10744,10745,10746,10751,10752,10753,
10754,10755,10759,10762,10763,10767,10768,10769,
10772,10773,10783,10786,10790,10792,10797,10801,
10806,10812,10813,10814,10815,10816,10817,10818,
10820,10821,10823,10824,10832,10833,10841,10851,
10853,10855,10857,10858,10863,10864,10874,10884,
10888,10894,10897,10902,10910,10925,10932,10933,
10934,10935,10945,10947,10949,10951,10952,10954,
10958,10962,10963,10965,10969,10985,10988,10989,
10990,10994,11000,11004,11007,11010,11011,11013,
11014,11017,11018,11023,11024,11025,11031,11032,
11033,11037,11038,11039,11040,11041,11042,11044,
11045,11046,11047,11049,11061,11064,11065,11070,
11074,11078,11079,11087,11088,11094,11100,11101,
11102,11104,11106,11107,11108,11110,11116,11119,
11120,11123,11124,11128,11129,11133,11139,11140,
11142,11144,11145,11146,11156,11157,11161,11162,
11164,11166,11168,11169,11174,11175,11176,11177,
11180,11185,11186,11187,11191,11194,11196,11198,
11200,11201,11202,11205,11210,11212,11213,11214,
11220,11221,11223,11228,11229,11230,11231,11236,
11237,11250,11252,11254,11256,11263,11264,11267,
11273,11274,11281,11282,11286,11288,11294,11295,
11296,11300,11303,11304,11308,11312,11313,11314,
11319,11321,11324,11326,11328,11329,11330,11334,
11335,11339,11341,11342,11343,11349,11352,11356,
11357,11358,11359,11361,11364,11365,11369,11373,
11374,11375,11377,11378,11379,11381,11382,11383,
11384,11385,11387,11388,11391,11394,11395,11397,
11398,11399,11400,11403,11404,11406,11413,11415,
11416,11417,11425,11427,11435,11436,11437,11439,
11440,11441,11444,11445,11448,11450,11451,11452,
11455,11458,11459,11460,11461,11462,11464,11472,
11479,11482,11487,11488,11489,11490,11496,11498,
11499,11504,11506,11507,11514,11516,11517,11518,
11520,11521,11525,11526,11527,11529,11532,11533,
11539,11543,11550,11556,11560,11563,11567,11573,
11574,11576,11577,11578,11579,11580,11586,11587,
11591,11592,11595,11596,11597,11599,11600,11601,
11603,11604,11606,11607,11608,11611,11612,11613,
11616,11617,11620,11621,11622,11623,11625,11626,
11627,11628,11631,11639,11640,11642,11644,11646,
11648,11650,11653,11659,11667,11668,11670,11673,
11676,11677,11679,11680,11683,11684,11685,11686,
11689,11690,11691,11692,11693,11702,11715,11717,
11721,11726,11728,11734,11735,11737,11742,11746,
11750,11755,11761,11762,11767,11768,11771,11773,
11774,11775,11780,11781,11782,11788,11789,11795,
11810,11811,11812,11817,11820,11821,11827,11829,
11831,11832,11834,11835,11836,11837,11838,11847,
11849,11850,11851,11854,11856,11857,11858,11859,
11861,11862,11865,11869,11873,11880,11883,11885,
11889,11891,11894,11895,11896,11899,11901,11903,
11908,11909,11910,11911,11926,11930,11933,11938,
11946,11947,11949,11952,11959,11960,11962,11966,
11967,11968,11972,11975,11976,11981,11982,11986,
11987,11989,11994,11996,11997,11998,12008,12009,
12015,12020,12029,12035,12036,12039,12042,12046,
12047,12048,12055,12056,12057,12059,12062,12066,
12076,12078,12079,12080,12081,12083,12084,12085,
12086,12087,12088,12089,12090,12095,12101,12110,
12111,12121,12126,12127,12129,12130,12142,12145,
12146,12147,12153,12154,12157,12160,12163,12164,
12165,12168,12170,12171,12172,12175,12181,12182,
12183,12202,12203,12208,12209,12210,12215,12221,
12222,12223,12231,12234,12236,12237,12238,12241,
12245,12247,12251,12252,12254,12257,12263,12265,
12268,12278,12284,12286,12292,12293,12296,12298,
12299,12300,12302,12303,12309,12311,12318,12328,
12331,12332,12337,12338,12344,12348,12350,12353,
12354,12356,12357,12358,12361,12362,12366,12368,
12370,12372,12377,12384,12388,12391,12392,12394,
12396,12398,12404,12405,12411,12413,12415,12418,
12421,12423,12424,12425,12427,12429,12434,12439,
12442,12444,12447,12448,12449,12458,12459,12461,
12462,12463,12464,12468,12469,12471,12472,12473,
12478,12482,12483,12490,12493,12495,12496,12497,
12498,12499,12500,12501,12502,12503,12504,12505,
12506,12507,12514,12515,12516,12517,12518,12519,
12525,12526,12527,12528,12530,12531,12534,12538,
12539,12541,12548,12549,12554,12555,12558,12559,
12562,12568,12572,12578,12582,12585,12586,12587,
12588,12589,12592,12594,12600,12601,12603,12606,
12607,12612,12617,12618,12628,12629,12633,12639,
12640,12646,12651,12654,12656,12657,12661,12662,
12663,12664,12671,12672,12673,12681,12683,12685,
12689,12692,12693,12694,12695,12698,12699,12701,
12702,12705,12714,12715,12717,12720,12722,12723,
12724,12726,12731,12732,12733,12734,12735,12739,
12747,12749,12753,12755,12758,12759,12762,12763,
12766,12767,12768,12769,12773,12774,12778,12779,
12780,12784,12785,12789,12790,12793,12795,12797,
12799,12800,12807,12813,12818,12823,12830,12831,
12832,12836,12838,12839,12842,12843,12844,12845,
12846,12847,12848,12850,12851,12852,12854,12857,
12863,12865,12868,12869,12870,12871,12873,12878,
12880,12882,12883,12884,12886,12889,12892,12895,
12896,12897,12901,12905,12906,12907,12908,12909,
12911,12912,12915,12920,12925,12928,12930,12960,
12966,12976,12981,12982,12983,12984,12986,12988,
12992,13000,13001,13002,13006,13010,13011,13012,
13018,13020,13022,13023,13032,13033,13038,13042,
13048,13050,13052,13054,13059,13080,13084,13085,
13086,13092,13093,13094,13106,13112,13120,13127,
13132,13133,13142,13145,13150,13154,13159,13161,
13162,13163,13165,13166,13168,13169,13170,13171,
13172,13174,13177,13181,13182,13185,13189,13190,
13191,13196,13209,13210,13211,13212,13221,13222,
13224,13225,13227,13231,13232,13234,13241,13242,
13244,13245,13247,13250,13253,13254,13259,13263,
13266,13270,13275,13276,13277,13279,13282,13283,
13284,13285,13307,13308,13309,13310,13312,13313,
13318,13319,13321,13322,13334,13339,13340,13343,
13353,13359,13360,13368,13369,13371,13373,13374,
13375,13377,13379,13386,13394,13399,13402,13403,
13406,13407,13408,13409,13412,13413,13414,13416,
13423,13424,13425,13426,13429,13431,13432,13433,
13437,13439,13440,13441,13442,13448,13449,13450,
13451,13457,13459,13468,13474,13479,13483,13484,
13486,13497,13499,13509,13519,13529,13532,13534,
13537,13539,13542,13551,13552,13565,13566,13567,
13568,13569,13570,13571,13572,13574,13584,13586,
13593,13603,13604,13606,13609,13611,13612,13613,
13615,13617,13621,13626,13628,13632,13633,13639,
13641,13642,13643,13647,13648,13649,13653,13654,
13655,13661,13662,13671,13674,13683,13692