18,43,44,49,56,66,84,88,
96,101,112,116,118,122,128,132,
140,141,154,155,157,159,164,173,
174,180,186,198,213,216,220,231,
235,237,243,260,261,262,280,284,
290,299,314,315,324,329,334,337,
338,339,351,352,369,370,378,386,
391,418,423,434,435,438,440,442,
451,455,468,514,517,550,590,594,
617,619,623,628,630,640,653,654,
681,691,699,709,716,719,724,728,
732,734,742,749,752,759,766,767,
768,769,781,791,792,797,798,802,
803,805,808,809,810,817,822,824,
837,838,841,842,843,844,845,850,
861,868,870,872,874,887,888,899,
900,902,903,907,908,913,915,918,
922,923,924,925,926,930,935,941,
953,957,963,979,993,1004,1007,1013,
1016,1020,1022,1031,1058,1060,1085,1087,
1108,1111,1121,1140,1144,1146,1171,1174,
1180,1193,1211,1214,1252,1256,1273,1281,
1285,1307,1322,1332,1337,1338,1365,1372,
1377,1424,1429,1440,1447,1468,1472,1479,
1491,1509,1516,1561,1565,1575,1612,1649,
1651,1658,1670,1694,1729,1745,1752,1773,
1778,1789,1808,1846,1860,1865,1873,1883,
1897,1911,1967,1973,1992,2002,2046,2082,
2098,2108,2111,2127,2156,2165,2167,2169,
2171,2174,2204,2211,2216,2239,2254,2270,
2279,2300,2301,2357,2368,2371,2376,2383,
2385,2395,2436,2457,2470,2523,2536,2558,
2563,2564,2606,2620,2637,2652,2653,2671,
2714,2719,2735,2746,2754,2760,2780,2823,
2830,2832,2833,2848,2866,2960,2968,3009,
3018,3036,3057,3105,3157,3165,3173,3195,
3262,3280,3285,3294,3300,3314,3325,3345,
3360,3400,3450,3466,3480,3526,3529,3535,
3539,3555,3557,3561,3573,3574,3575,3584,
3591,3595,3602,3606,3610,3611,3614,3616,
3621,3624,3626,3629,3630,3641,3645,3653,
3658,3659,3665,3672,3673,3687,3719,3741,
3768,3781,3792,3801,3857,3873,3897,3911,
3917,3925,3927,3951,3981,3988,3998,4026,
4037,4062,4073,4075,4077,4083,4084,4093,
4100,4102,4106,4112,4118,4121,4125,4126,
4133,4135,4137,4139,4147,4149,4153,4154,
4156,4158,4161,4167,4177,4178,4180,4192,
4193,4210,4239,4241,4255,4276,4285,4302,
4377,4423,4432,4435,4436,4440,4445,4458,
4478,4496,4509,4514,4552,4574,4604,4611,
4619,4622,4626,4629,4635,4642,4643,4653,
4658,4681,4694,4696,4721,4727,4774,4775,
4788,4789,4794,4797,4804,4809,4828,4844,
4876,4894,4895,4900,4902,4976,4978,4990,
4991,5018,5021,5034,5036,5054,5078,5108,
5129,5140,5185,5218,5273,5291,5294,5345,
5346,5357,5364,5368,5369,5370,5377,5413,
5430,5435,5437,5451,5453,5458,5459,5477,
5516,5518,5528,5561,5615,5668,5669,5732,
5743,5755,5767,5860,5865,5890,5903,5907,
5954,5991,5998,6009,6012,6031,6036,6039,
6044,6085,6088,6091,6096,6111,6162,6169,
6193,6197,6217,6239,6259,6284,6286,6294,
6323,6328,6355,6380,6392,6397,6400,6401,
6404,6405,6410,6411,6416,6417,6418,6430,
6433,6434,6441,6463,6472,6479,6504,6507,
6516,6539,6551,6566,6592,6604,6617,6624,
6654,6694,6708,6744,6752,6756,6885,6909,
6910,6911,6913,6920,6924,6926,6928,6933,
6971,6974,6981,6986,6988,6993,7005,7032,
7033,7046,7050,7055,7064,7074,7106,7129,
7130,7159,7160,7164,7170,7171,7180,7181,
7182,7215,7224,7226,7229,7230,7231,7233,
7237,7250,7274,7307,7334,7354,7385,7399,
7400,7406,7411,7431,7439,7464,7486,7488,
7489,7491,7504,7529,7536,7555,7566,7576,
7620,7638,7640,7651,7657,7661,7663,7665,
7691,7697,7699,7709,7732,7750,7752,7756,
7758,7759,7760,7772,7807,7808,7814,7816,
7817,7818,7819,7820,7821,7822,7828,7835,
7836,7871,7923,7934,7948,7951,7952,7955,
7957,7962,7963,7964,7977,7996,8026,8027,
8029,8033,8061,8072,8087,8092,8098,8114,
8123,8125,8126,8128,8137,8141,8147,8149,
8151,8154,8155,8156,8159,8160,8162,8164,
8165,8168,8173,8177,8188,8190,8193,8194,
8195,8196,8197,8198,8199,8202,8203,8205,
8206,8207,8225,8227,8240,8242,8255,8282,
8286,8289,8290,8291,8292,8294,8295,8296,
8300,8311,8313,8332,8350,8361,8373,8381,
8419,8463,8477,8485,8540,8552,8577,8597,
8598,8611,8626,8635,8642,8647,8651,8655,
8673,8674,8675,8678,8679,8683,8691,8696,
8703,8704,8706,8734,8735,8737,8739,8740,
8741,8742,8744,8746,8747,8748,8755,8756,
8758,8759,8760,8761,8764,8767,8768,8769,
8772,8778,8779,8859,8908,8934,8962,8985,
8993,8994,8996,8997,8999,9001,9006,9008,
9009,9012,9013,9015,9018,9022,9024,9026,
9028,9031,9046,9078,9171,9250,9253,9254,
9264,9271,9290,9325,9344,9345,9346,9354,
9357,9358,9360,9362,9363,9366,9367,9368,
9370,9371,9372,9375,9378,9381,9389,9392,
9454,9501,9507,9528,9604,9614,9619,9620,
9657,9683,9716,9720,9737,9738,9739,9745,
9746,9747,9749,9751,9755,9758,9760,9762,
9763,9764,9767,9768,9769,9770,9779,9794,
9877,9932,9969,9972,9981,9987,9999,10020,
10030,10045,10071,10148,10162,10192,10285,10289,
10290,10291,10292,10294,10297,10302,10309,10310,
10311,10312,10313,10314,10347,10354,10402,10417,
10423,10432,10433,10434,10435,10436,10437,10485,
10514,10563,10589,10618,10637,10638,10645,10661,
10701,10717,10723,10736,10745,10817,10824,10832,
10833,10839,10841,10842,10843,10844,10845,10848,
10849,10850,10851,10861,11008,11053,11106,11107,
11161,11180,11184,11196,11210,11230,11240,11261,
11271,11276,11280,11282,11286,11293,11323,11324,
11325,11327,11330,11332,11333,11336,11337,11338,
11339,11342,11344,11348,11349,11352,11374,11387,
11393,11399,11407,11411,11450,11480,11498,11516,
11582,11593,11606,11616,11626,11642,11650,11677,
11690,11691,11695,11700,11722,11726,11733,11737,
11753,11761,11831,11834,11894,11898,11915,11919,
11924,11925,11948,11980,12025,12027,12061,12084,
12087,12108,12115,12116,12173,12178,12179,12198,
12207,12216,12237,12287,12289,12292,12299,12301,
12322,12335,12346,12359,12376,12416,12426,12442,
12493,12511,12520,12534,12539,12541,12549,12559,
12583,12599,12602,12606,12614,12619,12639,12679,
12695,12704,12713,12809,12832,12836,12844,12845,
12865,12873,12875,12888,12973,12978,12981,12982,
12989,12991,12992,12993,12994,12995,12997,12998,
12999,13001,13002,13004,13012,13016,13017,13020,
13027,13028,13029,13031,13061,13088,13096,13102,
13105,13106,13111,13113,13114,13151,13183,13195,
13203,13205,13216,13217,13224,13230,13249,13269,
13327,13365,13399,13427,13430,13505,13513,13515,
13517,13532,13542,13543,13572,13576,13618,13626,
13648,13656,13679,13691,13709,13721,13726,13731,
13743,13745,13760,13769,13778,13813,13830,13837,
13853,13854,13899,13918,13957,14019,14022,14023,
14036,14057,14059,14061,14065,14070,14071,14090,
14092,14096,14097,14102,14103,14110,14114,14115,
14118,14124,14125,14126,14127,14128,14129,14130,
14131,14132,14139,14142,14155,14163,14174,14212,
14213,14249,14251,14366,14374,14385,14386,14387,
14397,14403,14407,14412,14433,14442,14451,14454,
14477,14478,14481,14485,14491,14493,14496,14497,
14498,14599,14604,14605,14607,14608,14610,14611,
14614,14616,14622,14623,14642,14647,14684,14797,
14853,14950,14959,14971,14981,15009,15107,15215,
15219,15220,15224,15227,15231,15232,15236,15238,
15240,15241,15287,15291,15303,15375,15384,15392,
15408,15426,15431,15457,15458,15471,15472,15477,
15480,15483,15484,15487,15488,15491,15492,15493,
15494,15497,15498,15501,15502,15503,15504,15507,
15511,15512,15514,15526,15531,15548,15552,15555,
15558,15559,15575,15576,15601,15728,15732,15733,
15744,15804,15823,15829,15830,15857,15864,15960,
15991,15996,15997,15998,16000,16001,16002,16075,
16143,16172,16186,16191,16192,16198,16238,16239,
16242,16254,16260,16266,16268,16302,16309,16319,
16325,16335,16336,16344,16368,16422,16461,16462,
16481,16482,16488,16490,16491,16494,16495,16496,
16521,16525,16530,16531,16532,16540,16558,16635,
16652,16659,16662,16673,16723,16725,16767,16792,
16793,16795,16886,16915,16983,17046,17092,17110,
17111,17112,17117,17119,17120,17121,17122,17124,
17126,17128,17129,17131,17132,17133,17134,17135,
17137,17141,17150,17158,17165,17179,17183,17210,
17211,17223,17233,17239,17251,17253,17278,17280,
17293,17371,17422,17426,17459,17465,17478,17490,
17494,17499,17505,17508,17509,17510,17511,17512,
17525,17528,17543,17554,17555,17581,17610,17613,
17675,17708,17737,17739,17740,17749,17763,17848,
17886,17887,17924,17932,17956,17961,17963,17969,
18029,18035,18046,18052,18056,18059,18064,18069,
18072,18076,18084,18086,18087,18091,18113,18123,
18126,18137,18141,18142,18144,18146,18155,18158,
18163,18164,18217,18218,18228,18246,18247,18248,
18249,18251,18252,18253,18254,18258,18259,18260,
18317,18324,18333,18348,18430,18433,18438,18448,
18452,18453,18459,18460,18467,18469,18471,18483,
18484,18486,18490,18491,18492,18493,18494,18501,
18503,18524,18528,18529,18546,18547,18551,18553,
18554,18555,18556,18557,18560,18561,18568,18570,
18644,18677,18693,18706,18714,18759,18807,18808,
18854,18866,18870,18881,18883,18892,18893,18918,
18929,18947,18964,18966,18967,18970,18971,18974,
18976,18977,18978,18980,18981,18984,19001,19036,
19037,19054,19075,19076,19085,19087,19091,19105,
19109,19112,19113,19114,19116,19118,19119,19121,
19139,19141,19150,19151,19192,19214,19225,19226,
19236,19238,19239,19244,19245,19247,19248,19250,
19254,19255,19256,19257,19259,19260,19261,19266,
19268,19270,19271,19272,19316,19318,19319,19334,
19338,19345,19373,19395,19404,19415,19417,19425,
19426,19428,19438,19455,19456,19471,19487,19490,
19505,19517,19527,19529,19536,19537,19539,19546,
19552,19559,19571,19574,19617,19685,19703,19759,
19770,19772,19814,19815,19816,19817,19818,19820,
19821,19822,19823,19825,19826,19827,19830,19835,
19841,19842,19847,19851,19852,19854,19855,19858,
19859,19861,19862,19863,19866,19873,19874,19875,
19878,19883,19884,19886,19887,19888,19889,19890,
19902,19903,19966,19973,19983,19998,19999,20000,
20002,20003,20007,20012,20014,20017,20021,20029,
20030,20031,20034,20035,20036,20039,20040,20043,
20044,20046,20050,20055,20067,20068,20069,20071,
20076,20077,20078,20082,20092,20118,20131,20135,
20161,20191,20226,20240,20241,20251,20258,20261,
20264,20265,20270,20271,20272,20274,20276,20279,
20287,20288,20290,20308,20346,20371,20377,20409,
20428,20436,20455,20458,20459,20460,20461,20462,
20463,20464,20465,20466,20468,20470,20471,20473,
20474,20480,20481,20483,20494,20521,20544,20546,
20562,20572,20599,20640,20651,20663,20687,20815,
20820,20826,20828,20833,20844,20846,20867,20899,
20907,20962,20985,20990,20995,21175,21216,21220,
21221,21223,21224,21225,21226,21227,21228,21230,
21232,21233,21236,21301,21321,21323,21326,21397,
21398,21402,21409,21430,21453,21464,21501,21528,
21547,21569,21627,21631,21644,21647,21708,21713,
21732,21741,21742,21752,21754,21755,21757,21758,
21760,21762,21768,21867,21873,21874,21875,21878,
21880,21885,21936,21970,21976,22053,22061,22090,
22094,22176,22179,22216,22235,22253,22259,22266,
22267,22268,22270,22271,22272,22274,22275,22279,
22284,22285,22288,22292,22294,22299,22301,22302,
22304,22305,22306,22307,22308,22310,22313,22314,
22315,22323,22329,22330,22332,22391,22412,22418,
22516,22517,22519,22523,22560,22568,22575,22579,
22588,22591,22592,22595,22597,22661,22679,22689,
22697,22703,22704,22708,22788,22809,22813,22817,
22822,22863,22888,22893,22894,22902,22970,22981,
23019,23021,23028,23046,23057,23060,23155,23164,
23165,23178,23179,23263,23390,23512,23516,23519,
23568,23584,23597,23625,23635,23691,23763,23804,
23806,23807,23811,23813,23814,23816,23817,23818,
23823,23828,23832,23847,23849,23850,23943,24074,
24090,24095,24108,24275,24282,24346,24441,24447,
24469,24496,24500,24509,24527,24542,24545,24547,
24559,24561,24564,24566,24568,24570,24572,24573,
24576,24578,24580,24582,24587,24588,24589,24592,
24593,24596,24597,24598,24600,24604,24605,24606,
24608,24609,24612,24614,24615,24616,24622,24673,
24775,24793,24821,24845,24851,24854,24858,24860,
24863,24867,24872,24925,24926,24937,24938,24952,
24955,24972,24979,25002,25003,25006,25013,25015,
25016,25017,25019,25028,25041,25043,25048,25049,
25052,25054,25057,25058,25063,25064,25071,25077,
25127,25131,25255,25269,25278,25280,25293,25295,
25296,25309,25320,25335,25339,25350,25358,25372,
25396,25472,25477,25507,25519,25532,25634,25642,
25653,25702,25707,25708,25713,25725,25730,25745,
25746,25749,25751,25752,25753,25754,25755,25756,
25758,25759,25795,25802,25812,25821,25826,25860,
25930,25932,25936,25938,25939,25940,25941,25942,
25945,25946,25947,25948,25954,25960,25962,25964,
25965,25966,25967,26014,26015,26025,26028,26030,
26031,26034,26036,26041,26043,26048,26050,26062,
26063,26064,26065,26067,26068,26072,26074,26080,
26081,26082,26084,26085,26086,26087,26088,26104,
26172,26256,26300,26333,26344,26345,26346,26349,
26350,26351,26353,26354,26355,26360,26361,26367,
26394,26405,26406,26408,26412,26421,26423,26426,
26427,26428,26464,26467,26485,26545,26584,26587,
26593,26602,26622,26648,26662,26663,26672,26681,
26728,26729,26730,26732,26735,26736,26740,26741,
26744,26749,26751,26752,26754,26755,26758,26760,
26761,26764,26765,26766,26813,26815,26827,26829,
26868,26869,26870,26872,26894,26897,26913,26921,
26943,26948,26949,26952,26962,26966,26967,27011,
27016,27027,27066,27081,27082,27084,27086,27093,
27097,27100,27107,27108,27110,27111,27114,27123,
27129,27160,27189,27190,27191,27192,27197,27202,
27208,27212,27214,27215,27216,27217,27218,27251,
27255,27256,27261,27268,27303,27307,27325,27341,
27346,27351,27369,27397,27417,27443,27447,27451,
27496,27511,27539,27540,27541,27596,27603,27610,
27611,27615,27626,27633,27634,27635,27640,27654,
27674,27709,27710,27711,27712,27714,27718,27721,
27723,27725,27739,27741,27742,27748,27749,27750,
27800,27908,27916,27991,28004,28007,28017,28018,
28019,28020,28021,28028,28031,28032,28034,28035,
28041,28044,28045,28050,28053,28054,28055,28056,
28057,28058,28071,28075,28085,28096,28098,28099,
28126,28136,28142,28143,28227,28304,28308,28415,
28425,28428,28429,28438,28441,28449,28450,28452,
28474,28505,28516,28519,28524,28537,28549,28557,
28648,28649,28702,28715,28729,28730,28731,28737,
28741,28750,28751,28753,28762,28764,28766,28774,
28775,28800,28834,28839,28842,28849,28855,28859,
28860,28868,28878,28959,28972,28989,28997,29002,
29016,29017,29019,29041,29059,29064,29076,29077,
29088,29089,29259,29261,29272,29273,29277,29278,
29285,29286,29361,29390,29413,29432,29436,29446,
29534,29536,29560,29589,29590,29603,29604,29606,
29620,29625,29674,29675,29676,29677,29679,29687,
29688,29689,29690,29691,29713,29714,29718,29726,
29727,29729,29730,29733,29734,29735,29738,29739,
29753,29756,29761,29762,29764,29766,29767,29768,
29769,29776,29777,29778,29779,29780,29783,29784,
29785,29790,29828,29829,29834,29836,29839,29840,
29841,29843,29845,29847,29850,29856,29857,29858,
29859,29861,29863,29864,29866,29867,29868,29872,
29874,29875,29879,29880,29884,29903,29958,29984,
29987,29996,30043,30111,30112,30186,30217,30238,
30249,30268,30322,30327,30329,30335,30337,30339,
30340,30352,30353,30355,30357,30358,30359,30360,
30361,30362,30363,30364,30365,30367,30398,30509,
30512,30517,30559,30564,30569