7,10,12,19,20,21,24,32,
34,40,41,44,48,60,61,67,
69,71,77,80,82,83,90,94,
96,99,100,102,104,110,119,126,
130,139,141,144,154,161,164,168,
178,189,191,194,198,205,207,219,
221,222,227,232,233,237,240,255,
264,269,272,273,277,280,290,295,
300,304,310,313,325,327,328,329,
338,339,343,349,351,355,356,360,
364,365,367,378,380,382,383,386,
391,393,394,398,400,401,402,403,
404,407,408,415,420,423,428,437,
443,446,450,456,458,461,465,471,
472,478,481,482,483,484,485,488,
493,496,499,506,512,519,521,522,
525,529,542,544,545,548,553,554,
556,559,561,569,576,580,582,584,
586,587,590,597,599,601,605,609,
615,624,627,634,642,648,650,651,
654,666,670,673,675,676,677,683,
689,690,692,693,694,696,699,701,
703,704,706,712,718,720,723,726,
728,729,736,738,748,749,755,756,
769,773,775,779,782,785,787,788,
796,804,805,809,818,826,830,837,
842,843,848,853,855,861,866,874,
876,877,878,886,887,889,890,892,
895,900,902,905,911,914,921,922,
923,926,934,936,939,942,943,946,
949,961,965,968,969,975,976,977,
979,988,990,994,995,996,1001,1005,
1006,1007,1009,1014,1017,1018,1022,1024,
1029,1031,1035,1039,1044,1049,1052,1053,
1061,1070,1079,1081,1082,1088,1095,1100,
1102,1104,1107,1109,1113,1116,1124,1133,
1137,1138,1143,1147,1152,1155,1158,1161,
1163,1172,1173,1175,1176,1177,1181,1189,
1190,1191,1195,1199,1206,1207,1210,1215,
1216,1218,1223,1225,1227,1229,1231,1242,
1249,1252,1262,1264,1269,1270,1282,1291,
1293,1296,1297,1298,1300,1306,1308,1313,
1316,1317,1322,1323,1324,1325,1327,1329,
1332,1334,1336,1338,1340,1341,1345,1346,
1348,1364,1365,1366,1367,1368,1371,1372,
1377,1379,1382,1385,1391,1396,1399,1401,
1406,1411,1414,1415,1416,1420,1425,1434,
1436,1439,1441,1443,1444,1446,1448,1451,
1452,1468,1470,1471,1474,1475,1476,1481,
1484,1488,1493,1495,1497,1498,1500,1508,
1510,1511,1512,1516,1519,1520,1522,1523,
1525,1529,1530,1538,1539,1548,1550,1551,
1553,1557,1560,1562,1566,1568,1569,1573,
1576,1581,1588,1590,1595,1596,1600,1603,
1608,1617,1619,1622,1625,1627,1630,1633,
1640,1643,1651,1652,1653,1655,1657,1661,
1662,1663,1664,1672,1673,1682,1685,1686,
1689,1693,1694,1697,1701,1703,1705,1708,
1716,1718,1719,1725,1727,1728,1733,1754,
1755,1756,1761,1764,1765,1770,1774,1775,
1779,1785,1786,1788,1789,1794,1796,1803,
1807,1824,1832,1838,1843,1845,1855,1858,
1867,1869,1871,1872,1876,1886,1894,1902,
1903,1905,1906,1909,1910,1924,1925,1927,
1929,1930,1931,1932,1935,1939,1943,1952,
1954,1955,1966,1971,1975,1978,1981,1982,
1986,1987,1992,1999,2002,2003,2004,2009,
2013,2014,2016,2017,2019,2021,2027,2034,
2036,2037,2039,2040,2041,2043,2048,2054,
2057,2061,2066,2070,2072,2073,2074,2080,
2091,2097,2105,2108,2109,2112,2115,2116,
2120,2121,2124,2127,2134,2135,2137,2139,
2142,2152,2155,2158,2160,2162,2163,2165,
2173,2186,2189,2192,2198,2200,2202,2210,
2211,2215,2217,2221,2223,2224,2232,2234,
2241,2242,2243,2253,2255,2257,2264,2270,
2272,2277,2278,2280,2287,2295,2307,2308,
2310,2314,2316,2319,2326,2329,2335,2338,
2346,2355,2356,2358,2359,2360,2365,2367,
2369,2374,2392,2393,2395,2397,2398,2399,
2400,2405,2408,2410,2412,2414,2415,2420,
2432,2433,2434,2439,2443,2453,2454,2468,
2474,2476,2478,2482,2485,2495,2501,2502,
2505,2507,2508,2528,2531,2533,2535,2537,
2538,2540,2541,2545,2548,2555,2565,2570,
2575,2580,2583,2601,2605,2607,2608,2609,
2610,2612,2625,2631,2645,2648,2653,2656,
2660,2667,2672,2675,2681,2683,2685,2686,
2692,2693,2694,2697,2702,2703,2716,2725,
2737,2746,2751,2760,2766,2769,2772,2773,
2776,2777,2779,2780,2783,2785,2795,2799,
2801,2804,2808,2809,2810,2813,2814,2815,
2816,2817,2819,2820,2823,2827,2833,2846,
2848,2853,2855,2856,2859,2861,2865,2871,
2878,2879,2882,2883,2886,2891,2895,2896,
2902,2903,2905,2908,2911,2917,2921,2923,
2926,2928,2929,2931,2934,2938,2943,2947,
2951,2957,2959,2960,2961,2962,2964,2965,
2966,2968,2970,2971,2973,2983,2984,2991,
2992,2997,3000,3002,3003,3004,3009,3010,
3013,3014,3015,3019,3024,3025,3030,3032,
3037,3043,3046,3047,3048,3052,3053,3056,
3059,3062,3064,3066,3076,3081,3088,3095,
3097,3098,3113,3120,3121,3123,3125,3130,
3132,3135,3151,3153,3162,3167,3175,3176,
3177,3180,3184,3196,3198,3200,3205,3210,
3217,3219,3220,3223,3225,3227,3234,3241,
3249,3259,3260,3261,3269,3276,3277,3279,
3281,3284,3289,3295,3299,3310,3312,3314,
3315,3323,3327,3329,3330,3334,3346,3352,
3358,3371,3374,3383,3385,3390,3392,3393,
3396,3402,3407,3409,3412,3414,3415,3416,
3418,3426,3437,3440,3442,3443,3445,3449,
3450,3452,3454,3460,3461,3472,3476,3477,
3479,3492,3499,3504,3506,3507,3508,3511,
3516,3525,3527,3528,3529,3530,3536,3539,
3541,3544,3549,3553,3560,3565,3566,3571,
3574,3575,3585,3587,3588,3590,3592,3593,
3600,3601,3605,3606,3607,3608,3612,3619,
3620,3621,3624,3629,3630,3631,3637,3644,
3652,3653,3655,3660,3661,3662,3665,3668,
3672,3676,3677,3680,3682,3693,3698,3702,
3703,3712,3713,3717,3722,3726,3728,3730,
3740,3745,3748,3750,3758,3761,3763,3764,
3767,3771,3778,3784,3785,3787,3789,3790,
3791,3792,3794,3797,3798,3799,3806,3807,
3811,3812,3815,3817,3819,3824,3830,3834,
3835,3842,3845,3846,3849,3851,3852,3853,
3861,3862,3863,3869,3871,3880,3881,3884,
3890,3894,3903,3905,3906,3907,3909,3913,
3917,3918,3921,3925,3926,3927,3930,3942,
3948,3949,3950,3951,3955,3957,3959,3961,
3962,3964,3967,3969,3972,3985,3986,3992,
3993,3995,3999,4009,4011,4012,4014,4016,
4018,4020,4021,4025,4026,4035,4036,4037,
4038,4039,4047,4052,4064,4065,4066,4075,
4081,4087,4088,4093,4094,4095,4097,4099,
4100,4112,4119,4120,4129,4130,4137,4138,
4140,4141,4148,4153,4162,4165,4166,4170,
4172,4174,4175,4176,4177,4178,4182,4199,
4203,4205,4208,4209,4210,4212,4223,4233,
4235,4241,4242,4247,4249,4251,4252,4256,
4257,4261,4264,4266,4267,4269,4279,4281,
4282,4293,4295,4296,4306,4308,4309,4310,
4313,4315,4317,4319,4320,4321,4328,4332,
4336,4337,4341,4343,4344,4345,4352,4354,
4355,4379,4384,4391,4397,4406,4410,4411,
4412,4426,4433,4436,4438,4441,4442,4443,
4444,4446,4451,4453,4458,4459,4461,4463,
4464,4467,4470,4472,4473,4474,4475,4480,
4482,4483,4486,4494,4495,4496,4498,4502,
4507,4508,4509,4516,4521,4538,4540,4541,
4552,4555,4564,4567,4572,4575,4577,4580,
4582,4586,4588,4593,4596,4602,4605,4617,
4639,4649,4658,4660,4667,4670,4671,4674,
4675,4676,4678,4679,4682,4683,4687,4688,
4694,4710,4712,4717,4721,4724,4725,4727,
4728,4729,4732,4733,4735,4737,4741,4744,
4745,4747,4751,4756,4759,4762,4768,4772,
4779,4783,4784,4786,4795,4797,4804,4805,
4808,4815,4817,4818,4823,4829,4835,4836,
4842,4844,4849,4851,4853,4855,4858,4862,
4863,4865,4866,4867,4873,4875,4876,4877,
4878,4882,4890,4892,4895,4896,4897,4898,
4902,4905,4908,4910,4911,4913,4917,4924,
4926,4928,4929,4930,4931,4935,4936,4940,
4943,4944,4945,4950,4952,4955,4958,4968,
4973,4977,4978,4982,4984,4986,4993,4994,
4997,5011,5014,5017,5029,5032,5034,5036,
5038,5042,5043,5044,5045,5048,5051,5054,
5055,5061,5062,5063,5066,5067,5079,5082,
5083,5089,5096,5099,5108,5109,5110,5120,
5122,5125,5127,5138,5151,5154,5170,5171,
5173,5175,5185,5192,5195,5202,5204,5207,
5209,5212,5214,5223,5224,5225,5228,5232,
5237,5247,5248,5256,5263,5264,5268,5269,
5272,5275,5276,5282,5283,5284,5287,5290,
5296,5299,5300,5303,5305,5306,5321,5323,
5326,5327,5339,5341,5342,5343,5345,5361,
5366,5367,5377,5383,5387,5389,5390,5395,
5396,5398,5406,5408,5415,5432,5433,5437,
5438,5439,5445,5446,5447,5448,5452,5453,
5454,5466,5469,5473,5474,5476,5477,5479,
5480,5481,5485,5495,5496,5497,5498,5501,
5504,5508,5509,5513,5514,5525,5526,5530,
5536,5541,5542,5547,5551,5554,5564,5565,
5568,5569,5570,5571,5576,5579,5581,5583,
5586,5587,5588,5589,5590,5600,5601,5607,
5610,5619,5622,5624,5628,5633,5634,5640,
5652,5654,5655,5656,5657,5659,5660,5668,
5674,5676,5677,5679,5682,5683,5685,5689,
5693,5695,5696,5698,5700,5701,5702,5706,
5708,5709,5712,5714,5717,5724,5726,5727,
5731,5732,5733,5734,5735,5737,5738,5743,
5744,5746,5747,5765,5766,5767,5769,5771,
5774,5776,5779,5780,5781,5784,5785,5801,
5804,5810,5812,5814,5815,5817,5820,5823,
5825,5826,5828,5831,5834,5836,5838,5846,
5849,5855,5858,5861,5868,5874,5880,5885,
5886,5889,5892,5893,5894,5898,5904,5905,
5908,5917,5923,5927,5929,5933,5943,5956,
5957,5958,5960,5965,5968,5972,5973,5974,
5975,5976,5977,5981,5983,5985,5990,5995,
5999,6006,6009,6011,6012,6013,6016,6017,
6019,6020,6022,6025,6037,6038,6041,6043,
6044,6045,6047,6049,6050,6052,6066,6068,
6072,6073,6078,6079,6081,6084,6089,6094,
6103,6105,6116,6118,6119,6120,6121,6123,
6132,6134,6136,6139,6140,6142,6145,6148,
6149,6151,6152,6156,6157,6158,6159,6160,
6162,6163,6164,6171,6172,6174,6177,6178,
6180,6181,6184,6187,6188,6201,6205,6206,
6210,6212,6214,6220,6222,6223,6226,6234,
6235,6236,6246,6251,6259,6269,6272,6275,
6277,6282,6284,6295,6296,6297,6299,6300,
6302,6303,6305,6310,6312,6313,6316,6334,
6335,6344,6347,6349,6350,6355,6356,6360,
6362,6364,6395,6399,6403,6404,6410,6411,
6420,6422,6425,6439,6440,6441,6445,6446,
6449,6452,6456,6459,6466,6471,6474,6477,
6479,6487,6489,6495,6502,6504,6508,6511,
6512,6517,6522,6524,6527,6531,6534,6535,
6540,6541,6543,6549,6552,6554,6558,6559,
6560,6575,6576,6577,6578,6581,6590,6598,
6599,6601,6602,6603,6604,6608,6609,6610,
6612,6615,6616,6617,6621,6628,6637,6643,
6645,6649,6655,6664,6672,6673,6678,6684,
6687,6691,6705,6710,6712,6716,6720,6743,
6744,6748,6750,6756,6760,6762,6767,6769,
6770,6772,6773,6774,6776,6778,6779,6780,
6781,6790,6791,6793,6808,6819,6829,6837,
6838,6843,6844,6847,6850,6853,6857,6865,
6866,6870,6871,6883,6886,6887,6890,6896,
6899,6900,6901,6903,6906,6909,6910,6922,
6926,6928,6932,6938,6939,6944,6948,6958,
6962,6968,6969,6972,6973,6974,6976,6982,
6987,6991,7000,7001,7004,7017,7029,7036,
7041,7044,7048,7055,7056,7062,7073,7080,
7086,7087,7090,7093,7095,7098,7099,7103,
7109,7110,7115,7122,7128,7129,7131,7132,
7139,7140,7144,7147,7163,7171,7175,7181,
7182,7189,7195,7197,7201,7205,7208,7209,
7210,7219,7224,7225,7226,7232,7236,7237,
7240,7242,7248,7250,7251,7254,7258,7262,
7267,7269,7274,7276,7279,7280,7292,7293,
7295,7299,7302,7303,7304,7306,7316,7317,
7318,7324,7339,7341,7342,7343,7350,7358,
7365,7367,7368,7379,7387,7389,7393,7394,
7395,7396,7403,7405,7408,7411,7413,7421,
7423,7436,7440,7442,7443,7444,7445,7457,
7459,7467,7468,7470,7471,7475,7476,7481,
7482,7484,7485,7486,7489,7490,7491,7495,
7512,7514,7517,7519,7524,7526,7528,7529,
7533,7538,7543,7545,7549,7550,7555,7557,
7558,7559,7561,7568,7569,7572,7573,7574,
7582,7584,7585,7589,7590,7592,7594,7612,
7622,7633,7641,7644,7650,7651,7653,7656,
7657,7674,7679,7687,7690,7703,7706,7708,
7713,7714,7717,7720,7722,7723,7734,7735,
7739,7743,7744,7745,7748,7752,7754,7756,
7757,7759,7760,7765,7767,7768,7770,7784,
7802,7806,7809,7815,7817,7818,7823,7825,
7834,7836,7837,7839,7841,7843,7845,7851,
7861,7870,7875,7878,7881,7883,7890,7900,
7901,7904,7905,7908,7909,7910,7911,7913,
7920,7923,7924,7932,7936,7940,7947,7948,
7950,7954,7960,7961,7964,7965,7968,7972,
7973,7978,7979,7989,7994,7999,8001,8002,
8005,8006,8008,8011,8012,8014,8017,8019,
8025,8027,8031,8035,8042,8043,8044,8045,
8050,8052,8053,8055,8057,8068,8070,8071,
8084,8086,8087,8096,8097,8102,8112,8114,
8116,8119,8121,8127,8133,8143,8147,8152,
8154,8158,8165,8166,8172,8175,8176,8177,
8180,8181,8183,8194,8198,8199,8200,8202,
8205,8206,8210,8211,8220,8223,8225,8232,
8234,8240,8244,8247,8253,8255,8261,8263,
8265,8270,8271,8273,8279,8280,8281,8283,
8289,8291,8302,8306,8307,8310,8315,8316,
8317,8319,8320,8322,8324,8325,8336,8340,
8342,8349,8357,8359,8362,8364,8367,8371,
8375,8376,8377,8386,8387,8390,8393,8397,
8398,8402,8404,8405,8414,8415,8420,8421,
8422,8423,8432,8433,8439,8441,8444,8445,
8452,8453,8459,8467,8473,8477,8480,8483,
8487,8491,8493,8498,8499,8500,8503,8506,
8511,8519,8523,8526,8528,8529,8532,8534,
8539,8542,8548,8550,8560,8561,8564,8566,
8567,8568,8569,8571,8572,8574,8576,8584,
8587,8594,8600,8605,8606,8609,8613,8614,
8618,8621,8623,8626,8628,8636,8639,8648,
8651,8652,8657,8658,8660,8661,8664,8665,
8671,8672,8674,8675,8677,8681,8682,8685,
8686,8687,8703,8705,8709,8711,8715,8719,
8721,8726,8741,8748,8750,8753,8757,8760,
8763,8769,8776,8788,8789,8796,8800,8813,
8815,8818,8831,8833,8835,8836,8847,8849,
8851,8854,8855,8860,8867,8876,8879,8881,
8884,8888,8891,8895,8897,8903,8904,8906,
8909,8910,8914,8916,8917,8918,8920,8921,
8923,8929,8934,8937,8938,8941,8947,8949,
8950,8952,8954,8956,8966,8974,8978,8983,
8984,8985,8991,8994,8997,9005,9006,9009,
9010,9013,9015,9016,9022,9024,9027,9033,
9034,9038,9042,9045,9046,9052,9058,9059,
9060,9061,9062,9064,9071,9072,9073,9079,
9080,9085,9086,9087,9092,9096,9098,9099,
9108,9117,9118,9121,9122,9124,9126,9130,
9134,9135,9139,9144,9146,9148,9149,9151,
9154,9155,9156,9161,9165,9168,9169,9175,
9186,9188,9201,9202,9215,9219,9225,9228,
9234,9236,9239,9240,9248,9249,9252,9255,
9258,9259,9261,9263,9264,9265,9277,9281,
9284,9292,9293,9302,9308,9311,9312,9313,
9326,9333,9334,9338,9339,9345,9348,9351,
9355,9373,9376,9377,9379,9383,9385,9389,
9390,9393,9395,9396,9399,9400,9402,9404,
9405,9411,9414,9416,9422,9425,9427,9429,
9431,9435,9441,9446,9454,9460,9467,9483,
9484,9493,9494,9497,9501,9502,9504,9514,
9515,9517,9525,9526,9543,9547,9553,9556,
9557,9563,9567,9570,9571,9576,9583,9584,
9585,9586,9587,9592,9602,9605,9608,9616,
9617,9623,9627,9628,9631,9634,9638,9644,
9645,9646,9647,9648,9649,9653,9654,9656,
9659,9660,9662,9665,9667,9674,9675,9682,
9684,9685,9688,9692,9695,9697,9698,9699,
9701,9703,9709,9722,9723,9726,9727,9728,
9729,9730,9731,9737,9739,9743,9745,9748,
9751,9753,9755,9757,9759,9769,9775,9777,
9778,9788,9790,9791,9794,9795,9797,9799,
9800,9802,9804,9806,9811,9815,9830,9833,
9836,9839,9850,9854,9859,9867,9874,9875,
9878,9880,9884,9886,9887,9889,9898,9901,
9902,9905,9910,9912,9922,9928,9931,9939,
9946,9948,9955,9956,9960,9962,9966,9967,
9968,9969,9975,9976,9987,9990,9991,9992,
9997,10017,10019,10025,10029,10034,10043,10047,
10053,10054,10057,10061,10062,10064,10065,10067,
10069,10072,10074,10075,10076,10077,10078,10080,
10081,10082,10084,10087,10094,10098,10102,10108,
10110,10111,10113,10114,10115,10118,10120,10121,
10122,10127,10129,10131,10133,10134,10136,10137,
10142,10144,10145,10149,10154,10166,10167,10168,
10174,10175,10184,10188,10192,10195,10196,10197,
10199,10203,10206,10208,10209,10225,10228,10234,
10246,10247,10250,10251,10254,10255,10268,10270,
10271,10272,10285,10286,10288,10290,10291,10296,
10300,10304,10332,10333,10336,10348,10351,10355,
10362,10373,10380,10387,10390,10397,10406,10412,
10413,10427,10428,10429,10434,10436,10439,10443,
10444,10445,10447,10454,10459,10463,10465,10468,
10470,10471,10472,10473,10481,10483,10487,10489,
10491,10499,10501,10507,10519,10526,10533,10536,
10538,10542,10543,10546,10548,10551,10554,10577,
10579,10581,10582,10588,10591,10601,10605,10606,
10612,10615,10616,10618,10619,10629,10646,10648,
10650,10654,10659,10660,10661,10662,10664,10671,
10672,10673,10674,10676,10678,10680,10681,10682,
10683,10691,10693,10700,10702,10706,10712,10716,
10718,10719,10720,10721,10723,10725,10729,10732,
10742,10747,10749,10750,10756,10757,10760,10774,
10776,10780,10784,10787,10789,10794,10795,10798,
10805,10810,10825,10827,10835,10845,10847,10852,
10854,10856,10860,10862,10866,10871,10873,10876,
10885,10886,10900,10903,10908,10911,10912,10915,
10916,10920,10922,10927,10930,10940,10941,10943,
10950,10955,10961,10964,10966,10967,10968,10971,
10974,10975,10976,10977,10979,10981,10983,10986,
10987,10991,10995,10997,10998,11002,11003,11005,
11006,11016,11022,11027,11029,11030,11034,11035,
11043,11050,11051,11052,11062,11068,11069,11072,
11073,11075,11076,11077,11080,11085,11086,11093,
11097,11099,11103,11112,11113,11117,11125,11126,
11130,11134,11135,11138,11152,11153,11158,11160,
11170,11178,11179,11182,11183,11184,11188,11193,
11195,11199,11204,11216,11218,11219,11222,11226,
11227,11232,11242,11243,11244,11245,11246,11247,
11248,11258,11270,11275,11277,11279,11280,11283,
11284,11289,11290,11292,11293,11297,11298,11307,
11315,11318,11322,11327,11333,11336,11337,11340,
11344,11347,11350,11353,11354,11360,11366,11368,
11386,11389,11392,11401,11410,11412,11420,11421,
11423,11428,11430,11432,11442,11446,11447,11457,
11465,11466,11469,11474,11477,11480,11497,11500,
11508,11509,11510,11512,11515,11523,11528,11531,
11534,11535,11537,11541,11542,11546,11555,11564,
11569,11575,11581,11582,11583,11585,11602,11610,
11614,11615,11624,11629,11630,11632,11633,11635,
11637,11643,11645,11649,11654,11658,11661,11663,
11665,11666,11681,11682,11687,11688,11701,11703,
11705,11707,11710,11712,11714,11716,11720,11724,
11725,11736,11740,11743,11745,11748,11749,11754,
11757,11765,11778,11785,11786,11792,11794,11797,
11799,11801,11802,11806,11807,11808,11809,11814,
11815,11816,11818,11819,11824,11826,11828,11839,
11842,11848,11855,11860,11866,11868,11874,11875,
11877,11878,11879,11882,11888,11904,11905,11907,
11913,11922,11923,11929,11932,11939,11940,11941,
11942,11944,11945,11950,11953,11964,11969,11971,
11973,11974,11980,11984,11985,12003,12010,12011,
12012,12013,12016,12019,12021,12022,12023,12024,
12027,12028,12032,12034,12044,12045,12049,12051,
12052,12053,12058,12061,12077,12082,12096,12097,
12098,12103,12108,12109,12112,12117,12118,12119,
12122,12125,12128,12132,12133,12135,12137,12141,
12143,12144,12148,12149,12151,12152,12155,12156,
12158,12159,12176,12177,12178,12180,12184,12188,
12189,12190,12192,12197,12201,12204,12205,12207,
12212,12213,12214,12219,12220,12224,12226,12227,
12229,12232,12239,12240,12242,12243,12248,12250,
12255,12256,12259,12261,12266,12269,12270,12271,
12280,12282,12283,12290,12294,12301,12304,12305,
12306,12307,12310,12313,12315,12316,12317,12321,
12323,12325,12326,12327,12330,12335,12341,12346,
12349,12355,12359,12363,12365,12367,12369,12371,
12373,12376,12378,12381,12390,12397,12402,12406,
12407,12408,12409,12412,12416,12417,12420,12426,
12430,12432,12433,12435,12436,12438,12440,12441,
12443,12445,12446,12454,12460,12466,12476,12484,
12485,12520,12522,12523,12524,12532,12533,12542,
12543,12546,12567,12573,12576,12577,12590,12593,
12595,12599,12605,12608,12610,12614,12616,12624,
12626,12627,12630,12632,12635,12638,12644,12653,
12668,12669,12670,12678,12682,12697,12700,12704,
12707,12709,12710,12718,12719,12721,12737,12748,
12752,12757,12761,12765,12770,12781,12783,12788,
12802,12806,12809,12814,12815,12816,12817,12821,
12825,12828,12829,12840,12849,12859,12860,12866,
12867,12877,12879,12893,12898,12899,12903,12914,
12916,12918,12921,12924,12926,12927,12935,12940,
12941,12947,12948,12953,12954,12956,12959,12962,
12963,12968,12972,12973,12974,12975,12977,12987,
12989,12990,12991,12996,13004,13015,13016,13017,
13024,13026,13027,13030,13031,13034,13035,13036,
13041,13044,13049,13051,13053,13055,13056,13058,
13060,13064,13065,13066,13067,13068,13069,13075,
13076,13077,13079,13081,13083,13097,13108,13111,
13114,13115,13116,13117,13118,13121,13123,13124,
13125,13126,13129,13135,13137,13140,13148,13164,
13178,13184,13186,13187,13188,13200,13207,13208,
13214,13218,13223,13228,13237,13240,13243,13246,
13248,13249,13252,13256,13269,13271,13287,13300,
13305,13314,13326,13329,13330,13331,13332,13335,
13337,13341,13342,13345,13346,13350,13355,13358,
13362,13363,13365,13367,13378,13380,13389,13390,
13391,13395,13400,13410,13420,13422,13430,13444,
13447,13452,13453,13455,13456,13458,13461,13462,
13467,13470,13475,13477,13485,13493,13496,13498,
13503,13508,13510,13515,13516,13517,13520,13524,
13530,13535,13538,13554,13560,13562,13563,13564,
13577,13578,13579,13581,13583,13585,13587,13590,
13591,13592,13594,13595,13596,13598,13599,13601,
13610,13620,13622,13624,13629,13630,13631,13638,
13646,13650,13652,13657,13660,13667,13668,13669,
13672,13676,13681,13682,13686,13687,13690,13694,
13695