4,13,15,22,23,24,26,38,
42,46,52,60,61,68,89,106,
119,121,130,133,136,144,149,160,
163,175,197,200,206,212,236,240,
247,255,256,257,266,268,275,279,
281,288,297,304,308,310,311,312,
349,400,414,425,432,458,462,471,
474,485,540,551,553,583,591,596,
613,615,629,638,649,652,655,676,
680,687,720,725,737,756,763,765,
779,814,833,847,891,919,936,952,
958,966,996,1035,1037,1048,1098,1099,
1116,1175,1179,1198,1206,1210,1212,1215,
1257,1284,1294,1295,1305,1312,1330,1340,
1344,1345,1355,1356,1375,1380,1386,1388,
1426,1434,1452,1455,1459,1460,1484,1488,
1498,1519,1522,1523,1530,1534,1536,1546,
1555,1572,1574,1579,1580,1597,1601,1616,
1622,1626,1629,1632,1638,1642,1643,1648,
1659,1668,1672,1673,1675,1676,1686,1701,
1703,1704,1707,1715,1717,1722,1724,1727,
1731,1734,1735,1739,1744,1755,1756,1757,
1761,1767,1774,1783,1786,1788,1790,1795,
1801,1805,1810,1817,1818,1820,1829,1831,
1835,1841,1843,1845,1848,1853,1856,1875,
1878,1879,1884,1885,1886,1888,1899,1900,
1904,1909,1923,1924,1929,1930,1931,1935,
1938,1940,1943,1946,1948,1961,1964,1971,
1975,1979,1993,1996,2000,2011,2015,2020,
2021,2025,2038,2042,2091,2097,2106,2119,
2144,2151,2159,2180,2185,2193,2196,2197,
2214,2220,2221,2228,2230,2243,2246,2248,
2257,2263,2264,2266,2267,2268,2277,2278,
2286,2289,2291,2292,2296,2306,2310,2314,
2317,2320,2334,2343,2358,2369,2402,2418,
2426,2430,2432,2446,2455,2469,2482,2483,
2491,2494,2497,2508,2520,2552,2562,2581,
2584,2600,2638,2642,2647,2669,2691,2694,
2703,2706,2708,2710,2742,2783,2785,2794,
2799,2804,2815,2816,2857,2871,2872,2874,
2881,2884,2895,2904,2957,2958,2978,2987,
2990,2997,3012,3023,3037,3046,3047,3050,
3052,3053,3087,3112,3162,3178,3190,3203,
3207,3214,3217,3224,3226,3235,3236,3242,
3243,3249,3255,3256,3292,3307,3323,3324,
3326,3364,3399,3440,3441,3447,3467,3470,
3473,3481,3483,3485,3486,3489,3494,3495,
3496,3497,3498,3499,3500,3501,3502,3516,
3523,3525,3528,3532,3547,3564,3608,3613,
3618,3686,3698,3705,3707,3708,3727,3728,
3730,3736,3738,3773,3775,3786,3804,3807,
3817,3821,3833,3834,3835,3841,3843,3879,
3881,3882,3884,3887,3888,3889,3890,3891,
3892,3895,3899,3900,3907,3908,3909,3910,
3913,3914,3915,3916,3967,3971,4032,4107,
4123,4128,4132,4140,4144,4145,4152,4157,
4179,4181,4182,4185,4189,4190,4191,4196,
4197,4202,4204,4205,4206,4214,4221,4259,
4287,4335,4338,4344,4354,4375,4431,4434,
4437,4442,4443,4446,4453,4455,4456,4457,
4465,4467,4475,4489,4617,4639,4657,4676,
4701,4731,4744,4749,4764,4765,4776,4779,
4782,4785,4796,4798,4799,4800,4823,4864,
4889,4899,4906,4948,4961,4966,4993,5002,
5003,5007,5009,5010,5011,5012,5013,5016,
5019,5023,5025,5030,5032,5039,5041,5050,
5069,5088,5094,5095,5097,5106,5110,5126,
5147,5159,5164,5207,5219,5237,5240,5247,
5266,5271,5281,5311,5322,5323,5336,5338,
5367,5385,5388,5393,5396,5456,5482,5483,
5520,5555,5572,5605,5650,5654,5661,5663,
5673,5674,5698,5701,5745,5746,5747,5750,
5751,5754,5758,5760,5761,5762,5763,5764,
5765,5766,5770,5772,5774,5777,5784,5785,
5786,5791,5793,5800,5801,5802,5803,5805,
5806,5809,5811,5813,5815,5817,5818,5820,
5825,5826,5827,5829,5830,5831,5852,5889,
5891,5910,5947,5950,5951,5952,5988,5989,
6000,6001,6002,6004,6008,6011,6015,6019,
6020,6023,6024,6027,6028,6032,6037,6041,
6052,6056,6057,6059,6062,6073,6078,6079,
6083,6092,6109,6184,6216,6251,6260,6263,
6287,6288,6321,6327,6346,6351,6354,6361,
6362,6373,6383,6387,6407,6444,6460,6471,
6512,6571,6573,6623,6626,6636,6667,6672,
6700,6719,6734,6786,6791,6793,6801,6805,
6815,6825,6918,6931,6934,6943,6992,6999,
7002,7008,7011,7029,7035,7058,7071,7073,
7075,7076,7077,7094,7095,7100,7112,7115,
7116,7117,7121,7124,7125,7133,7138,7144,
7148,7149,7150,7151,7174,7190,7206,7207,
7220,7221,7242,7245,7341,7343,7377,7382,
7383,7384,7389,7404,7413,7424,7428,7429,
7430,7432,7434,7438,7450,7454,7460,7467,
7469,7472,7477,7480,7487,7490,7494,7500,
7501,7507,7531,7543,7544,7635,7637,7639,
7641,7643,7644,7648,7653,7660,7664,7690,
7698,7708,7711,7730,7738,7762,7779,7793,
7795,7799,7830,7837,7840,7847,7855,7864,
7866,7872,7882,7904,7928,7936,7939,7944,
7946,7947,7961,7965,7970,7978,8053,8056,
8057,8074,8081,8089,8100,8111,8130,8236,
8301,8305,8327,8351,8400,8411,8442,8483,
8486,8487,8488,8498,8505,8507,8508,8509,
8510,8511,8512,8514,8535,8543,8553,8569,
8572,8593,8615,8629,8661,8666,8667,8686,
8728,8750,8774,8830,8833,8838,8846,8847,
8848,8852,8855,8856,8860,8861,8869,8897,
8898,8900,8905,8907,8909,8910,8911,8912,
8913,8914,8915,8920,8922,8924,8926,8928,
8932,8933,8938,8944,8952,9010,9011,9014,
9051,9058,9059,9105,9137,9152,9166,9167,
9218,9246,9256,9277,9293,9316,9331,9337,
9347,9369,9380,9393,9398,9410,9428,9453,
9496,9503,9516,9517,9519,9527,9531,9532,
9535,9537,9539,9541,9543,9558,9566,9574,
9576,9608,9612,9650,9665,9667,9668,9669,
9671,9678,9687,9689,9694,9724,9782,9785,
9807,9815,9858,9928,9942,9947,9950,9966,
9978,9990,9992,10033,10034,10037,10058,10060,
10064,10068,10112,10114,10115,10116,10121,10122,
10123,10124,10125,10126,10127,10128,10132,10133,
10134,10135,10136,10137,10139,10140,10142,10146,
10158,10161,10163,10168,10170,10172,10242,10253,
10255,10256,10265,10267,10268,10288,10318,10343,
10353,10367,10469,10505,10520,10521,10524,10532,
10533,10536,10546,10547,10553,10586,10588,10633,
10657,10658,10663,10682,10688,10811,10820,10821,
10822,10826,10827,10828,10834,10836,10866,10868,
10870,10876,10887,10888,10889,10949,11034,11041,
11068,11069,11082,11086,11088,11099,11101,11102,
11110,11113,11115,11116,11117,11159,11169,11179,
11185,11187,11192,11197,11202,11203,11237,11247,
11254,11255,11257,11262,11263,11264,11267,11269,
11272,11273,11274,11316,11359,11412,11415,11438,
11447,11475,11483,11490,11494,11495,11505,11523,
11533,11536,11570,11597,11614,11623,11652,11665,
11670,11671,11676,11701,11728,11731,11755,11760,
11767,11779,11784,11797,11806,11847,11851,11852,
11857,11884,11912,11916,11918,11978,11979,11983,
11992,11995,12004,12005,12007,12009,12010,12013,
12018,12020,12021,12023,12024,12028,12029,12031,
12032,12033,12039,12041,12042,12043,12045,12051,
12053,12062,12073,12076,12077,12082,12091,12120,
12121,12131,12139,12142,12147,12152,12160,12164,
12167,12168,12169,12172,12174,12176,12180,12186,
12199,12225,12228,12231,12256,12275,12276,12277,
12285,12353,12368,12369,12388,12403,12421,12431,
12469,12488,12492,12517,12548,12558,12571,12603,
12607,12609,12640,12669,12670,12671,12673,12674,
12677,12684,12694,12698,12700,12701,12705,12706,
12714,12722,12723,12724,12726,12727,12729,12764,
12815,12829,12835,12840,12841,12850,12855,12862,
12866,12869,12871,12874,12879,12881,12882,12884,
12885,12886,12887,12946,12966,13006,13015,13035,
13068,13109,13117,13150,13198,13221,13225,13226,
13238,13254,13255,13259,13260,13364,13386,13396,
13400,13404,13405,13410,13436,13441,13491,13509,
13516,13533,13551,13570,13571,13582,13592,13606,
13610,13613,13630,13636,13642,13652,13660,13664,
13684,13685,13688,13689,13690,13703,13732,13744,
13755,13762,13766,13768,13770,13781,13783,13798,
13821,13849,13851,13852,13856,13857,13858,13859,
13862,13863,13865,13867,13869,13871,13872,13877,
13878,13880,13881,13882,13883,13884,13885,13886,
13889,13890,13892,13893,13896,13898,13920,13921,
13925,13927,13951,13952,14009,14010,14011,14012,
14014,14015,14016,14017,14018,14031,14106,14123,
14134,14141,14157,14158,14167,14201,14215,14222,
14254,14255,14313,14331,14334,14338,14368,14373,
14382,14384,14390,14399,14422,14441,14448,14465,
14484,14502,14509,14513,14555,14558,14564,14574,
14585,14592,14596,14613,14641,14659,14680,14687,
14713,14718,14733,14747,14748,14755,14810,14846,
14848,14855,14856,15001,15003,15004,15006,15007,
15008,15060,15066,15074,15085,15135,15195,15204,
15216,15237,15285,15300,15301,15304,15306,15307,
15310,15311,15314,15316,15323,15325,15327,15328,
15329,15330,15331,15332,15333,15334,15336,15338,
15342,15343,15344,15345,15346,15349,15351,15352,
15353,15356,15361,15362,15377,15387,15391,15398,
15401,15405,15406,15433,15436,15438,15446,15485,
15490,15496,15522,15538,15540,15568,15582,15592,
15598,15645,15648,15652,15654,15668,15672,15680,
15684,15685,15721,15722,15723,15724,15726,15727,
15730,15731,15735,15736,15741,15742,15745,15746,
15747,15748,15754,15774,15807,15816,15825,15853,
15856,15866,15872,15879,15880,15885,15959,15967,
15973,15984,15989,16083,16090,16116,16117,16120,
16175,16176,16189,16196,16197,16199,16202,16234,
16251,16282,16285,16295,16306,16310,16312,16313,
16315,16316,16317,16320,16327,16332,16333,16334,
16338,16343,16366,16389,16402,16419,16420,16421,
16423,16424,16425,16427,16477,16486,16497,16518,
16564,16572,16603,16622,16627,16630,16631,16634,
16636,16657,16658,16660,16663,16664,16665,16669,
16670,16674,16675,16677,16678,16679,16681,16684,
16685,16686,16687,16688,16722,16739,16746,16759,
16768,16773,16802,16803,16804,16806,16808,16810,
16813,16814,16815,16816,16817,16818,16819,16820,
16859,16877,16880,16973,16981,16984,17005,17009,
17031,17034,17036,17053,17057,17076,17079,17081,
17091,17095,17096,17102,17103,17104,17105,17106,
17108,17125,17127,17136,17138,17144,17146,17149,
17157,17162,17164,17168,17175,17180,17182,17184,
17189,17193,17200,17213,17219,17220,17226,17245,
17292,17381,17383,17386,17391,17432,17474,17491,
17504,17515,17534,17537,17538,17540,17542,17544,
17545,17552,17558,17565,17569,17570,17571,17572,
17575,17580,17584,17585,17587,17588,17589,17590,
17598,17600,17606,17608,17611,17614,17615,17617,
17669,17697,17730,17743,17762,17775,17781,17792,
17793,17803,17804,17822,17839,17846,17852,17854,
17860,17869,17871,17872,17873,17874,17880,17889,
17890,17893,17897,17898,17899,17902,17903,17904,
17906,17907,17908,17911,17912,17913,17914,17915,
17916,17917,17918,17919,17922,17926,17927,17934,
17935,17936,17938,17939,17954,17990,18033,18051,
18055,18063,18077,18083,18112,18134,18135,18143,
18157,18167,18192,18193,18239,18285,18308,18338,
18346,18364,18478,18513,18516,18572,18603,18628,
18651,18665,18666,18690,18691,18711,18716,18719,
18720,18721,18723,18724,18728,18732,18733,18734,
18735,18742,18743,18744,18745,18746,18747,18748,
18750,18751,18755,18760,18761,18858,18869,18873,
18891,18969,18995,19022,19107,19124,19127,19128,
19129,19130,19133,19134,19135,19136,19137,19138,
19144,19161,19164,19179,19207,19212,19234,19265,
19308,19330,19341,19354,19355,19357,19362,19383,
19384,19389,19390,19391,19392,19393,19394,19422,
19429,19439,19442,19445,19449,19451,19452,19453,
19460,19464,19481,19493,19515,19519,19525,19526,
19528,19530,19532,19538,19541,19543,19548,19549,
19550,19551,19553,19572,19577,19607,19608,19632,
19636,19651,19652,19654,19655,19656,19658,19665,
19668,19673,19696,19697,19700,19704,19710,19723,
19738,19740,19769,19771,19803,19829,19832,19840,
19848,19922,19935,19943,19948,19954,19974,19978,
20004,20011,20020,20022,20023,20028,20095,20112,
20151,20156,20173,20180,20181,20182,20184,20189,
20193,20195,20196,20198,20199,20200,20209,20210,
20211,20214,20215,20216,20217,20218,20219,20220,
20222,20227,20229,20243,20292,20293,20297,20306,
20309,20316,20318,20319,20321,20322,20324,20326,
20327,20328,20332,20333,20334,20335,20336,20337,
20338,20339,20342,20347,20349,20350,20352,20353,
20354,20355,20356,20358,20359,20361,20362,20367,
20381,20389,20391,20401,20412,20419,20420,20421,
20422,20424,20425,20429,20430,20431,20434,20441,
20443,20444,20445,20449,20450,20451,20452,20503,
20504,20513,20548,20582,20589,20623,20631,20646,
20649,20653,20662,20675,20683,20715,20745,20748,
20773,20782,20786,20793,20795,20801,20802,20803,
20806,20808,20809,20812,20823,20860,20862,20865,
20866,20890,20893,20900,20903,20910,20936,20953,
20956,20957,20972,21090,21112,21116,21132,21133,
21135,21137,21138,21139,21142,21143,21144,21145,
21146,21147,21148,21153,21154,21156,21157,21160,
21163,21167,21168,21169,21181,21196,21202,21203,
21204,21206,21207,21208,21209,21211,21212,21213,
21214,21217,21262,21266,21284,21288,21289,21295,
21306,21310,21337,21351,21364,21369,21380,21382,
21383,21385,21387,21388,21392,21393,21405,21410,
21415,21420,21423,21424,21425,21432,21435,21442,
21457,21459,21489,21498,21500,21513,21514,21516,
21517,21520,21522,21523,21576,21592,21603,21605,
21607,21613,21616,21628,21629,21634,21636,21651,
21662,21678,21690,21693,21699,21704,21711,21715,
21718,21720,21721,21724,21726,21728,21731,21733,
21737,21743,21746,21747,21763,21764,21766,21767,
21769,21770,21771,21897,21917,21973,22000,22058,
22066,22091,22099,22180,22186,22202,22277,22278,
22282,22286,22290,22300,22312,22386,22426,22442,
22464,22465,22466,22468,22469,22470,22476,22477,
22486,22487,22500,22512,22529,22537,22540,22541,
22558,22589,22594,22596,22663,22671,22677,22682,
22683,22691,22692,22701,22713,22714,22716,22718,
22826,22841,22855,22856,22857,22859,22860,22861,
22865,22879,22904,22908,22915,22930,22951,22967,
22969,22974,22982,22990,23052,23063,23083,23147,
23162,23163,23166,23242,23268,23269,23287,23327,
23341,23345,23346,23352,23353,23365,23514,23594,
23599,23620,23621,23622,23624,23626,23628,23629,
23631,23632,23633,23634,23636,23637,23639,23640,
23641,23642,23643,23644,23645,23646,23647,23648,
23699,23700,23786,23812,23842,23852,23944,23965,
23969,23970,23975,23976,23980,23984,23987,23991,
23993,23994,23995,23996,23997,23998,23999,24000,
24028,24042,24047,24062,24067,24070,24071,24077,
24079,24083,24085,24087,24093,24097,24115,24126,
24130,24135,24136,24140,24149,24150,24153,24159,
24162,24163,24165,24166,24186,24242,24289,24295,
24299,24301,24306,24308,24316,24318,24325,24330,
24333,24340,24345,24347,24349,24351,24352,24353,
24358,24360,24362,24363,24365,24367,24372,24373,
24449,24480,24488,24493,24495,24529,24530,24534,
24538,24586,24594,24595,24618,24619,24625,24626,
24636,24643,24651,24652,24655,24658,24669,24717,
24720,24722,24723,24724,24725,24728,24729,24738,
24740,24741,24744,24746,24747,24748,24749,24762,
24769,24776,24781,24786,24790,24799,24802,24803,
24806,24809,24816,24818,24819,24822,24825,24832,
24837,24838,24843,24857,24865,24866,24928,24933,
24947,24954,24956,24959,24978,24984,24985,24995,
25004,25018,25027,25044,25050,25061,25072,25073,
25267,25275,25276,25279,25297,25312,25318,25321,
25322,25324,25330,25334,25336,25360,25361,25376,
25382,25383,25387,25389,25390,25391,25392,25393,
25395,25397,25399,25400,25402,25404,25405,25406,
25407,25408,25409,25410,25411,25412,25413,25414,
25415,25505,25508,25513,25522,25537,25538,25539,
25540,25541,25542,25545,25639,25692,25699,25709,
25748,25773,25774,25778,25783,25784,25793,25794,
25796,25804,25805,25808,25809,25810,25811,25816,
25817,25818,25819,25820,25834,25844,25846,25921,
25925,25928,25935,26012,26016,26017,26020,26026,
26066,26069,26073,26077,26091,26096,26097,26100,
26105,26106,26107,26108,26109,26110,26111,26112,
26113,26116,26118,26120,26128,26134,26135,26136,
26139,26140,26141,26142,26143,26145,26146,26147,
26149,26152,26153,26157,26161,26162,26163,26164,
26165,26166,26167,26168,26169,26170,26171,26179,
26222,26246,26248,26250,26257,26263,26362,26415,
26471,26472,26475,26476,26480,26481,26580,26586,
26597,26607,26611,26612,26674,26675,26677,26737,
26743,26763,26779,26785,26786,26787,26789,26808,
26814,26819,26892,26893,26906,26908,26925,26941,
26947,26958,26959,26960,26998,26999,27001,27009,
27023,27062,27103,27104,27109,27116,27118,27119,
27121,27127,27128,27131,27137,27139,27142,27164,
27201,27206,27236,27248,27254,27262,27282,27296,
27313,27328,27339,27344,27365,27373,27430,27434,
27436,27437,27445,27446,27452,27460,27569,27579,
27592,27598,27599,27607,27609,27616,27621,27628,
27630,27644,27658,27682,27686,27715,27724,27752,
27921,27996,27997,28000,28002,28003,28014,28061,
28077,28078,28097,28108,28113,28118,28131,28132,
28141,28152,28154,28155,28156,28159,28160,28163,
28164,28165,28166,28168,28169,28171,28220,28228,
28229,28231,28233,28239,28240,28241,28243,28244,
28246,28247,28248,28310,28316,28320,28322,28414,
28420,28422,28457,28458,28476,28527,28543,28653,
28713,28739,28746,28754,28778,28815,28835,28872,
28883,28894,28904,28936,28941,28958,28961,28975,
28983,29001,29003,29004,29007,29020,29025,29030,
29042,29044,29045,29046,29047,29048,29049,29052,
29053,29061,29065,29066,29067,29068,29154,29186,
29188,29189,29192,29193,29200,29206,29210,29222,
29228,29236,29241,29242,29245,29246,29247,29250,
29251,29254,29264,29265,29266,29268,29269,29281,
29296,29313,29395,29407,29417,29421,29478,29492,
29499,29541,29542,29543,29591,29595,29598,29611,
29612,29613,29615,29618,29619,29622,29623,29630,
29644,29647,29651,29653,29655,29656,29658,29665,
29678,29752,29775,29802,29820,29821,29831,29832,
29833,29835,29842,29851,29852,29855,29862,29878,
29885,29886,29890,29891,29892,29893,29894,29896,
29897,29900,29901,29902,29904,29909,29913,29934,
29999,30000,30014,30023,30031,30033,30036,30040,
30046,30052,30053,30054,30055,30058,30100,30116,
30177,30178,30193,30201,30205,30213,30222,30225,
30295,30298,30299,30300,30301,30302,30303,30304,
30328,30341,30348,30354,30373,30380,30386,30387,
30390,30395,30399,30400,30402,30407,30488,30494,
30550,30551,30553,30554,30555,30556,30557,30558,
30562,30563,30565,30566