0 1 0
0 1 0
0 1 0
0 1 0
0 1 0
0 1 0
0 1 0
0 1 0
0 1 0
0 1 0
0 1 0
0 1 0
0 1 0
0 1 0
0 1 0
0 1 0
0 1 0
0 1 0
0 1 0
0 1 0
0 1 0
0 1 0
0 1 0
0 1 0
0 1 0
0 1 0
0 1 0
0 1 0
0 1 0
0 1 0
0 1 0
0 1 0
0 1 0
0 1 0
0 1 0
0 1 0
0 1 0
0 1 0
0 1 0
0 1 0
0 1 0
0 1 0
0 1 0
0 1 0
0 1 0
0 1 0
0 0.849948 0.150052
0 0.897179 0.102821
0 0.912172 0.0878278
0 0.874714 0.125286
0 1 0
0 0.920126 0.0798739
0 1 0
0 1 0
0 1 0
0 1 0
0 1 0
0 1 0
0 1 0
0 1 0
0 1 0
0 1 0
0 1 0
0 1 0
0 0.938933 0.0610668
0 0.944371 0.0556287
0 1 0
0 0.923349 0.0766506
0 0.845516 0.154484
0 0.844937 0.155063
0 0.858228 0.141772
0 0.865198 0.134802
0 0.810826 0.189174
0 1 0
0 1 0
0 0.868555 0.131445
0 0.828735 0.171265
0 1 0
0 1 0
0 1 0
0 1 0
0 1 0
0 1 0
0 1 0
0 1 0
0 1 0
0 1 0
0 1 0
0 1 0
0 1 0
0 1 0
0 1 0
0 1 0
0 1 0
0 1 0
0 1 0
0 1 0
0 1 0
0 1 0
0 1 0
0 1 0
0 1 0
0 1 0
0 1 0
0 1 0
0 1 0
0 1 0
0 1 0
0 1 0
0 1 0
0 1 0
0 1 0
0 1 0
0 1 0
0 1 0
0 0.990196 0.00980377
0 1 0
0 1 0
0 0.733167 0.266833
0 0.668059 0.331941
0 0.703187 0.296813
0 0.722086 0.277914
0 0.757784 0.242216
0 0.735322 0.264678
0 1 0
0 0.935903 0.0640972
0 0.772686 0.227314
0 0.749847 0.250153
0 0.82709 0.17291
0 0.817211 0.182789
0 0.777871 0.222129
0 0.727007 0.272993
0 0.823347 0.176653
0 0.663751 0.336249
0 0.312006 0.687994
0 0.302798 0.697202
0 0.270525 0.729475
0 0.303007 0.696993
0 0.239243 0.760757
0 0.477376 0.522624
0 0.434937 0.565063
0 0.539529 0.460471
0 0.508451 0.491549
0 0.538132 0.461868
0 0.31542 0.68458
0 0.244042 0.755958
0 0.279731 0.720269
0 0.594581 0.405419
0 0.666841 0.333159
0 0.630102 0.369898
0 0.523383 0.476617
0 0.595645 0.404355
0 0.623127 0.376873
0 0.560797 0.439203
0 0.515431 0.484569
0 0.535279 0.464721
0 0.489536 0.510464
0 0.724218 0.275782
0 0.687144 0.312856
0 0.651898 0.348102
0 0.330335 0.669665
0 0.762068 0.237932
0 0.643292 0.356708
0 0.699352 0.300648
0 0.782052 0.217948
0 0.879298 0.120702
0 0.603583 0.396417
0 0.794479 0.205521
0 0.422541 0.577459
0 0.426659 0.573341
0 0.636862 0.363138
0 0.644451 0.355549
0 1 0
0 0.518602 0.481398
0 0.616852 0.383148
0 0.534152 0.465848
0 1 0
0 0.857454 0.142546
0 0.906235 0.0937646
0 1 0
0 0.621502 0.378498
0 0.856922 0.143078
0 1 0
0 0.982125 0.0178748
0 0.864508 0.135492
0.916218 0 0.0837816
0.800511 0 0.199489
0.937146 0 0.0628544
0.947027 0 0.0529727
0.9261 0 0.0738999
0.916623 0 0.0833768
0.801028 0 0.198972
0.830008 0 0.169992
0.834989 0 0.165011
0.947433 0 0.0525668
0.945925 0 0.0540751
0.925403 0 0.0745965
0.90705 0 0.0929499
0.878069 0 0.121931
0.86895 0 0.13105
0.762384 0 0.237616
0.761973 0 0.238027
0.751885 0 0.248115
0.943333 0 0.0566669
0.944736 0 0.0552637
0.965363 0 0.0346372
0.947328 0 0.0526719
0.661853 0 0.338147
0.669883 0 0.330117
0 0.101089 0.898911
0.672964 0 0.327036
0.762743 0 0.237257
0.764905 0 0.235095
0.699123 0 0.300877
0.730934 0 0.269066
0.869604 0 0.130396
0.842459 0 0.157541
0.858582 0 0.141418
0.831437 0 0.168563
0.850521 0 0.149479
0.92425 0 0.0757504
0.914531 0 0.0854688
0 0.124815 0.875185
0 0.184864 0.815136
0.546098 0 0.453902
0 0.0936312 0.906369
0 0.108204 0.891796
0 0.140952 0.859048
0 0.187159 0.812841
0 0.164056 0.835944
0.583164 0 0.416836
0.659047 0 0.340953
0.673525 0 0.326475
0.621105 0 0.378895
0 0.0553041 0.944696
0 0.0467842 0.953216
0 0.0225632 0.977437
0.406035 0 0.593965
0.587197 0 0.412803
0.23946 0 0.76054
0.241973 0 0.758027
0.275128 0 0.724872
0.309387 0 0.690613
0.23965 0 0.76035
0 0.0107912 0.989209
0.408465 0 0.591535
0 0.0224555 0.977545
0.19791 0 0.80209
0.157413 0 0.842587
0.14022 0 0.85978
0.115506 0 0.884494
0.10315 0 0.89685
0.0682335 0 0.931767
0.12324 0 0.87676
0.168884 0 0.831116
0.133596 0 0.866404
0.210225 0 0.789775
0 0.116856 0.883144
0 0.265065 0.734935
0 0.272401 0.727599
0 0.233217 0.766783
0 0.194352 0.805648
0 0.32648 0.67352
0 0.203598 0.796402
0 0.19019 0.80981
0 0.156613 0.843387
0 0.321522 0.678478
0 0.356433 0.643567
0 0.317863 0.682137
0 0.353684 0.646316
0 0.358831 0.641169
0 0.360701 0.639299
0 0.393014 0.606986
0 0.307877 0.692123
0 0.318342 0.681658
0 0.35325 0.64675
0 0.211953 0.788047
0.871151 0 0.128849
0.848565 0 0.151435
0 0.0166616 0.983338
0.887132 0 0.112868
0.905166 0 0.0948339
0.915934 0 0.0840656
0 0.0301031 0.969897
0 0.106023 0.893977
0.136725 0 0.863275
0 0.325185 0.674815
0.0725269 0 0.927473
0.248836 0 0.751164
0.24003 0 0.75997
0.234852 0 0.765148
0.133569 0 0.866431
0.130243 0 0.869757
0.325699 0 0.674301
0.338031 0 0.661969
0.425056 0 0.574944
0.440647 0 0.559353
0.24784 0 0.75216
0.381629 0 0.618371
0.338074 0 0.661926
0.338159 0 0.661841
0.294519 0 0.705481
0 0.550648 0.449352
0 0.204654 0.795346
0 0.737671 0.262329
0 0.671367 0.328633
0 0.643576 0.356424
0 0.665948 0.334052
0 0.722849 0.277151
0 0.603387 0.396613
0 0.630928 0.369072
0 0.721031 0.278969
0 0.765125 0.234875
0 0.658469 0.341531
0 0.480324 0.519676
0 0.447251 0.552749
0 0.452497 0.547503
0 0.545205 0.454795
0 0.299756 0.700244
0 0.3302 0.6698
0 0.193279 0.806721
0 0.254166 0.745834
0 0.210121 0.789879
0 0.711699 0.288301
0 0.747415 0.252585
0 0.74256 0.25744
0 1 0
0 1 0
0 1 0
0 1 0
0 1 0
0 1 0
0 1 0
0 1 0
0 1 0
0 1 0
0 1 0
0 1 0
0 1 0
0 1 0
0 1 0
0 1 0
0 0.837973 0.162027
0 1 0
0 1 0
0 1 0
0 1 0
0 0.314233 0.685767
0 0.341537 0.658463
0 0.261638 0.738362
0 0.350225 0.649775
0 0.380289 0.619711
0 0.391737 0.608263
0 0.262004 0.737996
0 0.195948 0.804052
0 0.149848 0.850152
0 0.472677 0.527323
0 0.504451 0.495549
0 0.414211 0.585789
0 0.681347 0.318653
0 0.497818 0.502182
0 0.487094 0.512906
0 0.604536 0.395464
0 1 0
0 1 0
0 0.500146 0.499854
0 0.559493 0.440507
0 0.586584 0.413416
0 0.536123 0.463877
0 0.668527 0.331473
0 0.754686 0.245314
0 0.855102 0.144898
0 0.804895 0.195105
0 1 0
0 0.354266 0.645734
0 0.41681 0.58319
0 0.392129 0.607871
0 1 0
0 1 0
0 1 0
0 1 0
0 1 0
0 0.378947 0.621053
0 0.430939 0.569061
0 1 0
0 1 0
0 1 0
0 1 0
0 1 0
0 1 0
0 1 0
0 1 0
0 1 0
0 1 0
0 1 0
0 1 0
0 1 0
0 1 0
0 1 0
0 1 0
0 1 0
0 1 0
0 1 0
0 1 0
0 1 0
0 1 0
0 1 0
0 1 0
0 1 0
0 1 0
0 1 0
0 1 0
0 1 0
0 1 0
0 1 0
0 1 0
0 1 0
0 1 0
0 1 0
0 1 0
0 1 0
0 1 0
0 1 0
0 1 0
0 1 0
0 0.69873 0.30127
0 0.662563 0.337437
0 0.58033 0.41967
0 1 0
0 1 0
0 1 0
0 1 0
0 1 0
0 1 0
0 1 0
0 1 0
0 1 0
0 1 0
0 1 0
0 1 0
0 1 0
0 1 0
0 1 0
0 1 0
0 1 0
0 0.957449 0.0425515
0 0.979996 0.0200035
0 0.892697 0.107303
0 0.921487 0.0785126
0 1 0
0 1 0
0 1.00657 -0.00657296
0 1 0
0 1 0
0 1 0
0 0.910762 0.0892379
0 1 0
0 0.993696 0.00630352
0 0.938093 0.0619075
0 1 0
0 1 0
0 1 0
0 1 0
0 1 0
0 1 0
0 1 0
0 1 0
0 1 0
0 1 0
0 1 0
0 1 0
0 1 0
0 1 0
0 1 0
0 1 0
0 1 0
0 1 0
0 1 0
0 1 0
0 0.96083 0.0391705
0 1 0
0 1 0
0 1 0
0 1 0
0 1 0
0 1 0
0 1 0
0 1 0
0 1 0
0 1 0
0 1 0
0 1 0
0 1 0
0 1 0
0 1 0
0 1 0
0 1 0
0 1 0
0 1 0
0 1 0
0 1 0
0 1 0
0 1 0
0 1 0
0 1 0
0 1 0
0 1 0
0 1 0
0 1 0
0 1 0
0 1 0
0 0.880922 0.119078
0 1 0
0 1 0
0 1 0
0 1 0
0 1 0
0 1 0
0 1 0
0 1 0
0 1 0
0 1 0
0 1 0
0 1 0
0 1 0
0 0.992388 0.00761159
0 1 0
0 0.986178 0.0138217
0 0.975942 0.0240581
0 1.02001 -0.0200079
0 1 0
0 1 0
0 1 0
0 1 0
0 1 0
0 1 0
0 1 0
0 1 0
0 1 0
0 1 0
0 1 0
0 1 0
0 1 0
0 1 0
0 1 0
0 1 0
0 1 0
0 1 0
0 1 0
0 1 0
0 1 0
0 1 0
0 1 0
0 1 0
0 1 0
0 1 0
0 1 0
0 1 0
0 1 0
0 0.793081 0.206919
0 1 0
0 1 0
0 1 0
0 1 0
0.0660454 0 0.933955
0 1 0
0 0.430925 0.569075
0 0.285101 0.714899
0 0.323287 0.676713
0 1 0
0 1 0
0 1 0
0 0.879688 0.120312
0 0.817286 0.182714
0 0.658288 0.341712
0 0.663018 0.336982
0 0.757132 0.242868
0 0.796214 0.203786
0 0.81492 0.18508
0 0.655796 0.344204
0 0.665384 0.334616
0.396084 0 0.603916
0 0.366679 0.633321
0 0.216495 0.783505
0 0.19004 0.80996
0 0.270794 0.729206
0 0.271943 0.728057
0 0.882291 0.117709
0 1 0
0 1 0
0 1 0
0 1 0
0 1 0
0 1 0
0 1 0
0 1 0
0 1 0
0 1 0
0 1 0
0 1 0
0 1 0
0 1 0
0 1 0
0 1 0
0 1 0
0 1 0
0 1 0
0 1 0
0 1 0
0 1 0
0 1 0
0 1 0
0 1 0
0 1 0
0 1 0
0 1 0
0 1 0
0 1 0
0 1 0
0 1 0
0 1 0
0 1 0
0 1 0
0 1 0
0 1 0
0 1 0
0 1 0
0 1 0
0 1 0
0 1 0
0 1 0
0 1 0
0 1 0
0 1 0
0 1 0
0 1 0
0 1 0
0 1 0
0 1 0
0 1 0
0 1 0
0 1 0
0 1 0
0 1 0
0 1 0
0 1 0
0 1 0
0 1 0
0 1 0
0 1 0
0 1 0
0 1 0
0 1 0
0 1 0
0 1 0
0 1 0
0 1 0
0 1 0
0 1 0
0 1 0
0 1 0
0 1 0
0 1 0
0 1 0
0 1 0
0 1 0
0 1 0
0 1 0
0 1 0
0 1 0
0 1 0
0 1 0
0 1 0
0 1 0
0 1 0
0 1 0
0 1 0
0 1 0
0 1 0
0 1 0
0 1 0
0 1 0
0 1 0
0 1 0
0 1 0
0 1 0
0 1 0
0 1 0
0 1 0
0 1 0
0 1 0
0 1 0
0 1 0
0 1 0
0 1 0
0 1 0
0 1 0
0 1 0
0 1 0
0 1 0
0 1 0
0 1 0
0 1 0
0 1 0
0 1 0
0 1 0
0 1 0
0 1 0
0 1 0
0 1 0
0 0.880522 0.119478
0 1 0
0 1 0
0 1 0
0 1 0
0 1 0
0 1 0
0 1 0
0 1 0
0 1 0
0 1 0
0 1 0
0 1 0
0 1 0
0 1 0
0 1 0
0 1 0
0 1 0
0 1 0
0 1 0
0 0.887562 0.112438
0 0.921925 0.078075
0 0.88372 0.11628
0 0.816634 0.183366
0 0.704593 0.295407
0 0.773074 0.226926
0 0.877607 0.122393
0 1 0
0 1 0
0 1 0
0 1 0
0 1 0
0 1 0
0 1 0
0 1 0
0 1 0
0 1 0
0 1 0
0 1 0
0 1 0
0 1 0
0 1 0
0 1 0
0 1 0
0 1 0
0 1 0
0 1 0
0 1 0
0 1 0
0 1 0
0 1 0
0 1 0
0 1 0
0 1 0
0 1 0
0 1 0
0 1 0
0 1 0
0 1 0
0 1 0
0 1 0
0 1 0
0 1 0
0 1 0
0 1 0
0 1 0
0 1 0
0 1 0
0 1 0
0 1 0
0 1 0
0 1 0
0 1 0
0 1 0
0 1 0
0 1 0
0 1 0
0 1 0
0 1 0
0 1 0
0 1 0
0 1 0
0 1 0
0 1 0
0 0.924677 0.0753227
0 1 0
0 1 0
0 1 0
0 1 0
0 1 0
0 1 0
0 1 0
0 1 0
0 1 0
0 1 0
0 1 0
0 1 0
0 1 0
0 1 0
0 1 0
0 1 0
0 1 0
0 1 0
0 1 0
0 1 0
0 1 0
0 1 0
0 1 0
0 1 0
0 0.966949 0.0330509
0 0.904506 0.0954941
0 0.927756 0.0722438
0 1 0
0 0.791557 0.208443
0 0.705611 0.294389
0 0.752928 0.247072
0 0.725369 0.274631
0 0.79745 0.20255
0 0.658297 0.341703
0 0.699396 0.300604
0 0.673784 0.326216
0 0.580629 0.419371
0 0.656898 0.343102
0 0.614401 0.385599
0 0.776114 0.223886
0 0.805018 0.194982
0 0.881496 0.118504
0 0.926021 0.0739786
0 0.861736 0.138264
0 0.830125 0.169875
0 0.809101 0.190899
0 0.678055 0.321945
0 0.630739 0.369261
0 0.786262 0.213738
0 0.738313 0.261687
0 0.732662 0.267338
0 0.78083 0.21917
0 0.697533 0.302467
0 0.341822 0.658178
0 0.414705 0.585295
0 0.391753 0.608247
0 0.348703 0.651297
0 0.387728 0.612272
0 0.351031 0.648969
0 0.309679 0.690321
0 0.328401 0.671599
0 0.345848 0.654152
0 0.295917 0.704083
0 0.453199 0.546801
0 0.422919 0.577081
0 0.386722 0.613278
0 0.350528 0.649472
0 0.362548 0.637452
0 0.398742 0.601258
0 0.410763 0.589237
0 0.445705 0.554295
0 0.42826 0.57174
0 0.395776 0.604224
0 0.495636 0.504364
0 0.440674 0.559326
0 0.555019 0.444981
0 0.360882 0.639118
0 0.338151 0.661849
0 0.137722 0.862278
0 0.124158 0.875842
0 0.110593 0.889407
0 0.245131 0.754869
0 0.213849 0.786151
0 0.280276 0.719724
0 0.350564 0.649436
0 0.199195 0.800805
0 0.19974 0.80026
0 0.200284 0.799716
0 0.583425 0.416575
0 0.546594 0.453406
0 0.509761 0.490239
0 0.464395 0.535605
0 0.55784 0.44216
0 0.521101 0.478899
0 0.665624 0.334376
0 0.63132 0.36868
0 0.634277 0.365723
0 0.597538 0.402462
0 0.600495 0.399505
0 0.419029 0.580971
0 0.555129 0.444871
0 0.495583 0.504417
0 0.487252 0.512748
0 0.849003 0.150997
0 0.461335 0.538665
0 0.460562 0.539438
0 0.526834 0.473166
0 0.454793 0.545207
0 0.525285 0.474715
0 0.460172 0.539828
0 0.44937 0.55063
0 0.329948 0.670052
0 0.643675 0.356325
0 0.761295 0.238705
0 0.774178 0.225822
0 0.624527 0.375473
0 0.7612 0.2388
0 0.763259 0.236741
0 0.715672 0.284328
0 0.605642 0.394358
0 0.289571 0.710429
0 0.428718 0.571282
0 0.330598 0.669402
0 0.715102 0.284898
0 0.778929 0.221071
0 0.724405 0.275595
0 0.847407 0.152593
0 0.451452 0.548548
0 0.384298 0.615702
0 0.466998 0.533002
0 0.262294 0.737706
0 0.29754 0.70246
0 0.378875 0.621125
0 0.338209 0.661791
0 0.373455 0.626545
0 0.192749 0.807251
0 0.229899 0.770101
0 0.500474 0.499526
0 0.549701 0.450299
0 0.341979 0.658021
0 0.308402 0.691598
0 0.744503 0.255497
0 0.631553 0.368447
0 0.746892 0.253108
0 1 0
0 0.409129 0.590871
0.892535 0 0.107465
0.858971 0 0.141029
0.882653 0 0.117347
0.835288 0 0.164712
0.829741 0 0.170259
0.906337 0 0.0936632
0.877107 0 0.122893
0.824194 0 0.175806
0.760856 0 0.239144
0.909416 0 0.090584
0.892733 0 0.107267
0.926401 0 0.0735992
0.926703 0 0.0732973
0.857719 0 0.142281
0.883568 0 0.116432
0.825027 0 0.174973
0.791066 0 0.208934
0.967955 0 0.0320455
0.926911 0 0.0730893
0.819884 0 0.180116
0.897931 0 0.102069
0.83997 0 0.16003
0.706258 0 0.293742
0.734528 0 0.265472
0.762797 0 0.237203
0.695347 0 0.304653
0.723617 0 0.276383
0.923895 0 0.0761048
0.84909 0 0.15091
0.88719 0 0.11281
0.813151 0 0.186849
0.851252 0 0.148748
0.815313 0 0.184687
0.779179 0 0.220821
0.896749 0 0.103251
0.866645 0 0.133355
0.885728 0 0.114272
0.904812 0 0.0951883
0 0.0467908 0.953209
0.78542 0 0.21458
0 0.11066 0.88934
0 0.0470189 0.952981
0.801544 0 0.198456
0 0.125964 0.874036
0.574106 0 0.425894
0.604225 0 0.395775
0 0.0985593 0.901441
0 0.22955 0.77045
0 0.196801 0.803199
0 0.206446 0.793554
0 0.1737 0.8263
0.608755 0 0.391245
0.566526 0 0.433474
0 0.183715 0.816285
0.712705 0 0.287295
0.698227 0 0.301773
0.645808 0 0.354192
0.607867 0 0.392133
0.639069 0 0.360931
0.614904 0 0.385096
0.43537 0 0.56463
0.360305 0 0.639695
0.389285 0 0.610715
0.404647 0 0.595353
0.477969 0 0.522031
0.548381 0 0.451619
0 0.122692 0.877308
0.47324 0 0.52676
0 0.102412 0.897588
0 0.0548717 0.945128
0 0.0382666 0.961733
0 0.00552346 0.994477
0 0.160932 0.839068
0 0.108118 0.891882
0 0.218114 0.781886
0 0.1653 0.8347
0 0.112486 0.887514
0 0.0596738 0.940326
0 0.144722 0.855278
0 0.0919106 0.908089
0 0.0713334 0.928667
0 0.00685978 0.99314
0 0.0137174 0.986283
0.449544 0 0.550456
0.431045 0 0.568955
0.384802 0 0.615198
0.431134 0 0.568866
0.311007 0 0.688993
0.274484 0 0.725516
0.239254 0 0.760746
0.240547 0 0.759453
0.277071 0 0.722929
0.241841 0 0.758159
0.243135 0 0.756865
0.309713 0 0.690287
0.305206 0 0.694794
0.289845 0 0.710155
0.254615 0 0.745385
0.111198 0 0.888802
0.122454 0 0.877546
0.230757 0 0.769243
0.281349 0 0.718651
0.257491 0 0.742509
0.206685 0 0.793315
0.204172 0 0.795828
0.274747 0 0.725253
0.180166 0 0.819834
0.151134 0 0.848866
0.122102 0 0.877898
0.209198 0 0.790802
0.309197 0 0.690803
0.375666 0 0.624334
0.325075 0 0.674925
0.378286 0 0.621714
0.378096 0 0.621904
0.343646 0 0.656354
0.369165 0 0.630835
0.370203 0 0.629797
0.295753 0 0.704247
0 0.0590496 0.94095
0.372278 0 0.627722
0.334016 0 0.665984
0 0.0623993 0.937601
0 0.0556999 0.9443
0 0.117847 0.882153
0 0.0291122 0.970888
0 0.0438769 0.956123
0 0.00226849 0.997732
0 0.0645019 0.935498
0 0.126733 0.873267
0 0.0792644 0.920736
0 0.0937097 0.90629
0 0.0534637 0.946536
0 0.0198775 0.980123
0 0.0418627 0.958137
0 0.00949113 0.990509
0 0.0638479 0.936152
0 0.264835 0.735165
0 0.243133 0.756867
0.0366006 0 0.963399
0.0669767 0 0.933023
0.0816684 0 0.918332
0 0.243232 0.756768
0 0.319147 0.680853
0.218104 0 0.781896
0.163897 0 0.836103
0.139329 0 0.860671
0.213693 0 0.786307
0.182126 0 0.817874
0.132699 0 0.867301
0.0977834 0 0.902217
0.0628667 0 0.937133
0 0.152013 0.847987
0 0.0962411 0.903759
0.0732157 0 0.926784
0 0.0926387 0.907361
0 0.103483 0.896517
0 0.0591634 0.940837
0 0.159792 0.840208
0.0618 0 0.9382
0.0976973 0 0.902303
0.153541 0 0.846459
0.169074 0 0.830926
0.163896 0 0.836104
0.204552 0 0.795448
0 0.0327474 0.967253
0 0.134126 0.865874
0 0.200586 0.799414
0.200247 0 0.799753
0.206899 0 0.793101
0.210266 0 0.789734
0 0.324879 0.675121
0 0.321371 0.678629
0 0.328387 0.671613
0 0.152453 0.847547
0 0.230419 0.769581
0 0.0273551 0.972645
0 0.0209838 0.979016
0 0.0682694 0.931731
0 0.299659 0.700341
0 0.232509 0.767491
0 0.0987103 0.90129
0 0.360093 0.639907
0 0.395001 0.604999
0 0.183307 0.816693
0 0.200101 0.799899
0 0.320358 0.679642
0.0736003 0 0.9264
0 0.263558 0.736442
0.0530812 0 0.946919
0.0916619 0 0.908338
0.0983134 0 0.901687
0.0564075 0 0.943593
0 0.147135 0.852865
0 0.264582 0.735418
0 0.103931 0.896069
0 0.0823309 0.917669
0 0.180924 0.819076
0 0.0512991 0.948701
0 0.162655 0.837345
0 0.242982 0.757018
0 0.323309 0.676691
0 0.395903 0.604097
0 0.32682 0.67318
0 0.261251 0.738749
0 0.411403 0.588597
0 0.420287 0.579713
0 0.508381 0.491619
0 0.314307 0.685693
0 0.208043 0.791957
0 0.00200389 0.997996
0 0.0126771 0.987323
0 0.0859191 0.914081
0 0.0886509 0.911349
0 0.232478 0.767522
0 0.22433 0.77567
0.888135 0 0.111865
0.849568 0 0.150432
0.847561 0 0.152439
0.813839 0 0.186161
0 0.0298727 0.970127
0.822704 0 0.177296
0 0.0368194 0.963181
0 0.0263744 0.973626
0 0.0304181 0.969582
0 0.0805269 0.919473
0 0.0230325 0.976967
0 0.0710075 0.928993
0 0.0254422 0.974558
0 0.13617 0.86383
0 0.130347 0.869653
0 0.0694343 0.930566
0 0.124521 0.875479
0 0.179606 0.820394
0.168823 0 0.831177
0.194197 0 0.805803
0.140854 0 0.859146
0.0792086 0 0.920791
0.0455318 0 0.954468
0.112885 0 0.887115
0.0766571 0 0.923343
0.0843865 0 0.915614
0.274178 0 0.725822
0.316194 0 0.683806
0.195494 0 0.804506
0.18151 0 0.81849
0.221501 0 0.778499
0.195162 0 0.804838
0.231671 0 0.768329
0.104626 0 0.895374
0.315529 0 0.684471
0.35688 0 0.64312
0.222165 0 0.777835
0.248172 0 0.751828
0.266549 0 0.733451
0.381544 0 0.618456
0.263095 0 0.736905
0.26642 0 0.73358
0.238322 0 0.761678
0.266464 0 0.733536
0.238407 0 0.761593
0 0.49702 0.50298
0 0.515101 0.484899
0 0.643926 0.356074
0 0.691791 0.308209
0 0.576633 0.423367
0 0.425316 0.574684
0 0.532568 0.467432
0 0.460861 0.539139
0 0.517264 0.482736
0 0.614242 0.385758
0 0.71122 0.28878
0 0.48937 0.51063
0 0.586347 0.413653
0 0.461475 0.538525
0 0.142556 0.857444
0 0.14802 0.85198
0 0.893346 0.106654
0 0.897412 0.102588
0 0.861638 0.138362
0 0.853318 0.146682
0 0.781767 0.218233
0 0.817541 0.182459
0 0.61255 0.38745
0 0.600486 0.399514
0 0.712839 0.287161
0 0.75431 0.24569
0 0.794641 0.205359
0 0.84196 0.15804
0 0.638405 0.361595
0 0.693489 0.306511
0 0.750393 0.249607
0 0.779753 0.220247
0 0.779181 0.220819
0 0.837332 0.162668
0 0.808543 0.191457
0 0.59591 0.40409
0 0.666789 0.333211
0 0.428077 0.571923
0 0.396523 0.603477
0 0.499498 0.500502
0 0.46115 0.53885
0 0.493717 0.506283
0 0.526031 0.473969
0 0.17644 0.82356
0 0.429093 0.570907
0 0.457841 0.542159
0 0.389395 0.610605
0 0.418146 0.581854
0 0.25488 0.74512
0 0.269312 0.730688
0 0.387702 0.612298
0 0.115552 0.884448
0 0.738606 0.261394
0 1 0
0 0.596646 0.403354
0 0.751366 0.248634
0 0.636313 0.363687
0 1 0
0 0.748466 0.251534
0 1 0
0 1 0
0 0.389155 0.610845
0 0.492901 0.507099
0 0.418026 0.581974
0 0.814203 0.185797
0 0.840722 0.159278
0 0.867241 0.132759
0 1 0
0 1 0
0 1 0
0 1 0
0 1 0
0 1 0
0 1 0
0 1 0
0 1 0
0 0.881208 0.118792
0 1 0
0 0.803042 0.196958
0 1 0
0 1 0
0 1 0
0 1 0
0 1 0
0 1 0
0 1 0
0 1 0
0 1 0
0 1 0
0 1 0
0 1 0
0 1 0
0 1 0
0 1 0
0 1 0
0 1 0
0 1 0
0 1 0
0 1 0
0 1 0
0 1 0
0 1 0
0 1 0
0 1 0
0 1 0
0 1 0
0 0.424563 0.575437
0 0.451865 0.548135
0 0.173782 0.826218
0 0.184866 0.815134
0 0.212169 0.787831
0 0.138767 0.861233
0 0.276479 0.723521
0 0.530447 0.469553
0 0.567519 0.432481
0 0.60459 0.39541
0 0.617652 0.382348
0 0.543511 0.456489
0 0.58058 0.41942
0 0.593643 0.406357
0 0.494102 0.505898
0 0.588698 0.411302
0 0.530198 0.469802
0 1 0
0 0.732449 0.267551
0 0.611003 0.388997
0 0.653235 0.346765
0 0.620472 0.379528
0 0.63362 0.36638
0 0.59807 0.40193
0 1 0
0 0.495487 0.504513
0 1 0
0 1 0
0 0.631889 0.368111
0 0.577205 0.422795
0 0.571141 0.428859
0 0.491699 0.508301
0 0.45668 0.54332
0 0.549373 0.450627
0 0.542798 0.457202
0 0.584922 0.415078
0 0.578349 0.421651
0 0.536225 0.463775
0 0.398165 0.601835
0 0.281131 0.718869
0 0.339647 0.660353
0 0.402867 0.597133
0 0.407569 0.592431
0 0.466087 0.533913
0 0.334995 0.665005
0 0.335045 0.664955
0 0.773045 0.226955
0 0.836743 0.163257
0 0.470789 0.529211
0 0.540827 0.459173
0 0.53335 0.46665
0 0.610864 0.389136
0 1 0
0 1 0
0 1 0
0 1 0
0 1 0
0 1 0
0 1 0
0 1 0
0 1 0
0 1 0
0 1 0
0 1 0
0 1 0
0 1 0
0 0.531897 0.468103
0 0.742221 0.257779
0 0.545479 0.454521
0 1 0
0 1 0
0 1 0
0 1 0
0 1 0
0 1 0
0 1 0
0 1 0
0 1 0
0 1 0
0 1 0
0 1 0
0 1 0
0 1 0
0 1 0
0 1 0
0 1 0
0 1 0
0 1 0
0 1 0
0 1 0
0 1 0
0 1 0
0 1 0
0 1 0
0 1 0
0 1 0
0 1 0
0 1 0
0 1 0
0 1 0
0 1 0
0 1 0
0 1 0
0 1 0
0 1 0
0 1 0
0 1 0
0 1 0
0 1 0
0 1 0
0 1 0
0 0.626393 0.373607
0 1 0
0 0.678538 0.321462
0 0.598897 0.401103
0 0.624609 0.375391
0 1 0
0 0.736095 0.263905
0 0.692668 0.307332
0 0.769053 0.230947
0 0.758587 0.241413
0 0.725628 0.274372
0 1 0
0 1 0
0 1 0
0 1 0
0 1 0
0 1 0
0 1 0
0 1 0
0 1.01999 -0.0199861
0 1 0
0 0.948064 0.0519361
0 0.866122 0.133878
0 0.936843 0.0631569
0 0.921603 0.0783975
0 1 0
0 1 0
0 1 0
0 0.863908 0.136092
0 0.978773 0.0212269
0 1 0
0 0.999379 0.000621443
0 1.03777 -0.037769
0 1 0
0 1 0
0 1 0
0 1 0
0 1.00862 -0.00861981
0 1 0
0 1 0
0 1 0
0 1 0
0 1 0
0 1 0
0 1 0
0 1 0
0 1 0
0 1 0
0 1 0
0 1 0
0 1 0
0 1 0
0 1 0
0 1 0
0 1 0
0 1 0
0 1 0
0 1 0
0 1 0
0 1 0
0 1 0
0 1 0
0 1 0
0 1 0
0 1 0
0 1 0
0 1 0
0 1 0
0 1 0
0 1 0
0 1 0
0 1 0
0 0.92961 0.0703904
0 1 0
0 1 0
0 1 0
0 1 0
0 1 0
0 1 0
0 1 0
0 1 0
0 1 0
0 1 0
0 1 0
0 1 0
0 1 0
0 1 0
0 1 0
0 1 0
0 1 0
0 1 0
0 1 0
0 1 0
0 1 0
0 1 0
0 1 0
0 0.68796 0.31204
0 1 0
0 1 0
0 1 0
0 1 0
0 1 0
0 1 0
0 1 0
0 1 0
0 1 0
0 1 0
0 1 0
0 1 0
0 1 0
0 1 0
0 0.596696 0.403304
0 0.644624 0.355376
0 0.566246 0.433754
0 1 0
0 0.953016 0.0469842
0 1 0
0 1 0
0 1 0
0 0.86443 0.13557
0 0.809221 0.190779
0 1 0
0 1 0
0 1 0
0 1 0
0 1 0
0 1 0
0 1 0
0 1 0
0 1 0
0 1 0
0 1 0
0 1 0
0 1 0
0 1 0
0 1 0
0 1 0
0 1 0
0 1 0
0 1 0
0 1 0
0 0.893444 0.106556
0 0.917472 0.0825281
0 0.951916 0.0480836
0 1 0
0 1 0
0 1 0
0 1 0
0 1 0
0 1 0
0 1 0
0 1 0
0 1 0
0 1 0
0 1 0
0 1 0
0 1 0
0 1 0
0 1 0
0 1 0
0 1 0
0 1 0
0 1 0
0 1 0
0 1 0
0 1 0
0 1 0
0 1 0
0 1 0
0 1 0
0 1 0
0 1 0
0 1 0
0 1 0
0 1 0
0 1 0
0 1 0
0 1 0
0 1 0
0 1 0
0 1 0
0 1 0
0 1 0
0 1 0
0 1 0
0 1 0
0 1 0
0 1 0
0 1 0
0 1 0
0 1 0
0 1 0
0 1 0
0 1 0
0 1 0
0 1 0
0 1 0
0 1 0
0 1 0
0 1 0
0 1 0
0 1 0
0 0.775031 0.224969
0 0.703135 0.296865
0 0.883027 0.116973
0 0.922309 0.0776913
0 0.878243 0.121757
0 0.932925 0.0670746
0 0.971159 0.0288406
0 1 0
0 0.666956 0.333044
0 0.648389 0.351611
0 0.630776 0.369224
0 0.54167 0.45833
0 0.529607 0.470393
0 1 0
0 1 0
0 1 0
0 0.392465 0.607535
0 0.447982 0.552018
0 0.474092 0.525908
0 0.444682 0.555318
0 0.421875 0.578125
0 0.418575 0.581425
0 1 0
0 1 0
0 1 0
0 0.424374 0.575626
0 0.427544 0.572456
0 0.360018 0.639982
0 0.366358 0.633642
0 0.324039 0.675961
0 0.363188 0.636812
0 0.28172 0.71828
0 0.320869 0.679131
0 0.47007 0.52993
0 0.421597 0.578403
0 0.373122 0.626878
0.493058 0 0.506942
0.527529 0 0.472471
0 1 0
0 1 0
0 1 0
0 1 0
0 1 0
0 1 0
0 1 0
0 0.0712313 0.928769
0 0.00210769 0.997892
0 0.552427 0.447573
0 0.605359 0.394641
0 0.590915 0.409085
0 0.554793 0.445207
0 0.610089 0.389911
0 0.715947 0.284053
0 0.91862 0.0813803
0 0.92335 0.0766504
0 0.822013 0.177987
0 1 0
0.276089 0 0.723911
0.294689 0 0.705311
0.25419 0 0.74581
0.381577 0 0.618423
0 0.525666 0.474334
0 0.455688 0.544312
0 0.48317 0.51683
0 0.127893 0.872107
0 0.172196 0.827804
0 0.360887 0.639113
0 0.227254 0.772746
0.425099 0 0.574901
0 0.834972 0.165028
0 0.859 0.141
0 0.802012 0.197988
0 0.826039 0.173961
0 0.927708 0.0722917
0 0.975025 0.0249751
0 1 0
0 1 0
0 1 0
0 1 0
0 1 0
0 1 0
0 1 0
0 1 0
0 1 0
0 1 0
0 1 0
0 1 0
0 1 0
0 1 0
0 1 0
0 1 0
0 1 0
0 1 0
0 1 0
0 1 0
0 1 0
0 1 0
0 1 0
0 1 0
0 1 0
0 1 0
0 1 0
0 1 0
0 1 0
0 1 0
0 1 0
0 1 0
0 1 0
0 1 0
0 1 0
0 0.639276 0.360724
0 0.468659 0.531341
0 0.418728 0.581272
0 0.441682 0.558318
0 0.263862 0.736138
0 0.218046 0.781954
0 0.169025 0.830975
0 0.20796 0.79204
0 0.373296 0.626704
0 0.453404 0.546596
0 0.853365 0.146635
0 0.857727 0.142273
0 0.707227 0.292773
0 0.684449 0.315551
0 0.601527 0.398473
0 0.355071 0.644929
0 0.842753 0.157247
0 0.914066 0.0859342
0 0.921551 0.0784491
0 0.906581 0.0934193
0 0.30296 0.69704
0 0.212629 0.787371
0.887594 0 0.112406
0 0.106943 0.893057
0 0.0941726 0.905827
0 0.0336188 0.966381
0.858988 0 0.141012
0.887806 0 0.112194
0.847878 0 0.152122
0.848702 0 0.151298
0.819471 0 0.180529
0.774199 0 0.225801
0.769218 0 0.230782
0.725057 0 0.274943
0.747369 0 0.252631
0.735012 0 0.264988
0 0.11043 0.88957
0 0.123666 0.876334
0.49122 0 0.50878
0.578561 0 0.421439
0.578327 0 0.421673
0.575983 0 0.424017
0.590739 0 0.409261
0.46435 0 0.53565
0.433626 0 0.566374
0.423085 0 0.576915
0 0.0579159 0.942084
0.544319 0 0.455681
0 0.0565426 0.943457
0 0.0185194 0.981481
0 0.0342945 0.965705
0.412724 0 0.587276
0.403212 0 0.596788
0.107762 0 0.892238
0.340436 0 0.659564
0.318573 0 0.681427
0.355799 0 0.644201
0.33194 0 0.66806
0.332979 0 0.667021
0 0.0900245 0.909975
0 0.104787 0.895213
0 0.111968 0.888032
0 0.0717245 0.928275
0.54515 0 0.45485
0.0895945 0 0.910405
0.0814045 0 0.918595
0.195095 0 0.804905
0.155708 0 0.844292
0.178717 0 0.821283
0.147518 0 0.852482
0.204394 0 0.795606
0.173196 0 0.826804
0.0453261 0 0.954674
0.0464889 0 0.953511
0 0.1784 0.8216
0 0.00870923 0.991291
0 0.0282657 0.971734
0 0.212267 0.787733
0 0.0131309 0.986869
0 0.0452075 0.954793
0 0.205859 0.794141
0 0.125532 0.874468
0 0.45483 0.54517
0 0.392392 0.607608
0 0.0932581 0.906742
0 0.0439629 0.956037
0 0.100597 0.899403
0 0.162835 0.837165
0 0.0169832 0.983017
0 0.825861 0.174139
0 0.685048 0.314952
0 0.641957 0.358043
0 0.683429 0.316571
0 0.695308 0.304692
0 1 0
0 1 0
0 1 0
0 0.87285 0.12715
0 1 0
0 1 0
0 1 0
0 1 0
0 0.43325 0.56675
0 0.451659 0.548341
0 0.691549 0.308451
0 0.659699 0.340301
0 1 0
0 0.504805 0.495195
0 0.531421 0.468579
0 0.501105 0.498895
0 0.461385 0.538615
0 0.641749 0.358251
0 1 0
0 1 0
0 1 0
0 0.961118 0.0388818
0 1 0
0 0.899914 0.100086
0 1 0
0 1 0
0 1 0
0 1 0
0 1 0
0 1 0
0 1 0
0 1 0
0 1 0
0 1 0
0 0.714705 0.285295
0 1 0
0 1 0
0 1 0
0 1 0
0 1 0
0 1 0
0 1 0
0 0.925053 0.0749469
0 1 0
0 1 0
0 1 0
0 1 0
0 1 0
0 1 0
0 1 0
0 1 0
0 1 0
0 1 0
0 1 0
0 1 0
0 1 0
0 1 0
0 1 0
0 1 0
0 1 0
0 1 0
0 0.945287 0.0547131
0 0.976954 0.0230456
0 1 0
0 1 0
0 1 0
0 1 0
0 0.755488 0.244512
0 0.798068 0.201932
0 0.807839 0.192161
0 0.822291 0.177709
0 0.355355 0.644645
0 0.223617 0.776383
0 0.249816 0.750184
0.464044 0 0.535956
0.478551 0 0.521449
0 1 0
0 1 0
0 0.0345879 0.965412
0 0.0712835 0.928717
0.352614 0 0.647386
0.367122 0 0.632878
0.343315 0 0.656685
0.314352 0 0.685648
0 0.358348 0.641652
0 0.353698 0.646302
0 0.23434 0.76566
0 0.327523 0.672477
0 0.34537 0.65463
0 0.329853 0.670147
0 1 0
0 1 0
0 1 0
0 1 0
0 1 0
0 1 0
0 1 0
0 1 0
0 1 0
0 1 0
0 1 0
0 1 0
0 1 0
0 1 0
0 1 0
0 1 0
0 1 0
0 1 0
0 1 0
0 1 0
0 1 0
0 1 0
0 1 0
0 1 0
0 1 0
0 1 0
0 1 0
0 1 0
0 1 0
0 1 0
0 1 0
0 1 0
0 1 0
0 1 0
0 1 0
0 1 0
0 1 0
0 1 0
0 1 0
0 1 0
0 1 0
0 1 0
0 1 0
0 1 0
0 1 0
0 1 0
0 1 0
0 1 0
0 1 0
0 1 0
0 1 0
0 1 0
0 1 0
0 1 0
0 1 0
0 1 0
0 1 0
0 1 0
0 1 0
0 1 0
0 1 0
0 1 0
0 1 0
0 1 0
0 1 0
0 1 0
0 1 0
0 1 0
0 1 0
0 1 0
0 1 0
0 1 0
0 1 0
0 1 0
0 1 0
0 1 0
0 1 0
0 1 0
0 1 0
0 1 0
0 0.74113 0.25887
0 0.742348 0.257652
0 0.703376 0.296624
0 0.778882 0.221118
0 1 0
0 1 0
0 1 0
0 1 0
0 1 0
0 1 0
0 1 0
0 1 0
0 1 0
0 1 0
0 1 0
0 1 0
0 1 0
0 1 0
0 1 0
0 1 0
0 1 0
0 0.920813 0.0791872
0 0.923154 0.0768463
0 1 0
0 1 0
0 1 0
0 1 0
0 1 0
0 0.917161 0.0828394
0 1 0
0 1 0
0 1 0
0 1 0
0 1 0
0 0.842066 0.157934
0 0.68659 0.31341
0 0.256981 0.743019
0 0.224927 0.775073
0 0.151289 0.848711
0 0.182569 0.817431
0 0.179111 0.820889
0 0.242951 0.757049
0 0.279184 0.720816
0 0.27864 0.72136
0 0.314329 0.685671
0 0.155438 0.844562
0 0.110049 0.889951
0 0.154349 0.845651
0 0.198651 0.801349
0 0.59196 0.40804
0 0.552347 0.447653
0 0.501228 0.498772
0 0.521269 0.478731
0 0.47015 0.52985
0 0.43907 0.56093
0 0.490191 0.509809
0 0.459113 0.540887
0 0.593361 0.406639
0 0.470065 0.529935
0 0.444547 0.555453
0 0.427886 0.572114
0 0.436216 0.563784
0 0.419557 0.580443
0 0.805147 0.194853
0 0.768074 0.231926
0 0.606215 0.393785
0 0.616649 0.383351
0 0.732828 0.267172
0 0.570966 0.429034
0 0.395062 0.604938
0 0.384257 0.615743
0 0.929036 0.0709641
0 0.786414 0.213586
0 0.632402 0.367598
0 0.522717 0.477283
0 0.42057 0.57943
0 0.395835 0.604165
0 0.343629 0.656371
0 0.288525 0.711475
0 0.325672 0.674328
0 0.259212 0.740788
0 0.00633139 0.993669
0 1 0
0 1 0
0 0.599468 0.400532
0 0.680334 0.319666
0 0.712419 0.287581
0 0.793285 0.206715
0.845778 0 0.154222
0.848553 0 0.151447
0.868853 0 0.131147
0.897476 0 0.102524
0.874402 0 0.125598
0.900251 0 0.099749
0.811605 0 0.188395
0.840229 0 0.159771
0.817154 0 0.182846
0.843004 0 0.156996
0.781282 0 0.218718
0.730533 0 0.269467
0 0.0973732 0.902627
0 0.060695 0.939305
0 0.0670963 0.932904
0.89295 0 0.10705
0.882662 0 0.117338
0.877519 0 0.122481
0.818647 0 0.181353
0.81906 0 0.18094
0.81099 0 0.18901
0.789417 0 0.210583
0.790242 0 0.209758
0.737407 0 0.262593
0.710579 0 0.289421
0.764237 0 0.235763
0.683749 0 0.316251
0.710106 0 0.289894
0.721905 0 0.278095
0.749762 0 0.250238
0.76156 0 0.23844
0.733703 0 0.266297
0.705846 0 0.294154
0.677989 0 0.322011
0.653824 0 0.346176
0.645717 0 0.354283
0.613522 0 0.386478
0.629658 0 0.370342
0.605493 0 0.394507
0.694048 0 0.305952
0.677912 0 0.322088
0.714497 0 0.285503
0.715559 0 0.284441
0 0.0784952 0.921505
0 0.142473 0.857527
0.550318 0 0.449682
0.548208 0 0.451792
0 0.0887031 0.911297
0 0.0754559 0.924544
0.49333 0 0.50667
0 0.121665 0.878335
0 0.144768 0.855232
0 0.0523525 0.947648
0 0.154413 0.845587
0.595515 0 0.404485
0.569925 0 0.430075
0 0.122517 0.877483
0 0.140176 0.859824
0.551727 0 0.448273
0 0.0372604 0.96274
0.557889 0 0.442111
0 0.0271768 0.972823
0 0.0735903 0.92641
0 0.13009 0.86991
0 0.0786333 0.921367
0 0.120006 0.879994
0 0.0836762 0.916324
0 0.0887192 0.911281
0.617246 0 0.382754
0.634344 0 0.365656
0.606336 0 0.393664
0.561229 0 0.438771
0.656166 0 0.343834
0.628158 0 0.371842
0.600149 0 0.399851
0.566574 0 0.433426
0.539132 0 0.460868
0.524377 0 0.475623
0.551818 0 0.448182
0.537064 0 0.462936
0.52231 0 0.47769
0.509623 0 0.490377
0.494869 0 0.505131
0.496936 0 0.503064
0.45474 0 0.54526
0.482182 0 0.517818
0.467427 0 0.532573
0.439986 0 0.560014
0.391028 0 0.608972
0.420008 0 0.579992
0.448988 0 0.551012
0.344943 0 0.655057
0.406185 0 0.593815
0.378744 0 0.621256
0 0.0376364 0.962364
0 0.0153883 0.984612
0 0.0781954 0.921805
0.581328 0 0.418672
0 0.0186976 0.981302
0 0.0101778 0.989822
0 0.0612252 0.938775
0 0.0952329 0.904767
0 0.0867152 0.913285
0.608576 0 0.391424
0 0.0441877 0.955812
0 0.00166008 0.99834
0.46399 0 0.53601
0.412545 0 0.587455
0 0.0582136 0.941786
0 0.0598845 0.940115
0 0.103748 0.896252
0 0.00205772 0.997942
0 0.0390966 0.960903
0.459056 0 0.540944
0.66213 0 0.33787
0.669817 0 0.330183
0.654443 0 0.345557
0.625137 0 0.374863
0.595832 0 0.404168
0.616502 0 0.383498
0.206611 0 0.793389
0.177579 0 0.822421
0.120808 0 0.879192
0.178873 0 0.821127
0.191371 0 0.808629
0.204737 0 0.795263
0.125963 0 0.874037
0.151984 0 0.848016
0.137218 0 0.862782
0.178004 0 0.821996
0.204024 0 0.795976
0.176285 0 0.823715
0.16324 0 0.83676
0.148547 0 0.851453
0.135501 0 0.864499
0.275909 0 0.724091
0.309845 0 0.690155
0.142365 0 0.857635
0.171397 0 0.828603
0.344295 0 0.655705
0.309577 0 0.690423
0.294715 0 0.705285
0 0.121196 0.878804
0 0.0465604 0.95344
0 0.0752598 0.92474
0 0.150935 0.849065
0 0.0586416 0.941358
0 0.0497372 0.950263
0.569639 0 0.430361
0.598829 0 0.401171
0 0.0170332 0.982967
0.631134 0 0.368866
0 0.0317957 0.968204
0 0.0940291 0.905971
0 0.161349 0.838651
0 0.166558 0.833442
0 0.115204 0.884796
0 0.207495 0.792505
0 0.156141 0.843859
0.542036 0 0.457964
0 0.0754489 0.924551
0 0.144572 0.855428
0 0.0932165 0.906784
0 0.0314763 0.968524
0 0.0124941 0.987506
0.668126 0 0.331874
0.640512 0 0.359488
0.603519 0 0.396481
0 0.129712 0.870288
0.672815 0 0.327185
0.677504 0 0.322496
0.0441633 0 0.955837
0.0425231 0 0.957477
0 0.221625 0.778375
0.0704126 0 0.929587
0.0720529 0 0.927947
0.0999424 0 0.900058
0.116321 0 0.883679
0.226293 0 0.773707
0.235592 0 0.764408
0 0.0496263 0.950374
0 0.0300727 0.969927
0 0.0884082 0.911592
0.0415369 0 0.958463
0.113333 0 0.886667
0.0875663 0 0.912434
0.0774342 0 0.922566
0.0588438 0 0.941156
0.0558876 0 0.944112
0.0947411 0 0.905259
0.0531851 0 0.946815
0.0673032 0 0.932697
0.0930695 0 0.90693
0 0.171273 0.828727
0.0648345 0 0.935166
0 0.0777608 0.922239
0 0.0568112 0.943189
0 0.208759 0.791241
0 0.205251 0.794749
0 0.272081 0.727919
0 0.15549 0.84451
0 0.331896 0.668104
0 0.113588 0.886412
0 0.134538 0.865462
0 0.425328 0.574672
0 0.399797 0.600203
0 0.389506 0.610494
0 0.3115 0.6885
0 0.258679 0.741321
0 0.199953 0.800047
0 0.314451 0.685549
0 0.202907 0.797093
0 0.358497 0.641503
0 0.317403 0.682597
0 0.361452 0.638548
0 0.405497 0.594503
0 0.364403 0.635597
0 0.19919 0.80081
0 0.357849 0.642151
0 0.426932 0.573068
0 0.36136 0.63864
0 0.149892 0.850108
0 0.029282 0.970718
0 0.103469 0.896531
0 0.0440999 0.9559
0 0.0320138 0.967986
0 0.0913827 0.908617
0 0.150752 0.849248
0.876364 0 0.123636
0.933968 0 0.066032
0.962771 0 0.0372289
0.809607 0 0.190393
0 0.0231716 0.976828
0 0.0199709 0.980029
0 0.0732825 0.926717
0 0.123532 0.876468
0 0.0302791 0.969721
0 0.0339013 0.966099
0 0.0266547 0.973345
0 0.0272175 0.972783
0 0.0885166 0.911483
0 0.0296424 0.970358
0 0.0127265 0.987273
0 0.063611 0.936389
0 0.127155 0.872845
0 0.118696 0.881304
0 0.0143497 0.98565
0 0.0085242 0.991476
0.362526 0 0.637474
0.353276 0 0.646724
0.319017 0 0.680983
0.387536 0 0.612464
0.344026 0 0.655974
0.309767 0 0.690233
0.275508 0 0.724492
0.316338 0 0.683662
0 0.630259 0.369741
0 0.568729 0.431271
0 0.622355 0.377645
0 0.67598 0.32402
0 0.604274 0.395726
0 0.330331 0.669669
0 0.312253 0.687747
0 0.359745 0.640255
0 0.341664 0.658336
0 0.264762 0.735238
0 0.296905 0.703095
0 0.344399 0.655601
0 0.249413 0.750587
0 0.246682 0.753318
0 0.294173 0.705827
0 0.889279 0.110721
0 0.85757 0.14243
0 0.821796 0.178204
0 0.790087 0.209913
0 0.726519 0.273481
0 0.629896 0.370104
0 0.792731 0.207269
0 0.836202 0.163798
0 0.807972 0.192028
0 0.894913 0.105087
0 0.360644 0.639356
0 0.271008 0.728992
0 0.328507 0.671493
0 0.314072 0.685928
0 0.299639 0.700361
0 0.373267 0.626733
0 0.65223 0.34777
0 0.658662 0.341338
0 0.590215 0.409785
0 0.521772 0.478228
0 0.623482 0.376518
0 0.583784 0.416216
0 0.446894 0.553106
0 0.555036 0.444964
0 0.526288 0.473712
0 0.51534 0.48466
0 0.826752 0.173248
0 1 0
0 1 0
0 1 0
0 1 0
0 1 0
0 1 0
0 0.773714 0.226286
0 1 0
0 1 0
0 1 0
0 1 0
0 1 0
0 1 0
0 1 0
0 1 0
0 1 0
0 1 0
0 1 0
0 1 0
0 1 0
0 1 0
0 0.720677 0.279323
0 1 0
0 1 0
0 1 0
0 1 0
0 1 0
0 0.27272 0.72728
0 0.234334 0.765666
0 0.327329 0.672671
0 0.368842 0.631158
0 0.410352 0.589648
0 0.288943 0.711057
0 0.30039 0.69961
0 0.250557 0.749443
0 0.286929 0.713071
0 0.276579 0.723421
0 0.355746 0.644254
0 0.345394 0.654606
0 0.493378 0.506622
0 0.207032 0.792968
0 0.181368 0.818632
0 1 0
0 1 0
0 0.218014 0.781986
0 0.181268 0.818732
0 0.217911 0.782089
0 0.525152 0.474848
0 0.556926 0.443074
0 0.593995 0.406005
0 0.599293 0.400707
0 0.64166 0.35834
0 0.631065 0.368935
0 0.514803 0.485197
0 0.403186 0.596814
0 0.463314 0.536686
0 0.481723 0.518277
0 0.682169 0.317831
0 0.69194 0.30806
0 0.722678 0.277322
0 0.672397 0.327603
0 0.712906 0.287094
0 0.70448 0.29552
0 0.56136 0.43864
0 0.666165 0.333835
0 0.646768 0.353232
0 0.338382 0.661618
0 0.360356 0.639644
0 0.360187 0.639813
0 0.382162 0.617838
0 0.382335 0.617665
0 0.459761 0.540239
0 0.42775 0.57225
0 0.424035 0.575965
0 0.392025 0.607975
0 0.43241 0.56759
0 0.614177 0.385823
0 1 0
0 0.602026 0.397974
0 0.617469 0.382531
0 0.562304 0.437696
0 0.55584 0.44416
0 0.500677 0.499323
0 0.507141 0.492859
0 0.451978 0.548022
0 0.334945 0.665055
0 0.276429 0.723571
0 0.393463 0.606537
0 0.393513 0.606487
0 0.672632 0.327368
0 0.699413 0.300587
0 0.726193 0.273807
0 0.7764 0.2236
0 0.752972 0.247028
0 0.799826 0.200174
0 0.826606 0.173394
0 0.736328 0.263672
0 0.786536 0.213464
0 0.722838 0.277162
0 0.823254 0.176746
0 1 0
0 1 0
0 0.441491 0.558509
0 1 0
0 1 0
0 1 0
0 1 0
0 1 0
0 1 0
0 0.942412 0.0575877
0 0.984911 0.0150891
0 1 0
0 1 0
0 1 0
0 1 0
0 1 0
0 1 0
0 1 0
0 1 0
0 1 0
0 1 0
0 1 0
0 1 0
0 1 0
0 1 0
0 1 0
0 1 0
0 1 0
0 1 0
0 1 0
0 1 0
0 1 0
0 1 0
0 1 0
0 1 0
0 1 0
0 1 0
0 0.682201 0.317799
0 0.76685 0.23315
0 0.730683 0.269317
0 0.782827 0.217173
0 1 0
0 1 0
0 1 0
0 1 0
0 1 0
0 1 0
0 1 0
0 1 0
0 1 0
0 1 0
0 1 0
0 1 0
0 1 0
0 1 0
0 1 0
0 1 0
0 1 0
0 1 0
0 1 0
0 1 0
0 0.929121 0.0708793
0 0.92135 0.0786495
0 1 0
0 1 0
0 0.976996 0.0230043
0 0.969226 0.0307745
0 1 0
0 1 0
0 1 0
0 1 0
0 1 0
0 1 0
0 1 0
0 1 0
0 1 0
0 1 0
0 1 0
0 1 0
0 1 0
0 1 0
0 1 0
0 1 0
0 1 0
0 1 0
0 1 0
0 1 0
0 1 0
0 1 0
0 1 0
0 1 0
0 1 0
0 1 0
0 1 0
0 1 0
0 1 0
0 1 0
0 1 0
0 1.00089 -0.00089088
0 1 0
0 1 0
0 1 0
0 1 0
0 1 0
0 1 0
0 1 0
0 1.01039 -0.0103864
0 1 0
0 1 0
0 1 0
0 1 0
0 1 0
0 1 0
0 1 0
0 1 0
0 1 0
0 1 0
0 1 0
0 1 0
0 1 0
0 1 0
0 1 0
0 1 0
0 1 0
0 1 0
0 0.788296 0.211704
0 0.87346 0.12654
0 0.84065 0.15935
0 0.344351 0.655649
0 0.292135 0.707865
0 0.318242 0.681758
0 0.322559 0.677441
0 0.278548 0.721452
0 0.273452 0.726548
0 0.229443 0.770557
0 0.235266 0.764734
0 0.191257 0.808743
0 0.185431 0.814569
0 0.239399 0.760601
0 0.19708 0.80292
0 1 0
0 1 0
0 0.0657468 0.934253
0 0.0928776 0.907122
0 0.0328975 0.967102
0 0.0464618 0.953538
0 0.0600261 0.939974
0.533201 0 0.466799
0 0.0365482 0.963452
0.488533 0 0.511467
0.455209 0 0.544791
0.449537 0 0.550463
0.41054 0 0.58946
0.416212 0 0.583788
0 0.00744151 0.992558
0 4.59494e-005 0.999954
0 0.00369663 0.996303
0 0.0291526 0.970847
0.439555 0 0.560445
0.517547 0 0.482453
0 1 0
0 1 0
0.323651 0 0.676349
0 0.385709 0.614291
0 0.35002 0.64998
0 0.40237 0.59763
0 0.376406 0.623594
0 0.397718 0.602282
0 0.375009 0.624991
0 0.33099 0.66901
0 0.28697 0.71303
0 0.296489 0.703511
0 0.278642 0.721358
0 0.294161 0.705839
0 0.260798 0.739202
0 0.309679 0.690321
0 0.124546 0.875454
0 0.18669 0.81331
0 0.183343 0.816657
0 0.252187 0.747813
0 0.248837 0.751163
0 0.314333 0.685667
0 1 0
0 0.341771 0.658229
0 0.245887 0.754113
0 0.710751 0.289249
0.413199 0 0.586801
0 0.70817 0.29183
0 0.815632 0.184368
0 1 0
0 1.02895 -0.0289543
0 0.496879 0.503121
0 1 0
0 0.687766 0.312234
0 0.609837 0.390163
0 1 0
0 0.182338 0.817662
0 0.0383307 0.961669
0 0.322084 0.677916
0 0.114895 0.885105
0 0.0336289 0.966371
0 1 0
0.132811 0 0.867189
0 1 0
0 1 0
0 0.056547 0.943453
0.545475 0 0.454525
0 0.460129 0.539871
0 0.109731 0.890269
0 1 0
0 1 0
0.906918 0 0.0930824
0.488525 0 0.511475
0.188791 0 0.811209
0 1 0
0 1 0
0 0.472343 0.527657
0 0.442278 0.557722
0.808006 0 0.191994
0 0.428843 0.571157
0.837027 0 0.162973
0 0.344419 0.655581
0 0.703986 0.296014
0 0.879748 0.120252
0 0.168864 0.831136
0 0.219438 0.780562
0 0.394363 0.605637
0 0.378237 0.621763
0 1 0
0 0.219842 0.780158
0 0.959841 0.040159
0 1 0
0 1 0
0 1 0
0.376871 0 0.623129
0 0.635008 0.364992
0 1 0
0 1 0
0 0.0376147 0.962385
0 0.0206483 0.979352
0 0.528015 0.471985
0.600174 0 0.399826
0.635472 0 0.364528
0.29387 0 0.70613
0 0.305712 0.694288
0 1 0
0 0.129887 0.870113
0 1 0
0 1 0
0 0.555903 0.444097
0 0.0785333 0.921467
0 0.348588 0.651412
0 1 0
0 0.204524 0.795476
0 0.770621 0.229379
0.134285 0 0.865715
0 1 0
0 0.055215 0.944785
0 1 0
0 1 0
0 0.184365 0.815635
0 1 0
0 1 0
0.530721 0 0.469279
0 0.122489 0.877511
0 0.0167931 0.983207
0 1 0
0 1 0
0 1 0
0 1 0
0.134606 0 0.865394
0 1 0
0 1 0
0 1 0
0 0.100558 0.899442
0 1 0
0 1 0
0 0.773714 0.226286
0 1 0
0 1 0
0.316222 0 0.683778
0 0.630711 0.369289
0 1 0
0 1 0
0 0.85062 0.14938
0 0.69384 0.30616
0 0.469089 0.530911
0 0.449915 0.550085
0 0.460802 0.539198
0 1 0
0.0315423 0 0.968458
0 0.186156 0.813844
0 1 0
0 0.179863 0.820137
0 0.500575 0.499425
0.252485 0 0.747515
0 1 0
0 1 0
0 0.739397 0.260603
0 0.719711 0.280289
0.382476 0 0.617524
0 0.336547 0.663453
0 0.779644 0.220356
0 0.576583 0.423417
0.426817 0 0.573183
0.924951 0 0.0750488
0 1 0
0 0.713659 0.286341
0 0.420243 0.579757
0 0.427424 0.572576
0 1 0
0 0.351793 0.648207
0 0.00847088 0.991529
0 1 0
0 0.0299966 0.970003
0 1 0
0 0.634667 0.365333
0.538098 0 0.461902
0.891787 0 0.108213
0.895164 0 0.104836
0 1 0
0 1 0
0 1 0
0 1 0
0.597532 0 0.402468
0 0.128604 0.871396
0 1 0
0 1 0
0 1 0
0 1 0
0 0.613248 0.386752
0 0.592585 0.407415
0 0.712917 0.287083
0 1 0
0.716621 0 0.283379
0.712377 0 0.287623
0 0.631355 0.368645
0 1 0
0 0.586653 0.413347
0 0.456156 0.543844
0 0.465287 0.534713
0 0.998283 0.00171657
0.261095 0 0.738905
0 1 0
0 0.480169 0.519831
0 1 0
0 1 0
0 1 0
0 0.88914 0.11086
0 0.512764 0.487236
0 0.706305 0.293695
0 0.12103 0.87897
0 1 0
0 1 0
0.714057 0 0.285943
0 1 0
0 0.791767 0.208233
0 0.782595 0.217405
0 1 0
0 1 0
0 1 0
0.297703 0 0.702297
0 0.45385 0.54615
0 0.471951 0.528049
0 0.419604 0.580396
0 0.409494 0.590506
0 1 0
0 0.244607 0.755393
0 0.708813 0.291187
0 1 0
0 1 0
0 1 0
0 0.680327 0.319673
0 0.674697 0.325303
0 0.466978 0.533022
0 0.32528 0.67472
0 0.705203 0.294797
0 0.114853 0.885147
0 1 0
0 1 0
0 0.309278 0.690722
0 0.322553 0.677447
0 1 0
0 0.791686 0.208314
0 1 0
0 0.746312 0.253688
0 0.905458 0.0945419
0 0.704568 0.295432
0 0.319242 0.680758
0 0.381756 0.618244
0.310191 0 0.689809
0.313357 0 0.686643
0 1 0
0 0.397958 0.602042
0 1 0
0 1.02206 -0.0220636
0.308617 0 0.691383
0 1 0
0 1 0
0 0.234637 0.765363
0 1 0
0 0.0902718 0.909728
0 0.404419 0.595581
0 0.408638 0.591362
0 1 0
0.888708 0 0.111292
0.89116 0 0.10884
0.129156 0 0.870844
0.120287 0 0.879713
0 1 0
0 0.51705 0.48295
0 0.51288 0.48712
0 0.549334 0.450666
0.397837 0 0.602163
0.0822306 0 0.917769
0 1 0
0 1 0
0 0.955422 0.044578
0 0.554176 0.445824
0 1 0
0 1 0
0 0.657029 0.342971
0 1 0
0 0.969579 0.0304209
0 0.0181761 0.981824
0 1 0
0.328968 0 0.671032
0.832758 0 0.167242
0 0.42407 0.57593
0 0.413796 0.586204
0 0.320334 0.679666
0 1 0
0 1 0
0 1 0
0 1 0
0 1 0
0 1 0
0 0.419678 0.580322
0 1 0
0 0.799055 0.200945
0 0.63038 0.36962
0 0.952046 0.0479538
0 1 0
0 1 0
0.55959 0 0.44041
0 1 0
0 0.622432 0.377568
0 0.613903 0.386097
0 1 0
0 1 0
0 1 0
0 1 0
0 0.723473 0.276527
0 0.766489 0.233511
0 0.153944 0.846056
0 0.831655 0.168345
0 0.821222 0.178778
0 0.823072 0.176928
0 0.356798 0.643202
0 0.376142 0.623858
0 0.00519318 0.994807
0 0.326959 0.673041
0 0.335287 0.664713
0 0.346183 0.653817
0 1 0
0 1 0
0 1 0
0 0.854197 0.145803
0 1 0
0 1 0
0 1 0
0 1 0
0 0.795715 0.204285
0 0.54344 0.45656
0 0.370782 0.629218
0.442179 0 0.557821
0.434498 0 0.565502
0.405518 0 0.594482
0.43589 0 0.56411
0.853644 0 0.146356
0 0.570412 0.429588
0 0.568401 0.431599
0 1 0
0 1 0
0.0528587 0 0.947141
0 0.932495 0.0675053
0 1 0
0.867347 0 0.132653
0 0.116624 0.883376
0 0.148355 0.851645
0 1 0
0 1 0
0 1 0
0 0.736739 0.263261
0 1 0
0 0.515139 0.484861
0 0.360091 0.639909
0 1 0
0.326746 0 0.673254
0 1 0
0 1 0
0 0.349073 0.650927
0 0.340925 0.659075
0 0.337311 0.662689
0 0.712561 0.287439
0.471159 0 0.528841
0 0.674324 0.325676
0 1 0
0.214405 0 0.785595
0 0.242918 0.757082
0 0.240889 0.759111
0.576861 0 0.423139
0 0.692801 0.307199
0 0.827515 0.172485
0 0.34705 0.65295
0 0.55086 0.44914
0 1 0
0 1 0
0 0.814073 0.185927
0 0.48943 0.51057
0 0.635351 0.364649
0 1 0
0 1 0
0 1 0
0 1 0
0 0.420918 0.579082
0.131591 0 0.868409
0.118459 0 0.881541
0 0.951439 0.0485609
0.309521 0 0.690479
0 1 0
0 0.543619 0.456381
0.132233 0 0.867767
0 0.734364 0.265636
0 0.747156 0.252844
0 1 0
0 0.678434 0.321566
0 1 0
0 1 0
0 0.978414 0.0215865
0 0.542326 0.457674
0 0.328791 0.671209
0 0.349424 0.650576
0 0.354906 0.645094
0 1 0
0 1 0
0 1 0
0 1 0
0 0.702871 0.297129
0 0.58448 0.41552
0 0.584289 0.415711
0 0.842223 0.157777
0 0.079826 0.920174
0 0.295132 0.704868
0 0.295791 0.704209
0.875226 0 0.124774
0 0.49359 0.50641
0 0.78897 0.21103
0 0.595813 0.404187
0 1 0
0 0.581471 0.418529
0 1 0
0 1 0
0 1 0
0 0.77017 0.22983
0 0.431981 0.568019
0 0.426222 0.573778
0 0.386655 0.613345
0 0.42285 0.57715
0 0.367089 0.632911
0 0.420741 0.579259
0 0.412018 0.587982
0 0.574397 0.425603
0 0.64668 0.35332
0 0.584868 0.415132
0 0.558561 0.441439
0 0.411413 0.588587
0 0.702485 0.297515
0 0.702293 0.297707
0 0.674738 0.325262
0 0.691877 0.308123
0 0.785906 0.214094
0 0.795955 0.204045
0 0.800979 0.199021
0 0.688028 0.311972
0 0.8057 0.1943
0.732295 0 0.267705
0.86814 0 0.13186
0.411456 0 0.588544
0.142847 0 0.857153
0.381094 0 0.618906
0.330503 0 0.669497
0.313328 0 0.686672
0.314885 0 0.685115
0.388296 0 0.611704
0.353147 0 0.646853
0.35211 0 0.64789
0 0.346301 0.653699
0 0.335498 0.664502
0.193445 0 0.806555
0.186623 0 0.813377
0 0.18236 0.81764
0 0.242174 0.757826
0 0.107131 0.892869
0 0.379314 0.620686
0 0.378115 0.621885
0 0.377547 0.622453
0 0.407417 0.592583
0 0.381997 0.618003
0 0.379374 0.620626
0 0.468776 0.531224
0 0.297547 0.702453
0 0.38495 0.61505
0 0.064941 0.935059
0 0.0576005 0.942399
0 0.138865 0.861135
0 0.121067 0.878933
0.33936 0 0.66064
0.340772 0 0.659228
0 0.568421 0.431579
0 0.274526 0.725474
0 0.27726 0.72274
0 0.647989 0.352011
0 0.650632 0.349368
0 0.712625 0.287375
0 0.73279 0.26721
0 0.421126 0.578874
0 0.426374 0.573626
0 0.154415 0.845585
0 0.139194 0.860806
0 0.769225 0.230775
0 0.322019 0.677981
0 0.860965 0.139035
0 1 0
0 1 0
0 0.305812 0.694188
0 0.541005 0.458995
0 0.461618 0.538382
0 0.44808 0.55192
0 1 0
0 0.971653 0.0283471
0 1 0
0 0.756755 0.243245
0 0.534016 0.465984
0 0.831269 0.168731
0 1 0
0 1 0
0 1 0
0 1 0
0 0.0345618 0.965438
0 0.534845 0.465155
0 0.799628 0.200372
0 0.504418 0.495582
0 0.40482 0.59518
0 0.373804 0.626196
0 0.692363 0.307637
0 0.882152 0.117848
0.56584 0 0.43416
0.16371 0 0.83629
0 0.371595 0.628405
0 0.242445 0.757555
0 0.740778 0.259222
0.885939 0 0.114061
0.726483 0 0.273517
0.588896 0 0.411104
0.455798 0 0.544202
0 0.107902 0.892098
0 0.355438 0.644562
0 0.290993 0.709007
0 0.373327 0.626673
0 1 0
0 0.248535 0.751465
0 0.562462 0.437538
0 0.525025 0.474975
0 0.845922 0.154078
0 0.70461 0.29539
0 1 0
0 0.750601 0.249399
0 0.319283 0.680717
0 0.703259 0.296741
0 0.820878 0.179122
0 0.820296 0.179704
0 0.820491 0.179509
0 0.0737844 0.926216
0 0.0677413 0.932259
0 0.477433 0.522567
0 1 0
0 0.380645 0.619355
0 0.559514 0.440486
0 0.665218 0.334782
0 0.676267 0.323733
0 0.695671 0.304329
0 0.670628 0.329372
0 0.672953 0.327047
0 0.677979 0.322021
0 0.801907 0.198093
0 0.813288 0.186712
0.351591 0 0.648409
0.351071 0 0.648929
0 0.374169 0.625831
0 0.374126 0.625874
0 0.340903 0.659097
0 0.428997 0.571003
0 0.586501 0.413499
0 0.291694 0.708306
0 0.271793 0.728207
0 0.639669 0.360331
0 0.664312 0.335688
0 0.705784 0.294216
0 0.748766 0.251234
0 0.71576 0.28424
0 1 0
0 0.443756 0.556244
0 0.466278 0.533722
0 0.463948 0.536052
0 0.0616982 0.938302
0 0.374635 0.625365
0 0.368625 0.631375
0 0.8257 0.1743
0.350553 0 0.649447
0 0.692103 0.307897
0 1 0
0 0.468608 0.531392
0 1 0
0 0.537858 0.462142
0 0.413937 0.586063
0 1 0
0 0.316163 0.683837
0 0.686714 0.313286
0.13405 0 0.86595
0 0.384802 0.615198
0 0.139036 0.860964
0.186794 0 0.813206
0.35689 0 0.64311
0 0.631399 0.368601
0.877854 0 0.122146
0.708896 0 0.291104
0 0.561481 0.438519
0.300238 0 0.699762
0 0.415569 0.584431
0.112413 0 0.887587
0.238725 0 0.761275
0.882804 0 0.117196
0 0.325516 0.674484
0 0.741224 0.258776
0 0.726395 0.273605
0 0.303109 0.696891
0 0.179316 0.820684
0 1 0
0 0.603627 0.396373
0 0.188766 0.811234
0 0.139121 0.860879
0 0.653086 0.346914
0 0.667836 0.332164
0 0.666341 0.333659
0.531265 0 0.468735
0 0.158862 0.841138
0 1 0
0.122056 0 0.877944
0.139545 0 0.860455
0 0.0875446 0.912455
0.339895 0 0.660105
0.816575 0 0.183425
0.12381 0 0.87619
0 1 0
0 1 0
0.59442 0 0.40558
0 1 0
0.427368 0 0.572632
0.322536 0 0.677464
0 1 0
0.310361 0 0.689639
0 0.929628 0.0703722
0 0.352 0.648
0 0.389088 0.610912
0 0.226399 0.773601
0 0.589401 0.410599
0.653149 0 0.346851
0 1 0
0 0.500962 0.499038
0 0.430685 0.569315
0 0.350484 0.649516
0 0.681705 0.318295
0.76204 0 0.23796
0 0.321808 0.678192
0 1 0
0 1 0
0.0709458 0 0.929054
0 0.0460343 0.953966
0 0.35577 0.64423
0 1 0
0 0.326287 0.673713
0 0.348407 0.651593
0 1 0
0 0.251294 0.748706
0 0.832306 0.167694
0.894984 0 0.105016
0 0.694332 0.305668
0 1 0
0 0.375924 0.624076
0 0.345832 0.654168
0 1 0
0 1 0
0 0.105329 0.894671
0 1 0
0 1 0
0 1 0
0 0.051417 0.948583
0.271917 0 0.728083
0 0.82632 0.17368
0.347092 0 0.652908
0 0.372734 0.627266
0 1 0
0 1 0
0 1 0
0 0.901473 0.0985274
0.197425 0 0.802575
0.704633 0 0.295367
0.302262 0 0.697738
0 0.36778 0.63222
0.238145 0 0.761855
0.898049 0 0.101951
0 0.24387 0.75613
0 0.371013 0.628987
0 0.0991145 0.900886
0.360183 0 0.639817
0 0.702497 0.297503
0 0.73043 0.26957
0 0.0407024 0.959298
0 1 0
0 0.78029 0.21971
0 1 0
0 0.217144 0.782856
0 1 0
0 1 0
0 0.716568 0.283432
0.257408 0 0.742592
0 0.796335 0.203665
0.185592 0 0.814408
0 0.624753 0.375247
0 1 0
0 0.117844 0.882156
0 1 0
0 1 0
0 0.30806 0.69194
0 0.360089 0.639911
0 0.0439636 0.956036
0 0.162211 0.837789
0.47541 0 0.52459
0 0.856957 0.143043
0 0.402402 0.597598
0 0.974546 0.0254541
0.0760632 0 0.923937
0 0.746685 0.253315
0 1 0
0 1 0
0 0.567713 0.432287
0 0.408302 0.591698
0 1 0
0 0.306947 0.693053
0 0.527067 0.472933
0 1 0
0 0.68812 0.31188
0.303189 0 0.696811
0 0.675948 0.324052
0 0.629584 0.370416
0 1 0
0.840933 0 0.159067
0.392297 0 0.607703
0 0.0786319 0.921368
0.664097 0 0.335903
0 0.358842 0.641158
0 0.486912 0.513088
0 1 0
0 1 0
0.579605 0 0.420395
0 0.0507631 0.949237
0 1 0
0 0.262475 0.737525
0 0.730113 0.269887
0 0.167945 0.832055
0 0.152275 0.847725
0 0.966514 0.0334865
0.109003 0 0.890997
0.151145 0 0.848855
0.838468 0 0.161532
0.320324 0 0.679676
0.612293 0 0.387707
0.76896 0 0.23104
0 0.292068 0.707932
0.842482 0 0.157518
0.214933 0 0.785067
0 0.772344 0.227656
0.806447 0 0.193553
0 0.375554 0.624446
0 0.199118 0.800882
0 1 0
0 1 0
0 0.927683 0.0723171
0 1 0
0.382001 0 0.617999
0 0.662385 0.337615
0 0.149378 0.850622
0 0.352811 0.647189
0 0.320875 0.679125
0 0.163275 0.836725
0.539318 0 0.460682
0 1.00886 -0.00886395
0 0.479207 0.520793
0 0.107934 0.892066
0 0.336777 0.663223
0 1 0
0 0.399906 0.600094
0 0.0751695 0.92483
0.0703268 0 0.929673
0 1 0
0 1 0
0 0.21135 0.78865
0 0.266084 0.733916
0 0.357104 0.642896
0 1 0
0 1 0
0 1 0
0 1 0
0.426111 0 0.573889
0 0.0637135 0.936287
0 1 0
0.39555 0 0.60445
0 0.46446 0.53554
0 0.374462 0.625538
0 1 0
0 0.347973 0.652027
0 1 0
0 0.0963111 0.903689
0 1 0
0 0.0480099 0.95199
0.674256 0 0.325744
0 0.264455 0.735545
0 1 0
0 0.951197 0.0488029
0 1 0
0 1 0
0 0.908411 0.0915889
0 0.0341362 0.965864
0 0.826619 0.173381
0 1 0
0 1 0
0 0.156599 0.843401
0 0.91232 0.0876798
0.223532 0 0.776468
0 0.28831 0.71169
0.137272 0 0.862728
0.435898 0 0.564102
0 1 0
0 0.321993 0.678007
0.745501 0 0.254499
0 1 0
0 0.721054 0.278946
0.341287 0 0.658713
0 0.767945 0.232055
0 0.765968 0.234032
0 1 0
0 1 0
0 1 0
0 0.204389 0.795611
0 1 0
0.842738 0 0.157262
0 0.907495 0.0925052
0 1 0
0 0.825496 0.174504
0 1 0
0 1 0
0 1 0
0 0.636719 0.363281
0 0.761687 0.238313
0 0.609091 0.390909
0 0.111386 0.888614
0 0.143063 0.856937
0.81664 0 0.18336
0.611197 0 0.388803
0 1 0
0 0.540464 0.459536
0.770534 0 0.229466
0 0.301787 0.698213
0.881658 0 0.118342
0 1 0
0 1 0
0 0.409453 0.590547
0.821986 0 0.178014
0 0.120159 0.879841
0.324692 0 0.675308
0 1 0
0 0.374578 0.625422
0.359949 0 0.640051
0.227142 0 0.772858
0 0.128296 0.871704
0.493689 0 0.506311
0 0.739173 0.260827
0.326518 0 0.673482
0 1 0
0 1 0
0 0.212782 0.787218
0 0.000273465 0.999727
0 1 0
0 0.576604 0.423396
0.709528 0 0.290472
0 0.89355 0.10645
0 0.395984 0.604016
0.906682 0 0.0933178
0.222672 0 0.777328
0 1 0
0.147247 0 0.852753
0 0.879628 0.120372
0 0.411306 0.588694
0 0.11558 0.88442
0 1 0
0 0.332511 0.667489
0.773098 0 0.226902
0 1 0
0 0.0197594 0.980241
0 1 0
0 0.124835 0.875165
0 0.256595 0.743405
0 1 0
0 0.484742 0.515258
0 0.0760657 0.923934
0.678713 0 0.321287
0 1 0
0.848857 0 0.151143
0 1 0
0 0.156886 0.843114
0 1 0
0 1 0
0 1 0
0 1 0
0.18567 0 0.81433
0 0.494468 0.505532
0.101398 0 0.898602
0 0.00383103 0.996169
0 0.346008 0.653992
0 1 0
0 0.398818 0.601182
0 0.304588 0.695412
0 0.417382 0.582618
0 0.568369 0.431631
0.808103 0 0.191897
0.0746893 0 0.925311
0 1 0
0 1 0
0 1.02131 -0.0213127
0 1 0
0 1 0
0 0.558385 0.441615
0 1 0
0 0.190586 0.809414
0 1.00465 -0.00465391
0 0.400424 0.599576
0 1 0
0 1 0
0 1 0
0 0.853682 0.146318
0 0.418024 0.581976
0.259132 0 0.740868
0 0.620289 0.379711
0 1 0
0.631299 0 0.368701
0 1 0
0.865404 0 0.134596
0 1 0
0 1 0
0.362566 0 0.637434
0 0.850523 0.149477
0.583566 0 0.416434
0 1 0
0 0.751584 0.248416
0 0.759336 0.240664
0 0.624648 0.375352
0.185202 0 0.814798
0 0.0513412 0.948659
0 1 0
0.106318 0 0.893682
0 0.274274 0.725726
0 1 0
0 0.374466 0.625534
0 1 0
0 1 0
0.256067 0 0.743933
0 0.322897 0.677103
0.445872 0 0.554128
0.0849274 0 0.915073
0 1 0
0 1 0
0.542449 0 0.457551
0 0.128752 0.871248
0 1 0
0 1 0
0 1 0
0 1 0
0.293589 0 0.706411
0 1 0
0.0920939 0 0.907906
0 0.238876 0.761124
0 1 0
0 0.21386 0.78614
0 0.010466 0.989534
0.338113 0 0.661887
0.32682 0 0.67318
0 0.883547 0.116453
0 0.326861 0.673139
0 1 0
0.270378 0 0.729622
0 0.0600573 0.939943
0 0.824861 0.175139
0.193512 0 0.806488
0 1 0
0 0.368407 0.631593
0.642278 0 0.357722
0 0.0953672 0.904633
0.440757 0 0.559243
0.774435 0 0.225565
0 0.143501 0.856499
0 0.396645 0.603355
0 1 0
0 0.138095 0.861905
0 0.122579 0.877421
0 1 0
0 1 0
0 1 0
0 0.0674401 0.93256
0.163997 0 0.836003
0 1 0
0.372914 0 0.627086
0 1 0
0 1 0
0 1 0
0 1 0
0.495344 0 0.504656
0 0.287857 0.712143
0.414395 0 0.585605
0.685503 0 0.314497
0 1 0
0 0.102719 0.897281
0 0.192333 0.807667
0.372112 0 0.627888
0 1.00559 -0.00559435
0 0.0994778 0.900522
0 1 0
0.646547 0 0.353453
0 0.730279 0.269721
0 1 0
0.615913 0 0.384087
0.885343 0 0.114657
0.469124 0 0.530876
0 1 0
0 1 0
0.295126 0 0.704874
0 0.526951 0.473049
0 1 0
0 0.479659 0.520341
0 1 0
0 0.991106 0.00889423
0.141974 0 0.858026
0 1 0
0 1 0
0 1 0
0 0.766269 0.233731
0 1 0
0 0.319178 0.680822
0 0.299758 0.700242
0 0.919414 0.0805857
0.855839 0 0.144161
0.834492 0 0.165508
0 1 0
0 0.267635 0.732365
0 1 0
0 0.326847 0.673153
0 0.525044 0.474956
0 1 0
0 0.405719 0.594281
0 1 0
0 1 0
0.660173 0 0.339827
0.367789 0 0.632211
0.483828 0 0.516172
0 1 0
0 0.679387 0.320613
0 1 0
0 1 0
0 0.338552 0.661448
0 1 0
0.901006 0 0.0989942
0 0.682905 0.317095
0.191892 0 0.808108
0 0.136356 0.863644
0.199467 0 0.800533
0 0.0907278 0.909272
0 1 0
0 0.00463429 0.995366
0 1 0
0 1 0
0 0.281243 0.718757
0.52444 0 0.47556
0 0.788523 0.211477
0.233406 0 0.766594
0 0.319677 0.680323
0 1 0
0 0.255232 0.744768
0 0.762302 0.237698
0 0.774843 0.225157
0 0.162824 0.837176
0 1 0
0 0.0461102 0.95389
0 0.322296 0.677704
0 0.426339 0.573661
0 0.315353 0.684647
0 0.2965 0.7035
0 0.883143 0.116857
0 1 0
0 1 0
0.902428 0 0.0975717
0 0.0462476 0.953752
0.561646 0 0.438354
0.172344 0 0.827656
0 1 0
0 1 0
0.300873 0 0.699127
0 1 0
0 0.417 0.583
0.495654 0 0.504346
0 0.621998 0.378002
0.874888 0 0.125112
0 1 0
0 1 0
0 1 0
0 1 0
0 1 0
0.252148 0 0.747852
0 0.835278 0.164722
0 0.064598 0.935402
0 0.164875 0.835125
0 1 0
0 0.655251 0.344749
0 0.0786948 0.921305
0.454736 0 0.545264
0 0.982509 0.0174914
0 1 0
0.566902 0 0.433098
0 1 0
0 0.371521 0.628479
0.70861 0 0.29139
0.890689 0 0.109311
0 0.28206 0.71794
0.179654 0 0.820346
0 0.538003 0.461997
0 0.659515 0.340485
0 1 0
0 0.214229 0.785771
0 0.974155 0.0258452
0.625343 0 0.374657
0 0.0853404 0.91466
0.820551 0 0.179449
0 0.521739 0.478261
0 0.102638 0.897362
0.870646 0 0.129354
0 1 0
0 0.719067 0.280933
0 1 0
0 0.0973776 0.902622
0 1 0
0 1 0
0.830012 0 0.169988
0 0.194413 0.805587
0 1 0
0 0.785816 0.214184
0 0.674392 0.325608
0 1 0
0 1 0
0 1 0
0 1 0
0.273968 0 0.726032
0 1 0
0 1 0
0 1 0
0 0.220283 0.779717
0 0.262222 0.737778
0 0.0438468 0.956153
0.0788215 0 0.921178
0.750375 0 0.249625
0 1 0
0 1 0
0 1 0
0.340955 0 0.659045
0 0.111715 0.888285
0 1 0
0 0.0216797 0.97832
0.0679592 0 0.932041
0.308843 0 0.691157
0 0.101615 0.898385
0 1 0
0 1 0
0 1 0
0 1 0
0 0.615634 0.384366
0 0.660653 0.339347
0.85231 0 0.14769
0.59869 0 0.40131
0 0.0932546 0.906745
0 0.0726794 0.927321
0 0.258783 0.741217
0 0.179967 0.820033
0 1 0
0 1 0
0 1 0
0.221634 0 0.778366
0.838673 0 0.161327
0 0.111523 0.888477
0 0.198256 0.801744
0 0.0720877 0.927912
0 1 0
0 1 0
0.468586 0 0.531414
0 0.159935 0.840065
0 1 0
0.541079 0 0.458921
0 0.00883386 0.991166
0.596982 0 0.403018
0.0638692 0 0.936131
0 0.585146 0.414854
0 1 0
0 1 0
0 0.935223 0.0647766
0 1 0
0 1 0
0 1 0
0 0.13119 0.86881
0 0.107338 0.892662
0 1 0
0 1 0
0.433177 0 0.566823
0.168778 0 0.831222
0 0.237706 0.762294
0 1 0
0 0.841595 0.158405
0 0.24268 0.75732
0 0.361942 0.638058
0.270691 0 0.729309
0 1 0
0 0.0727522 0.927248
0 1 0
0 1 0
0 0.356624 0.643376
0 0.557343 0.442657
0 0.184544 0.815456
0.789856 0 0.210144
0 1 0
0 0.865761 0.134239
0.0723052 0 0.927695
0.110931 0 0.889069
0 0.0915467 0.908453
0 0.0119251 0.988075
0 0.414748 0.585252
0.547669 0 0.452331
0 1 0
0 0.580392 0.419608
0 0.231915 0.768085
0 0.872098 0.127902
0 1 0
0.130231 0 0.869769
0.583164 0 0.416836
0 0.790211 0.209789
0 0.607688 0.392312
0 1 0
0.872229 0 0.127771
0 1 0
0.0704229 0 0.929577
0.560937 0 0.439063
0 0.0859852 0.914015
0 1 0
0 1 0
0 0.143267 0.856733
0.730341 0 0.269659
0 0.0516106 0.948389
0 1 0
0 0.502525 0.497475
0.124129 0 0.875871
0 0.124949 0.875051
0 0.716809 0.283191
0 0.80945 0.19055
0 1 0
0 1.01172 -0.0117212
0.124874 0 0.875126
0 0.60107 0.39893
0 1 0
0 1 0
0 1 0
0 0.00508003 0.99492
0 0.408203 0.591797
0 0.143921 0.856079
0.457868 0 0.542132
0.758498 0 0.241502
0 1 0
0 0.466542 0.533458
0 1 0
0 1 0
0 1 0
0 0.00442025 0.99558
0.354428 0 0.645572
0 0.095003 0.904997
0 0.0502014 0.949799
0 1 0
0 0.570156 0.429844
0 1 0
0 0.0686285 0.931372
0 1 0
0 1 0
0.498981 0 0.501019
0 0.28415 0.71585
0 0.447625 0.552375
0 1 0
0 0.636272 0.363728
0 0.195218 0.804782
0 0.0653007 0.934699
0 0.844774 0.155226
0 1 0
0 0.336468 0.663532
0 0.34322 0.65678
0 0.940603 0.059397
0 0.0571256 0.942874
0 0.240972 0.759028
0.437509 0 0.562491
0.737246 0 0.262754
0 1 0
0 1 0
0 1 0
0.167457 0 0.832543
0 1 0
0.0913973 0 0.908603
0.638709 0 0.361291
0 0.776541 0.223459
0 0.480092 0.519908
0 1 0
0 1 0
0.203703 0 0.796297
0 1 0
0 0.134169 0.865831
0 0.333847 0.666153
0.0938786 0 0.906121
0 1 0
0 0.125785 0.874215
0 1 0
0.0922165 0 0.907783
0.624548 0 0.375452
0.609081 0 0.390919
0.0864648 0 0.913535
